(
(0.125 1.01583)
(0.125 1.02409)
(0.125 1.0317)
(0.125 1.02172)
(0.375 1.02631)
(0.375 1.01504)
(0.375 1.01875)
(0.375 1.03481)
(0.625 1.03001)
(0.625 1.02233)
(0.625 1.02202)
(0.625 1.02647)
(0.875 1.01765)
(0.875 1.01628)
(0.875 1.03402)
(0.875 1.01807)
(0.125 1.07669)
(0.125 1.06933)
(0.125 1.08113)
(0.125 1.06781)
(0.375 1.07744)
(0.375 1.06922)
(0.375 1.06513)
(0.375 1.07647)
(0.625 1.08365)
(0.625 1.07181)
(0.625 1.08282)
(0.625 1.07688)
(0.875 1.07286)
(0.875 1.08299)
(0.875 1.0789)
(0.875 1.06957)
(0.125 1.13425)
(0.125 1.11524)
(0.125 1.11722)
(0.125 1.13268)
(0.375 1.11734)
(0.375 1.13002)
(0.375 1.12094)
(0.375 1.12793)
(0.625 1.12353)
(0.625 1.12502)
(0.625 1.12129)
(0.625 1.12374)
(0.875 1.1282)
(0.875 1.12905)
(0.875 1.1305)
(0.875 1.13127)
(0.125 1.1714)
(0.125 1.18465)
(0.125 1.17859)
(0.125 1.16802)
(0.375 1.18252)
(0.375 1.17894)
(0.375 1.17255)
(0.375 1.1763)
(0.625 1.1745)
(0.625 1.17045)
(0.625 1.18379)
(0.625 1.17018)
(0.875 1.1758)
(0.875 1.17796)
(0.875 1.1764)
(0.875 1.17519)
)
