(
(0.00046875 1.0158326069)
(0.0015 1.02408984889)
(0.0024375 1.03169634436)
(0.003375 1.0217197206)
(0.0043125 1.02630978807)
(0.00525 1.01503533825)
(0.0061875 1.01875179034)
(0.007125 1.0348086816)
(0.0080625 1.03000994266)
(0.009 1.02232547276)
(0.0099375 1.02202418196)
(0.010875 1.02646690209)
(0.0118125 1.01765108461)
(0.01275 1.01628332951)
(0.0136875 1.03401707467)
(0.014625 1.0180712021)
(0.0155625 1.07669298733)
(0.0165 1.0693317624)
(0.0174375 1.08113003436)
(0.018375 1.06780945955)
(0.0193125 1.07744117514)
(0.02025 1.06921785554)
(0.0211875 1.0651315577)
(0.022125 1.0764659719)
(0.0230625 1.08365328403)
(0.024 1.07180653067)
(0.0249375 1.0828216127)
(0.025875 1.07687745107)
(0.0268125 1.07285792934)
(0.02775 1.0829864653)
(0.0286875 1.07889988301)
(0.029625 1.06957205384)
(0.0305625 1.13424918698)
(0.0315 1.11524107595)
(0.0324375 1.11721914501)
(0.033375 1.13268192989)
(0.0343125 1.11733511782)
(0.03525 1.1300184519)
(0.0361875 1.12093867137)
(0.037125 1.12793383439)
(0.0380625 1.12353159743)
(0.039 1.12501882025)
(0.0399375 1.12129154437)
(0.040875 1.12373568589)
(0.0418125 1.12820071222)
(0.04275 1.12905091423)
(0.0436875 1.13049618386)
(0.044625 1.13126533176)
(0.0455625 1.17139630364)
(0.0465 1.18464653485)
(0.0474375 1.17859265426)
(0.048375 1.16801949562)
(0.0493125 1.18252054184)
(0.05025 1.17893517218)
(0.0511875 1.17254731842)
(0.052125 1.17629670458)
(0.0530625 1.17449984411)
(0.054 1.17044981839)
(0.0549375 1.18378656008)
(0.055875 1.17018121007)
(0.0568125 1.17580367899)
(0.05775 1.17795559105)
(0.0586875 1.17639550728)
(0.059625 1.17519130568)
)
