(
(0.00046875 1.015832606895438)
(0.00140625 1.024089848894572)
(0.00234375 1.031696344363338)
(0.00328125 1.021719720602904)
(0.00421875 1.026309788071322)
(0.005156249999999999 1.015035338247835)
(0.00609375 1.018751790339999)
(0.007031249999999999 1.034808681598753)
(0.00796875 1.03000994266459)
(0.008906250000000001 1.022325472763055)
(0.00984375 1.022024181955818)
(0.01078125 1.026466902089114)
(0.01171875 1.017651084606204)
(0.01265625 1.016283329508037)
(0.01359375 1.034017074673038)
(0.014531249999999999 1.018071202102003)
(0.01546875 1.076692987330622)
(0.01640625 1.069331762397178)
(0.017343749999999998 1.081130034356728)
(0.01828125 1.06780945954526)
(0.01921875 1.07744117513899)
(0.02015625 1.069217855540129)
(0.02109375 1.065131557696289)
(0.02203125 1.076465971902583)
(0.02296875 1.08365328402579)
(0.02390625 1.07180653067419)
(0.02484375 1.082821612704576)
(0.02578125 1.076877451066785)
(0.02671875 1.072857929336165)
(0.02765625 1.082986465304281)
(0.02859375 1.078899883011978)
(0.029531250000000002 1.069572053844771)
(0.03046875 1.134249186981554)
(0.03140625 1.115241075952628)
(0.032343750000000004 1.117219145009708)
(0.03328125 1.132681929892334)
(0.034218750000000006 1.117335117817178)
(0.03515625 1.130018451901798)
(0.036093749999999994 1.120938671374114)
(0.03703125 1.127933834388663)
(0.037968749999999996 1.123531597426591)
(0.03890625 1.12501882024924)
(0.03984375 1.121291544371969)
(0.040781250000000005 1.123735685890308)
(0.04171875 1.128200712215668)
(0.04265625 1.129050914229208)
(0.04359375 1.130496183855487)
(0.044531249999999994 1.131265331762374)
(0.04546875 1.171396303641312)
(0.046406249999999996 1.184646534848765)
(0.047343750000000004 1.178592654255246)
(0.04828125 1.16801949562085)
(0.049218750000000006 1.182520541838594)
(0.05015625 1.178935172178493)
(0.05109375 1.172547318419206)
(0.05203125 1.176296704584206)
(0.052968749999999995 1.174499844114177)
(0.05390625 1.170449818385631)
(0.05484375 1.18378656007671)
(0.055781250000000004 1.170181210074837)
(0.05671875 1.175803678993569)
(0.057656250000000006 1.177955591047529)
(0.05859375 1.176395507277601)
(0.059531249999999994 1.175191305681352)
)
