/*--------------------------------*- C++ -*----------------------------------*\
| =========                 |                                                 |
| \\      /  F ield         | OpenFOAM: The Open Source CFD Toolbox           |
|  \\    /   O peration     | Version:  5.0                                   |
|   \\  /    A nd           | Web:      www.OpenFOAM.org                      |
|    \\/     M anipulation  |                                                 |
\*---------------------------------------------------------------------------*/
FoamFile
{
    version     2.0;
    format      ascii;
    class       faceList;
    location    "constant/polyMesh";
    object      faces;
}
// * * * * * * * * * * * * * * * * * * * * * * * * * * * * * * * * * * * * * //


51
(
4(4 5 7 6)
4(8 9 11 10)
4(12 13 15 14)
4(16 17 19 18)
4(20 21 23 22)
4(24 25 27 26)
4(28 29 31 30)
4(32 33 35 34)
4(36 37 39 38)
4(0 4 6 2)
4(4 8 10 6)
4(8 12 14 10)
4(12 16 18 14)
4(16 20 22 18)
4(20 24 26 22)
4(24 28 30 26)
4(28 32 34 30)
4(32 36 38 34)
4(36 40 42 38)
4(1 3 7 5)
4(5 7 11 9)
4(9 11 15 13)
4(13 15 19 17)
4(17 19 23 21)
4(21 23 27 25)
4(25 27 31 29)
4(29 31 35 33)
4(33 35 39 37)
4(37 39 43 41)
4(40 41 43 42)
4(0 2 3 1)
4(0 1 5 4)
4(4 5 9 8)
4(8 9 13 12)
4(12 13 17 16)
4(16 17 21 20)
4(20 21 25 24)
4(24 25 29 28)
4(28 29 33 32)
4(32 33 37 36)
4(36 37 41 40)
4(2 6 7 3)
4(6 10 11 7)
4(10 14 15 11)
4(14 18 19 15)
4(18 22 23 19)
4(22 26 27 23)
4(26 30 31 27)
4(30 34 35 31)
4(34 38 39 35)
4(38 42 43 39)
)


// ************************************************************************* //
