/*--------------------------------*- C++ -*----------------------------------*\
| =========                 |                                                 |
| \\      /  F ield         | OpenFOAM: The Open Source CFD Toolbox           |
|  \\    /   O peration     | Version:  5.0                                   |
|   \\  /    A nd           | Web:      www.OpenFOAM.org                      |
|    \\/     M anipulation  |                                                 |
\*---------------------------------------------------------------------------*/
FoamFile
{
    version     2.0;
    format      ascii;
    class       volScalarField;
    location    "0";
    object      k;
}
// * * * * * * * * * * * * * * * * * * * * * * * * * * * * * * * * * * * * * //

dimensions      [0 2 -2 0 0 0 0];

internalField   nonuniform List<scalar> 
7200
(
1.56496e-05
1.66653e-05
2.23635e-05
2.50688e-05
2.51273e-05
3.80306e-05
6.28448e-05
6.20121e-05
4.79043e-05
3.94146e-05
3.35526e-05
3.38568e-05
2.71966e-05
1.96381e-05
2.91949e-05
4.94464e-05
4.8489e-05
4.28564e-05
5.48679e-05
7.37475e-05
1.8693e-05
2.04454e-05
2.60185e-05
2.77307e-05
2.52083e-05
3.11067e-05
5.60876e-05
5.73469e-05
4.69924e-05
3.76458e-05
3.51441e-05
3.46483e-05
3.25307e-05
1.78688e-05
1.65063e-05
2.49828e-05
2.67017e-05
2.27231e-05
3.05667e-05
4.57361e-05
1.67884e-05
1.85791e-05
2.43015e-05
1.741e-05
1.47076e-05
1.48031e-05
2.34936e-05
2.57534e-05
2.98682e-05
2.32692e-05
1.982e-05
1.84176e-05
2.32806e-05
2.31809e-05
1.30075e-05
7.14519e-06
7.72782e-06
1.07478e-05
7.49418e-06
4.14333e-06
2.40097e-05
2.05753e-05
3.16642e-05
1.65588e-05
8.02394e-06
6.34007e-06
1.53905e-05
1.26301e-05
9.2236e-06
7.84703e-06
8.89943e-06
1.31967e-05
5.93195e-06
6.0711e-06
9.79164e-06
9.09776e-06
8.62672e-06
8.21256e-06
6.17909e-06
2.87339e-06
4.41259e-05
2.41292e-05
3.017e-05
1.52286e-05
7.21135e-06
6.9233e-06
2.57203e-05
1.06115e-05
1.00992e-05
8.43236e-06
4.76256e-06
7.33719e-06
6.85417e-06
4.91087e-06
7.19786e-06
6.6729e-06
9.85185e-06
9.69719e-06
5.95187e-06
3.70143e-06
2.7839e-05
3.04333e-05
1.91694e-05
1.71226e-05
1.11194e-05
9.30792e-06
1.33085e-05
1.6348e-05
5.65817e-06
1.03864e-05
7.44384e-06
1.0196e-05
7.90558e-06
3.76516e-06
3.66086e-06
5.67092e-06
8.79999e-06
4.66375e-06
3.5481e-06
7.46132e-06
2.59726e-05
2.24755e-05
1.32143e-05
1.04516e-05
1.5237e-05
8.24502e-06
7.42395e-06
1.58821e-05
1.41439e-05
7.53463e-06
1.13487e-05
1.29647e-05
9.46811e-06
9.27504e-06
6.10066e-06
4.48716e-06
3.50816e-06
3.07072e-06
2.93329e-06
5.01356e-06
8.06305e-06
7.88171e-06
1.51933e-05
1.86535e-05
1.658e-05
1.79298e-05
1.7619e-05
1.07799e-05
1.32141e-05
1.67097e-05
1.34978e-05
3.04982e-05
3.02845e-05
1.3326e-05
7.01062e-06
1.02227e-05
5.87016e-06
4.1404e-06
4.87029e-06
1.07705e-05
7.62383e-06
1.98287e-06
1.59051e-06
1.98918e-05
3.14512e-05
2.86484e-05
2.00086e-05
8.02492e-06
9.49389e-06
9.17374e-06
4.67393e-06
1.02278e-05
1.74627e-05
1.37868e-05
8.56288e-06
1.06585e-05
9.14097e-06
9.25934e-06
7.93135e-06
6.06217e-06
3.04273e-06
1.7238e-06
1.02597e-06
2.97085e-06
4.03585e-06
3.18081e-06
1.54175e-06
1.7606e-06
2.0384e-06
1.99003e-06
4.05781e-06
5.03218e-06
2.90521e-06
5.43007e-06
1.06674e-05
1.50021e-05
6.85505e-06
4.86256e-06
4.05894e-06
2.60117e-06
2.71859e-06
1.60193e-06
1.80421e-06
1.36922e-06
1.36272e-06
1.68657e-06
1.82115e-06
2.81674e-06
3.14772e-06
2.47968e-06
1.34268e-06
1.50719e-06
8.25016e-07
1.61854e-06
2.76445e-06
2.6509e-06
2.8819e-06
1.32529e-06
1.95406e-06
2.02509e-06
3.13266e-06
2.6705e-06
2.136e-06
1.6479e-06
1.59256e-06
2.1128e-06
2.73018e-06
2.67355e-06
9.74984e-07
1.25445e-06
1.07218e-06
7.96094e-07
8.79659e-07
1.04778e-06
1.54749e-06
1.73149e-06
2.62545e-06
2.02481e-06
1.26557e-06
9.61293e-07
9.68347e-05
9.90412e-05
5.414e-05
3.33041e-05
3.10633e-05
3.71199e-05
4.59434e-05
3.67541e-05
3.11825e-05
3.25732e-05
4.15426e-05
4.7768e-05
3.63766e-05
2.88426e-05
3.20054e-05
4.7362e-05
5.22221e-05
5.97226e-05
6.7104e-05
7.30119e-05
8.14283e-05
0.00010106
5.07673e-05
2.74816e-05
2.22253e-05
2.4737e-05
3.46716e-05
3.70748e-05
2.07959e-05
2.24443e-05
3.98214e-05
4.81516e-05
5.76763e-05
4.38228e-05
2.39437e-05
3.23485e-05
2.22983e-05
2.16905e-05
3.08278e-05
6.07915e-05
5.19609e-05
8.21401e-05
4.1328e-05
1.79547e-05
1.10547e-05
8.01173e-06
1.10651e-05
1.69328e-05
1.50342e-05
1.92125e-05
1.71279e-05
1.6865e-05
2.06496e-05
3.58094e-05
4.38386e-05
1.19381e-05
1.75857e-05
1.32372e-05
9.15131e-06
6.85428e-06
1.86457e-05
2.72469e-05
2.59082e-05
1.42552e-05
1.51741e-05
5.69382e-06
7.98818e-06
3.86033e-06
3.41309e-06
5.79211e-06
9.07616e-06
1.09907e-05
1.0087e-05
2.64916e-06
5.8077e-06
1.48488e-05
1.43168e-05
1.00102e-05
5.70762e-06
5.94591e-06
1.89862e-05
1.26577e-05
2.25024e-05
1.33932e-05
1.23968e-05
1.39318e-05
1.1267e-05
7.08251e-06
3.63448e-06
3.80261e-06
7.67483e-06
9.30182e-06
1.08231e-05
4.37984e-06
3.34329e-06
6.31063e-06
8.33751e-06
1.14088e-05
5.95183e-06
1.28254e-05
1.06083e-05
8.61232e-06
9.28988e-06
1.21824e-05
1.16539e-05
1.96268e-05
1.61029e-05
1.8727e-05
1.22044e-05
1.08637e-05
6.03137e-06
2.41377e-05
1.90033e-05
8.39456e-06
6.47762e-06
8.36394e-06
1.06526e-05
2.99627e-06
4.58613e-06
5.06341e-06
9.35215e-06
7.88769e-06
9.27717e-06
1.14725e-05
1.32332e-05
2.69314e-05
8.74173e-06
8.62419e-06
7.45356e-06
8.47081e-06
1.4657e-05
2.1428e-05
6.43468e-06
1.27642e-05
9.11844e-06
9.26395e-06
1.38018e-05
9.58063e-06
4.61568e-06
7.23106e-06
7.3436e-06
5.62953e-06
4.99277e-06
1.40077e-05
2.37342e-05
1.83414e-05
1.09461e-05
1.28216e-05
1.53965e-05
9.87944e-06
9.26093e-06
1.62971e-05
1.05842e-05
4.80274e-06
5.13331e-06
9.2729e-06
1.92083e-05
6.49622e-06
6.04149e-06
6.5693e-06
5.89471e-06
2.85928e-06
3.37102e-06
1.05183e-05
2.34125e-05
2.23966e-05
1.48472e-05
1.20546e-05
1.49264e-05
7.14702e-06
3.37162e-06
7.06817e-06
5.68929e-06
3.45064e-06
6.10304e-06
4.34695e-06
2.11243e-06
6.09243e-06
5.25773e-06
5.99641e-06
2.17981e-06
2.02683e-06
3.28463e-06
4.77653e-06
1.11815e-05
6.7348e-06
4.27815e-06
3.38566e-06
3.88145e-06
4.17653e-06
5.98868e-06
7.43178e-06
4.40532e-06
3.14368e-06
2.49692e-06
3.03506e-06
2.76611e-06
3.70621e-06
3.51278e-06
5.40259e-06
8.38729e-07
6.37716e-07
1.30761e-06
1.48786e-06
1.21069e-06
1.44968e-06
1.67222e-06
1.50828e-06
2.3934e-06
5.01549e-06
4.21681e-06
3.86129e-06
1.26813e-06
1.28939e-06
1.57181e-06
6.93758e-07
8.93941e-07
1.64789e-06
1.27034e-06
2.34662e-06
1.42427e-06
1.85474e-06
1.75693e-06
1.35155e-06
9.70962e-07
1.73141e-06
1.89779e-06
7.89535e-07
1.13367e-06
7.84224e-07
1.09126e-06
1.4867e-06
1.25781e-06
1.11128e-06
9.04624e-07
1.73959e-06
1.58718e-06
1.0694e-06
1.12389e-06
1.09268e-06
5.86702e-05
7.26863e-05
4.58522e-05
2.06202e-05
1.76112e-05
1.79262e-05
1.97311e-05
3.61658e-05
5.67058e-05
6.03353e-05
5.44568e-05
6.02204e-05
7.5366e-05
9.92885e-05
0.000105726
8.78956e-05
9.55262e-05
7.11117e-05
3.86539e-05
4.19934e-05
5.50404e-05
9.46517e-05
8.25742e-05
2.58587e-05
2.00102e-05
1.5541e-05
1.60565e-05
2.49625e-05
4.31773e-05
3.84042e-05
3.17622e-05
3.16723e-05
3.65429e-05
6.81322e-05
7.47874e-05
5.96853e-05
7.70184e-05
8.54421e-05
5.14718e-05
4.76965e-05
4.09431e-05
6.73868e-05
7.38877e-05
6.1504e-05
3.4395e-05
1.5375e-05
1.26343e-05
1.13211e-05
1.27383e-05
1.5426e-05
6.40362e-06
4.28131e-06
2.46345e-06
5.41617e-06
5.09352e-06
2.04035e-05
7.32553e-06
3.06867e-05
4.27407e-05
2.78512e-05
7.87183e-06
1.17406e-05
3.44113e-05
1.55939e-05
6.48736e-06
8.8573e-06
9.18296e-06
6.38695e-06
3.96076e-06
2.96023e-06
2.60767e-06
2.4677e-06
3.15418e-06
4.04254e-06
4.38176e-06
3.69242e-06
2.45115e-06
5.72273e-06
9.10738e-06
2.11265e-05
6.84985e-06
1.55695e-05
1.66184e-05
1.87715e-05
6.2004e-06
7.37487e-06
4.76877e-06
2.61878e-06
1.33825e-06
3.74269e-06
4.59009e-06
6.31095e-06
5.80997e-06
2.76309e-06
3.9163e-06
4.03269e-06
2.88158e-06
3.88716e-06
7.51688e-06
5.98945e-06
1.01253e-05
7.68866e-06
8.91784e-06
6.23486e-06
5.60717e-06
7.52167e-06
4.92363e-06
5.16505e-06
5.05831e-06
3.39597e-06
7.584e-06
7.20259e-06
7.88815e-06
3.79842e-06
5.00418e-06
5.27604e-06
7.76071e-06
3.31786e-06
4.7741e-06
3.95967e-06
7.3689e-06
4.5559e-06
4.42377e-06
4.6973e-06
3.89436e-06
4.19561e-06
3.64208e-06
5.0755e-06
5.63721e-06
7.73919e-06
5.63955e-06
5.93741e-06
7.72139e-06
2.77962e-06
5.01295e-06
1.11613e-05
7.68038e-06
5.50565e-06
2.9668e-06
2.60391e-06
6.07509e-06
4.76062e-06
2.85664e-06
3.6244e-06
6.53958e-06
5.60481e-06
2.81166e-06
4.95461e-06
4.60817e-06
6.67681e-06
9.51388e-06
8.66785e-06
5.79897e-06
2.06317e-06
2.20843e-06
5.97485e-06
3.26265e-06
4.43666e-06
3.78783e-06
2.85496e-06
2.30306e-06
2.77426e-06
3.25794e-06
2.78973e-06
3.78116e-06
3.07872e-06
3.19201e-06
4.22646e-06
7.37959e-06
6.37119e-06
3.20842e-06
3.54908e-06
3.36808e-06
1.65895e-06
3.43036e-06
3.17942e-06
1.71752e-06
2.4286e-06
2.60124e-06
2.04763e-06
2.81678e-06
2.93757e-06
2.68452e-06
3.09633e-06
1.97274e-06
1.24711e-06
1.48348e-06
2.19388e-06
2.39616e-06
2.03115e-06
2.30448e-06
3.79321e-06
3.47988e-06
3.43868e-06
3.53219e-06
1.29578e-06
1.24159e-06
1.60435e-06
1.86116e-06
2.69467e-06
7.9603e-07
9.77313e-07
1.80983e-06
2.04931e-06
1.69798e-06
1.5482e-06
1.12762e-06
1.15143e-06
2.08177e-06
2.72517e-06
5.70132e-06
6.30624e-06
4.15326e-06
2.10324e-06
2.39163e-06
2.12061e-06
9.48387e-07
8.20215e-07
8.78633e-07
1.72295e-06
7.76495e-07
8.67921e-07
1.02867e-06
1.32869e-06
1.24345e-06
1.1489e-06
9.78663e-07
9.18646e-07
8.95426e-07
8.30665e-07
1.2319e-06
2.46605e-06
1.48025e-06
1.18759e-06
1.1172e-06
7.04483e-07
5.75708e-07
5.40212e-07
6.78945e-07
1.07153e-06
9.02489e-05
0.00011632
6.84539e-05
2.10645e-05
2.38788e-05
3.62005e-05
3.12087e-05
2.93755e-05
4.14833e-05
4.83331e-05
4.94094e-05
6.07723e-05
7.92288e-05
0.000102611
8.9502e-05
8.13439e-05
9.45312e-05
9.02477e-05
7.78333e-05
9.73332e-05
8.45927e-05
0.000129277
7.83771e-05
2.52026e-05
1.65927e-05
2.57946e-05
2.55482e-05
2.14317e-05
3.15261e-05
3.17193e-05
2.81625e-05
2.86517e-05
4.09537e-05
6.35318e-05
6.24641e-05
4.87896e-05
5.51295e-05
5.90797e-05
4.94631e-05
7.13756e-05
2.4079e-05
8.97258e-05
0.000116812
2.90354e-05
1.23031e-05
1.20971e-05
1.23975e-05
9.60354e-06
1.16274e-05
1.08362e-05
4.43158e-06
2.7073e-06
4.19602e-06
7.95187e-06
7.54508e-06
4.99925e-06
3.3887e-06
7.97253e-06
9.4999e-06
6.29492e-06
2.83876e-05
6.38128e-05
8.77692e-05
4.27537e-05
2.42165e-05
9.17646e-06
6.49598e-06
5.63782e-06
1.06161e-05
1.09083e-05
5.80638e-06
2.93435e-06
2.93556e-06
2.85545e-06
6.20889e-06
4.64895e-06
4.81711e-06
7.1907e-06
5.73041e-06
1.11896e-05
3.19032e-05
4.45505e-05
5.57691e-05
5.00046e-05
1.90972e-05
1.40826e-05
6.21048e-06
3.52003e-06
4.62976e-06
4.18998e-06
5.68686e-06
3.46992e-06
3.92187e-06
2.39462e-06
4.61475e-06
4.89918e-06
3.62884e-06
6.42616e-06
4.58836e-06
8.03088e-06
2.97171e-05
3.98302e-05
2.32235e-05
1.56776e-05
5.87275e-06
6.74958e-06
4.15962e-06
4.36356e-06
4.76613e-06
3.22231e-06
4.23186e-06
6.77448e-06
6.79507e-06
3.57749e-06
3.93141e-06
1.10476e-05
8.30205e-06
7.05782e-06
2.72345e-06
5.19537e-06
2.13146e-05
1.11724e-05
9.96378e-06
1.11877e-05
4.68653e-06
3.20975e-06
2.6771e-06
3.48341e-06
4.89705e-06
4.92945e-06
5.05467e-06
6.36204e-06
6.49467e-06
3.45949e-06
4.73391e-06
1.16086e-05
1.35627e-05
4.02382e-06
5.14912e-06
1.76632e-06
1.99932e-05
1.2502e-05
3.80924e-06
4.341e-06
4.54458e-06
4.24725e-06
3.01015e-06
2.84527e-06
5.28236e-06
7.23866e-06
7.01695e-06
8.02029e-06
7.888e-06
2.23172e-06
3.23008e-06
3.67815e-06
5.91261e-06
2.58473e-06
2.77324e-06
2.01223e-06
6.59984e-06
4.35289e-06
4.04105e-06
4.11305e-06
2.79647e-06
3.1198e-06
3.38243e-06
2.46734e-06
5.48013e-06
6.47398e-06
2.52099e-06
2.28576e-06
2.23838e-06
1.37173e-06
2.74677e-06
3.81981e-06
1.42014e-06
1.65775e-06
1.801e-06
1.63122e-06
1.50797e-06
1.26328e-06
1.60086e-06
2.41961e-06
1.57342e-06
8.7043e-07
1.23986e-06
2.83097e-06
2.9376e-06
2.75783e-06
2.89236e-06
5.04907e-06
4.82556e-06
3.48284e-06
4.51826e-06
4.18064e-06
8.65948e-07
1.3655e-06
1.77546e-06
2.17033e-06
8.78706e-07
9.34913e-07
1.12703e-06
1.4998e-06
2.16885e-06
1.62944e-06
1.11858e-06
1.51018e-06
1.70282e-06
2.58461e-06
4.57001e-06
5.70449e-06
2.70259e-06
3.31882e-06
3.4331e-06
2.30029e-06
7.87109e-07
7.18373e-07
9.02677e-07
1.76381e-06
7.9939e-07
8.61104e-07
6.7621e-07
9.11149e-07
9.92112e-07
9.25571e-07
8.3309e-07
1.25228e-06
9.14046e-07
1.36311e-06
1.92891e-06
1.68999e-06
1.46083e-06
1.22134e-06
1.12988e-06
6.48852e-07
4.27874e-07
6.30904e-07
6.02754e-07
1.06594e-06
1.97441e-05
2.42159e-05
2.63424e-05
5.10956e-05
4.16334e-05
3.84271e-05
3.81865e-05
2.64723e-05
2.14947e-05
1.93209e-05
2.13248e-05
2.64626e-05
3.02372e-05
2.61529e-05
1.79842e-05
2.03622e-05
2.64754e-05
3.94115e-05
5.01353e-05
4.64995e-05
4.59765e-05
3.15183e-05
3.10708e-05
6.18888e-05
7.31033e-05
3.88885e-05
4.16319e-05
3.46462e-05
3.08374e-05
1.98447e-05
1.91817e-05
1.35646e-05
3.29762e-05
1.69844e-05
1.44598e-05
1.54586e-05
1.38324e-05
1.69279e-05
3.87299e-05
2.51024e-05
4.18095e-05
3.64629e-05
2.86881e-05
3.35556e-05
8.31773e-05
5.51639e-05
1.72224e-05
2.45362e-05
2.33901e-05
2.79765e-05
9.27937e-06
9.65068e-06
1.27226e-05
1.60043e-05
1.20414e-05
1.06011e-05
1.03103e-05
6.78985e-06
9.34623e-06
8.26874e-06
2.66037e-05
3.43474e-05
1.9393e-05
2.63285e-05
6.8571e-05
5.64558e-05
3.47456e-05
1.53238e-05
1.45601e-05
3.21019e-05
2.19387e-05
1.68945e-05
7.58176e-06
9.4871e-06
6.87686e-06
4.81738e-06
4.78498e-06
6.16546e-06
6.24163e-06
6.83526e-06
2.38402e-05
2.27749e-05
1.57839e-05
2.85302e-05
2.3092e-05
2.8568e-05
1.66085e-05
2.29043e-05
1.2499e-05
2.43715e-05
7.32332e-06
1.70072e-05
1.67446e-05
1.46389e-05
7.61308e-06
7.28409e-06
8.02519e-06
5.40601e-06
4.64315e-06
4.02331e-06
3.43616e-05
1.49234e-05
1.25348e-05
1.25287e-05
8.08261e-06
7.48461e-06
1.91202e-05
8.41444e-06
1.45841e-05
1.42072e-05
1.08746e-05
1.28001e-05
1.7704e-05
2.42971e-05
1.19886e-05
1.08311e-05
1.60352e-05
1.19402e-05
1.4454e-05
5.91127e-06
2.09869e-05
1.80955e-05
1.18689e-05
9.89419e-06
2.74765e-06
2.27238e-06
5.84509e-06
6.47156e-06
7.15327e-06
1.12194e-05
6.10524e-06
6.20452e-06
1.17263e-05
1.75224e-05
1.30781e-05
1.50577e-05
1.18492e-05
7.98252e-06
4.46027e-06
7.1409e-06
2.69536e-05
3.53241e-05
2.12083e-05
3.9349e-06
1.14695e-06
2.35732e-06
1.90309e-06
3.51314e-06
1.73838e-06
4.27888e-06
2.59168e-06
6.16085e-06
6.29594e-06
4.66448e-06
4.12324e-06
6.90294e-06
6.10534e-06
6.31599e-06
4.24205e-06
3.88921e-06
9.59209e-06
1.34996e-05
4.07874e-06
1.45517e-06
1.70486e-06
1.4991e-06
1.31446e-06
2.1827e-06
4.2769e-06
3.94549e-06
5.0729e-06
5.38483e-06
5.29117e-06
4.7006e-06
3.33168e-06
3.51825e-06
2.79789e-06
1.74675e-06
2.26055e-06
3.26463e-06
1.39524e-06
1.68366e-06
1.11121e-06
1.08605e-06
2.37323e-06
1.91685e-06
1.61111e-06
1.42712e-06
2.75559e-06
2.62367e-06
2.18518e-06
2.98622e-06
8.88461e-07
1.55564e-06
2.73521e-06
1.27198e-06
6.49071e-07
9.57471e-07
1.86819e-06
2.17444e-06
1.05571e-06
7.31369e-07
7.72596e-07
1.43621e-06
2.43623e-06
1.29266e-06
1.48154e-06
1.81225e-06
2.36017e-06
3.02849e-06
3.31118e-06
8.15775e-07
1.21725e-06
1.66053e-06
1.75153e-06
1.10638e-06
4.86722e-07
3.27298e-07
1.24416e-06
1.90139e-06
7.71068e-07
5.60044e-07
3.6672e-07
4.44407e-07
7.85693e-07
7.00831e-07
1.01305e-06
1.08455e-06
9.82896e-07
1.24567e-06
1.57806e-06
1.58719e-06
1.36427e-06
8.54491e-07
1.11558e-06
1.04622e-06
8.30703e-07
2.12404e-07
4.0506e-07
8.24154e-07
3.36977e-05
7.61419e-05
0.000102298
4.41864e-05
2.37545e-05
3.77277e-05
3.62779e-05
2.10372e-05
2.10551e-05
2.20683e-05
3.22197e-05
3.67771e-05
2.48755e-05
2.16881e-05
2.24685e-05
1.78633e-05
1.99716e-05
2.84692e-05
2.93683e-05
3.06297e-05
2.37661e-05
5.57437e-05
9.00992e-05
6.12109e-05
2.83285e-05
5.35069e-05
5.23869e-05
2.13316e-05
2.19635e-05
2.40673e-05
3.46637e-05
4.32806e-05
2.93382e-05
2.14907e-05
1.94607e-05
1.53931e-05
1.68323e-05
3.24303e-05
3.10435e-05
2.16758e-05
2.26465e-05
1.15486e-05
6.35923e-06
3.17262e-05
3.03624e-05
2.38608e-05
5.69003e-05
3.957e-05
2.56643e-05
1.62698e-05
1.57241e-05
2.6655e-05
3.15116e-05
2.07848e-05
1.35462e-05
7.81157e-06
1.01211e-05
1.30688e-05
2.56827e-05
2.20621e-05
1.60875e-05
1.83633e-05
1.65044e-05
1.16682e-05
2.33831e-05
4.96236e-05
9.51936e-05
8.64427e-05
3.61774e-05
3.28114e-05
1.58465e-05
1.87171e-05
2.12605e-05
2.19623e-05
3.87205e-05
1.83746e-05
9.23378e-06
1.166e-05
2.72559e-05
1.63402e-05
1.03985e-05
1.8431e-05
2.49628e-05
9.37215e-06
2.45599e-05
4.51945e-05
6.61063e-05
8.74041e-05
5.25293e-05
2.32794e-05
1.39489e-05
1.93874e-05
2.05017e-05
2.25659e-05
2.69925e-05
1.77651e-05
1.30116e-05
1.23742e-05
2.25212e-05
2.06889e-05
1.04819e-05
2.10852e-05
2.56277e-05
7.29864e-06
1.56305e-05
1.49861e-05
2.1465e-05
3.00116e-05
3.29684e-05
2.69818e-05
1.25845e-05
1.61968e-05
1.76591e-05
3.38487e-05
2.1018e-05
1.30889e-05
2.24229e-05
1.53033e-05
9.49456e-06
7.63866e-06
1.87428e-05
2.17617e-05
1.85792e-05
1.62562e-05
1.28206e-05
1.35515e-05
1.02537e-05
1.69413e-05
1.91023e-05
1.77961e-05
1.0081e-05
5.62109e-06
7.60371e-06
1.33521e-05
8.46378e-06
8.25804e-06
1.40516e-05
1.37883e-05
8.84207e-06
4.54632e-06
1.16686e-05
6.64228e-06
5.09079e-06
1.197e-05
1.53226e-05
3.26485e-06
4.48722e-06
1.09095e-05
1.96495e-05
2.6109e-05
9.13049e-06
3.58746e-06
6.18317e-06
7.20826e-06
6.03638e-06
2.98648e-06
9.67784e-06
1.12207e-05
8.39682e-06
3.5798e-06
2.61859e-06
1.79744e-06
2.17352e-06
2.06276e-06
2.13514e-06
2.58801e-06
2.37518e-06
3.53716e-06
1.94776e-05
2.0956e-05
4.51625e-06
4.26549e-06
6.5186e-06
6.33286e-06
3.56927e-06
2.87609e-06
2.64294e-06
2.37465e-06
2.54034e-06
2.53439e-06
2.20235e-06
1.77225e-06
5.75899e-07
9.87258e-07
6.36335e-07
4.37183e-07
6.1137e-07
1.22278e-06
2.12406e-06
2.46517e-06
1.42184e-06
1.76234e-06
2.16989e-06
2.43663e-06
1.95616e-06
1.47878e-06
1.40983e-06
6.41911e-07
1.35895e-06
1.75219e-06
4.45186e-07
4.4775e-07
5.5723e-07
7.3913e-07
8.69925e-07
5.15071e-07
5.3968e-07
1.63726e-06
1.79217e-06
4.51397e-07
6.15518e-07
5.38424e-07
5.91136e-07
6.22928e-07
3.69296e-07
8.92128e-07
9.03954e-07
4.76143e-07
1.11269e-06
1.83933e-06
4.97295e-07
4.12484e-07
4.56247e-07
8.02461e-07
8.8739e-07
7.94129e-07
7.91654e-07
4.95191e-07
7.71013e-07
8.14323e-07
6.02977e-07
8.7141e-07
7.0241e-07
8.33317e-07
7.38998e-07
8.12185e-07
8.35324e-07
5.86311e-07
7.50449e-07
1.12542e-06
1.82043e-05
2.68341e-05
4.66891e-05
3.83753e-05
4.63121e-05
7.79865e-05
6.84119e-05
3.96463e-05
5.1486e-05
4.76526e-05
4.94567e-05
4.56274e-05
3.19075e-05
3.39837e-05
3.46494e-05
1.92545e-05
2.73669e-05
4.81306e-05
4.84187e-05
2.65098e-05
1.8166e-05
2.68623e-05
4.8834e-05
4.26438e-05
4.71531e-05
7.43949e-05
8.16626e-05
3.69739e-05
4.93811e-05
4.96619e-05
5.9565e-05
4.9475e-05
3.3388e-05
3.34847e-05
3.90006e-05
1.74019e-05
2.0132e-05
4.04316e-05
5.72962e-05
3.48199e-05
2.63761e-05
2.07695e-05
1.81421e-05
1.85823e-05
1.67453e-05
1.66863e-05
4.7882e-05
3.97675e-05
2.773e-05
1.65933e-05
2.17271e-05
3.01496e-05
2.82846e-05
2.34756e-05
3.40645e-05
1.6186e-05
1.83285e-05
1.18394e-05
2.51917e-05
3.60899e-05
4.46074e-05
3.36682e-05
2.12019e-05
2.33229e-05
1.04568e-05
3.66011e-05
3.18519e-05
1.56417e-05
1.78231e-05
2.15416e-05
2.39292e-05
2.59399e-05
2.9255e-05
4.09339e-05
4.15329e-05
1.30645e-05
1.64367e-05
1.29611e-05
1.34426e-05
9.44802e-06
1.76836e-05
2.60806e-05
3.16923e-05
2.76902e-05
1.96011e-05
1.89465e-05
2.74283e-05
2.628e-05
2.27412e-05
3.14421e-05
1.36641e-05
1.68946e-05
1.32549e-05
2.5874e-05
3.70587e-05
1.72234e-05
2.08106e-05
1.14897e-05
1.00868e-05
9.56257e-06
8.23119e-06
1.86205e-05
1.73989e-05
1.43457e-05
1.02327e-05
1.40131e-05
8.12674e-06
1.21267e-05
9.6907e-06
1.97718e-05
1.16447e-05
1.16082e-05
1.08159e-05
1.23275e-05
1.61625e-05
1.29617e-05
1.23744e-05
9.93642e-06
7.75815e-06
8.94716e-06
1.209e-05
1.73966e-05
2.5268e-05
1.30684e-05
9.75961e-06
1.09735e-05
1.01582e-05
1.25085e-05
9.1849e-06
1.17935e-05
7.41209e-06
5.53218e-06
6.69608e-06
9.63662e-06
7.65536e-06
4.36861e-06
7.55413e-06
6.85041e-06
3.60182e-06
2.91267e-06
6.64469e-06
7.29825e-06
1.20672e-05
1.05408e-05
9.94706e-06
6.57579e-06
6.21112e-06
8.5942e-06
1.20179e-05
2.212e-05
8.74487e-06
3.59973e-06
7.12881e-06
9.79697e-06
6.52867e-06
4.62998e-06
7.09355e-06
6.00063e-06
3.69158e-06
2.59274e-06
3.79304e-06
4.15448e-06
3.10524e-06
1.86767e-06
1.91973e-06
3.01929e-06
2.79412e-06
5.3175e-06
1.1678e-05
1.16728e-05
4.14063e-06
8.43152e-06
1.19404e-05
1.02698e-05
2.67834e-06
2.39349e-06
1.10447e-06
2.09251e-06
3.00506e-06
1.45949e-06
3.73258e-06
2.67408e-06
1.25039e-06
1.29002e-06
1.24972e-06
7.63728e-07
1.03737e-06
1.10073e-06
1.57695e-06
1.549e-06
7.63859e-07
2.32931e-06
3.59501e-06
3.73733e-06
2.15105e-06
2.28302e-06
1.78665e-06
5.70649e-07
1.04428e-06
1.60872e-06
1.50068e-06
1.53109e-06
1.58318e-06
1.48881e-06
1.74698e-06
1.17406e-06
9.07618e-07
7.76137e-07
1.26725e-06
8.90651e-07
9.13914e-07
9.94723e-07
8.30111e-07
7.09825e-07
1.02501e-06
1.58775e-06
1.36832e-06
6.47053e-07
1.77447e-06
2.4476e-06
3.60059e-07
4.13712e-07
4.3692e-07
7.10301e-07
1.15227e-06
1.52604e-06
1.26905e-06
4.68942e-07
4.30861e-07
9.21681e-07
8.41982e-07
1.00868e-06
8.54167e-07
8.76626e-07
8.87505e-07
5.98692e-07
7.83608e-07
8.33505e-07
8.34044e-07
8.4144e-07
5.4627e-05
5.84949e-05
8.1289e-05
9.55357e-05
6.18018e-05
4.83161e-05
4.42135e-05
4.99901e-05
5.81582e-05
8.36338e-05
4.31195e-05
5.08012e-05
0.000114835
8.5319e-05
6.73358e-05
9.26622e-05
5.47248e-05
2.85466e-05
2.07749e-05
1.73365e-05
5.36554e-05
4.9564e-05
5.80374e-05
8.43626e-05
6.41631e-05
5.23862e-05
3.68474e-05
3.29012e-05
3.03652e-05
6.71199e-05
4.49451e-05
2.78363e-05
6.28039e-05
6.09339e-05
3.06306e-05
7.74826e-05
7.12072e-05
3.8154e-05
3.38603e-05
2.26813e-05
1.24506e-05
1.38857e-05
1.39505e-05
1.74456e-05
2.47796e-05
2.23629e-05
2.09294e-05
1.31534e-05
1.43298e-05
1.65116e-05
2.23995e-05
2.32939e-05
2.26507e-05
1.62843e-05
1.04629e-05
1.07348e-05
2.96259e-05
3.93295e-05
4.17969e-05
4.00833e-05
6.67361e-06
7.99321e-06
1.59483e-05
1.52907e-05
1.71723e-05
1.64302e-05
8.23281e-06
4.97699e-06
6.74727e-06
5.42435e-06
8.46194e-06
1.1336e-05
2.43958e-05
2.34129e-05
7.69264e-06
8.61227e-06
1.45515e-05
9.46886e-06
1.37749e-05
3.25877e-05
4.76803e-06
9.8397e-06
1.11587e-05
1.31629e-05
1.46954e-05
6.37774e-06
4.85255e-06
3.45712e-06
2.85231e-06
2.55106e-06
9.26312e-06
1.08177e-05
1.6052e-05
1.28844e-05
6.11063e-06
2.09749e-05
1.10451e-05
9.14711e-06
1.71234e-05
2.58828e-05
8.59966e-06
6.99742e-06
6.15032e-06
8.80982e-06
1.02398e-05
3.62175e-06
4.65598e-06
2.2979e-06
2.41229e-06
1.95901e-06
6.61899e-06
1.15751e-05
1.13418e-05
1.0082e-05
1.05388e-05
1.46436e-05
5.04998e-06
6.68816e-06
2.3637e-05
2.40158e-05
8.19032e-06
6.90711e-06
4.29138e-06
7.86823e-06
1.95506e-05
1.19567e-05
3.54817e-06
4.15246e-06
2.72084e-06
1.31034e-06
4.27474e-06
7.89155e-06
7.35519e-06
8.52129e-06
6.64989e-06
4.20361e-06
4.14825e-06
3.95742e-06
4.88734e-06
1.45513e-05
7.24351e-06
7.81933e-06
5.89569e-06
4.62226e-06
2.10005e-05
1.99047e-05
1.36351e-05
7.41085e-06
3.81443e-06
2.18763e-06
3.96369e-06
5.98378e-06
6.35087e-06
4.61106e-06
2.0347e-06
2.35899e-06
3.72908e-06
4.5213e-06
3.3801e-06
2.75251e-06
5.92224e-06
5.45671e-06
6.89375e-06
5.1213e-06
1.3764e-05
1.85539e-05
1.48108e-05
5.85059e-06
4.23603e-06
2.34814e-06
2.95046e-06
4.38776e-06
6.64758e-06
6.3371e-06
3.53797e-06
2.09171e-06
2.22475e-06
3.93911e-06
2.41391e-06
3.30396e-06
7.98955e-06
6.49863e-06
4.48915e-06
2.94795e-06
3.25578e-06
5.15495e-06
6.02704e-06
5.53593e-06
4.38322e-06
2.03561e-06
8.90788e-07
3.13726e-06
2.20116e-06
1.67652e-06
1.45002e-06
1.14711e-06
2.28703e-06
3.65751e-06
2.27146e-06
1.15566e-06
4.88063e-06
6.36908e-06
4.47322e-06
4.14531e-06
5.60197e-06
5.70054e-06
4.26929e-06
1.88596e-06
6.78732e-07
9.829e-07
1.81223e-06
1.29655e-06
4.65502e-07
6.11504e-07
1.92577e-06
2.73911e-06
2.07213e-06
2.14737e-06
1.74407e-06
9.25924e-07
1.32196e-06
1.72952e-06
2.74071e-06
4.07362e-06
4.82185e-06
3.19765e-06
1.93477e-06
8.7751e-07
1.00981e-06
1.11873e-06
1.45976e-06
1.73521e-06
1.34505e-06
8.79968e-07
7.37288e-07
5.87018e-07
7.64808e-07
1.11847e-06
1.29808e-06
8.59638e-07
3.60069e-05
3.48402e-05
3.56667e-05
3.88921e-05
4.56372e-05
4.86024e-05
4.27038e-05
2.90936e-05
2.27215e-05
3.44361e-05
3.56382e-05
2.29392e-05
3.35686e-05
3.27025e-05
3.60676e-05
6.19167e-05
5.91683e-05
4.49748e-05
3.4547e-05
3.19445e-05
3.64895e-05
3.91264e-05
3.73868e-05
3.79266e-05
4.79201e-05
5.47969e-05
5.99096e-05
4.29761e-05
2.18376e-05
3.12505e-05
3.83263e-05
2.22268e-05
3.14003e-05
5.91237e-05
4.33697e-05
6.43334e-05
7.09738e-05
5.17681e-05
5.43965e-05
4.28251e-05
8.93617e-06
1.28065e-05
2.26381e-05
2.33382e-05
2.14161e-05
2.36083e-05
4.16256e-05
7.05942e-05
8.98406e-05
2.55418e-05
4.86193e-05
3.89379e-05
2.65571e-05
4.68093e-05
5.08462e-05
3.0572e-05
4.01138e-05
3.06961e-05
2.63147e-05
4.38826e-05
2.23726e-06
4.04835e-06
5.0654e-06
5.06813e-06
2.4681e-06
3.31868e-06
3.1025e-06
3.08101e-06
3.97802e-06
1.36848e-05
8.70929e-06
2.01102e-05
2.59223e-05
1.72973e-05
7.35322e-06
1.57508e-05
2.42779e-05
1.71713e-05
1.45063e-05
1.85977e-05
2.64525e-06
3.07409e-06
4.67888e-06
5.10893e-06
2.81515e-06
4.37372e-06
4.74479e-06
3.48868e-06
3.45734e-06
4.84016e-06
4.07751e-06
5.5876e-06
2.24461e-05
1.60682e-05
1.05212e-05
1.23891e-05
8.45432e-06
4.63729e-06
9.49873e-06
1.07105e-05
3.68992e-06
4.88491e-06
7.2598e-06
6.54378e-06
4.7379e-06
2.7673e-06
3.59801e-06
3.44851e-06
4.79327e-06
4.12575e-06
2.91859e-06
4.56496e-06
7.69053e-06
1.16937e-05
8.28201e-06
5.49532e-06
3.83653e-06
2.95035e-06
3.62849e-06
6.88905e-06
5.19511e-06
7.61433e-06
8.80633e-06
7.40944e-06
6.67533e-06
4.41487e-06
4.84789e-06
3.09522e-06
4.22163e-06
3.61934e-06
3.09479e-06
3.95951e-06
5.0821e-06
7.92939e-06
5.27658e-06
1.87176e-06
1.64304e-06
2.66826e-06
1.57031e-06
3.28022e-06
7.83979e-06
7.45687e-06
6.56953e-06
3.16544e-06
2.41927e-06
4.73957e-06
4.29305e-06
3.71456e-06
4.03563e-06
2.91855e-06
5.56075e-06
6.5717e-06
6.9681e-06
3.85e-06
3.34814e-06
3.02019e-06
2.18566e-06
3.84256e-06
2.72363e-06
2.44535e-06
8.98772e-06
5.9743e-06
5.81276e-06
3.76296e-06
5.25064e-06
3.66479e-06
4.02912e-06
4.48875e-06
4.16576e-06
1.9259e-06
3.20559e-06
7.55285e-06
1.02055e-05
8.38571e-06
3.93692e-06
2.2864e-06
1.74681e-06
4.59444e-06
3.35599e-06
2.35053e-06
3.58937e-06
4.23296e-06
3.79558e-06
2.1012e-06
2.66057e-06
1.92427e-06
2.37402e-06
4.86512e-06
4.09326e-06
2.20348e-06
2.44467e-06
2.56448e-06
1.81062e-06
2.01791e-06
2.23055e-06
4.50566e-06
3.18478e-06
2.92154e-06
2.68272e-06
1.28285e-06
1.66181e-06
2.09062e-06
3.20367e-06
3.9346e-06
4.10601e-06
3.10373e-06
2.5668e-06
1.91854e-06
1.8458e-06
1.92809e-06
1.72834e-06
1.25619e-06
5.15318e-07
1.36725e-06
2.41036e-06
6.00601e-06
5.81589e-06
3.9542e-06
2.73631e-06
1.56063e-06
1.36512e-06
1.12825e-06
1.50419e-06
2.62092e-06
3.69545e-06
3.61788e-06
2.32629e-06
1.59577e-06
1.17837e-06
8.63601e-07
1.42897e-06
1.99274e-06
1.67016e-06
9.52287e-07
5.36443e-07
5.33171e-07
8.52784e-07
9.83148e-07
1.1801e-06
9.89763e-07
3.89833e-05
3.38287e-05
3.55655e-05
3.8725e-05
4.81044e-05
5.94812e-05
7.24667e-05
7.85071e-05
6.72633e-05
8.20085e-05
7.02285e-05
6.10523e-05
9.6778e-05
9.14547e-05
1.8758e-05
1.7553e-05
1.74384e-05
1.5312e-05
1.28829e-05
1.38148e-05
3.43521e-05
3.23338e-05
3.32765e-05
3.20426e-05
3.91496e-05
4.26121e-05
5.45372e-05
5.95865e-05
4.29559e-05
5.70529e-05
5.34589e-05
4.92416e-05
7.55322e-05
9.75888e-05
3.33594e-05
2.14373e-05
2.01567e-05
1.82954e-05
1.60615e-05
1.4009e-05
8.56994e-06
1.23313e-05
1.69025e-05
1.54956e-05
1.09456e-05
1.07726e-05
1.2573e-05
2.49323e-05
3.62463e-05
1.1291e-05
1.31184e-05
2.32132e-05
2.984e-05
5.06925e-05
5.90753e-05
2.53449e-05
2.53027e-05
1.4744e-05
2.24441e-05
2.39597e-05
2.46402e-06
3.79926e-06
3.90365e-06
6.60463e-06
7.9622e-06
7.98018e-06
8.23692e-06
4.21898e-06
6.72405e-06
7.2943e-06
6.11697e-06
9.8934e-06
1.41409e-05
7.0205e-06
2.67234e-05
4.07415e-05
2.88689e-05
3.69975e-05
2.4819e-05
2.52811e-05
7.52383e-06
7.09288e-06
3.82918e-06
7.70632e-06
9.73704e-06
8.82412e-06
8.66991e-06
5.77238e-06
5.1849e-06
8.76415e-06
8.70887e-06
1.09563e-05
9.37828e-06
6.77931e-06
7.20901e-06
2.10408e-05
1.89809e-05
1.02653e-05
1.50847e-05
2.22952e-05
4.48893e-06
2.49139e-06
3.5835e-06
5.94511e-06
5.23249e-06
5.63929e-06
4.10293e-06
8.79497e-06
9.63086e-06
6.53977e-06
6.25093e-06
5.68452e-06
3.78984e-06
3.53232e-06
3.69258e-06
4.72098e-06
4.54009e-06
2.38842e-06
2.11027e-06
4.67222e-06
3.90127e-06
5.31631e-06
6.44902e-06
5.89494e-06
4.90027e-06
7.08705e-06
6.20025e-06
1.24208e-05
6.94372e-06
3.57092e-06
4.27544e-06
4.0271e-06
2.87246e-06
3.64483e-06
2.18236e-06
2.27062e-06
1.96737e-06
1.79026e-06
1.79613e-06
3.69746e-06
6.81537e-06
4.1624e-06
4.6388e-06
2.9051e-06
6.1841e-06
6.44599e-06
4.52398e-06
9.06654e-06
4.33722e-06
2.93602e-06
4.27515e-06
5.7678e-06
6.05336e-06
5.5813e-06
2.55944e-06
2.61869e-06
3.26771e-06
1.91457e-06
3.47057e-06
2.92017e-06
4.32591e-06
4.20057e-06
3.51588e-06
3.35996e-06
5.41718e-06
3.9431e-06
3.26461e-06
5.43271e-06
2.20611e-06
1.53383e-06
2.68298e-06
4.39059e-06
5.74111e-06
3.51147e-06
2.93965e-06
3.27122e-06
4.66256e-06
4.17229e-06
3.53978e-06
1.88707e-06
1.97148e-06
2.82711e-06
2.21639e-06
1.55289e-06
2.47056e-06
2.55692e-06
2.52874e-06
4.34352e-06
4.00482e-06
2.09658e-06
2.483e-06
2.24982e-06
1.1405e-06
1.85943e-06
3.02245e-06
6.89958e-06
5.51668e-06
4.20987e-06
1.72805e-06
6.92924e-07
2.01014e-06
1.80122e-06
1.57223e-06
1.8453e-06
4.17051e-06
3.97088e-06
2.33402e-06
1.37457e-06
1.2633e-06
1.27313e-06
1.06686e-06
9.82952e-07
5.43799e-07
7.58501e-07
2.39032e-06
5.12163e-06
5.3455e-06
3.21186e-06
2.17182e-06
1.48715e-06
1.59323e-06
1.85326e-06
2.14273e-06
2.31747e-06
2.42662e-06
2.18134e-06
1.3377e-06
1.66598e-06
1.45052e-06
5.29169e-07
1.11017e-06
1.39965e-06
1.10758e-06
6.58431e-07
5.01424e-07
5.76569e-07
4.87233e-07
6.56737e-07
7.51512e-07
6.83448e-07
1.93749e-05
1.93114e-05
2.09434e-05
2.36177e-05
2.76442e-05
2.9195e-05
2.61692e-05
2.92318e-05
3.56038e-05
3.25156e-05
2.85412e-05
3.26862e-05
3.39396e-05
3.64994e-05
3.35557e-05
2.85782e-05
2.78175e-05
2.77635e-05
2.69032e-05
3.39604e-05
1.77801e-05
1.86805e-05
2.01089e-05
2.13722e-05
3.09898e-05
2.72639e-05
2.60446e-05
2.57634e-05
3.45549e-05
2.91372e-05
2.61023e-05
3.3058e-05
3.24578e-05
3.94142e-05
3.9088e-05
3.04551e-05
2.86548e-05
3.12271e-05
2.67399e-05
2.93348e-05
1.24883e-05
1.1018e-05
1.13202e-05
1.03193e-05
1.13159e-05
1.32979e-05
2.45677e-05
1.15029e-05
9.54813e-06
1.29358e-05
1.63405e-05
1.56764e-05
2.33465e-05
1.44323e-05
1.83546e-05
2.03179e-05
1.44693e-05
1.55081e-05
1.36622e-05
1.68951e-05
2.80595e-05
2.41892e-05
8.64329e-06
9.05154e-06
9.03425e-06
5.72619e-06
1.53283e-05
1.31106e-05
1.12814e-05
1.09305e-05
1.65772e-05
9.36391e-06
4.85768e-06
8.073e-06
8.81778e-06
9.12926e-06
1.12928e-05
9.84094e-06
7.07188e-06
6.65233e-06
2.83622e-05
3.91505e-05
1.50071e-05
9.13508e-06
5.50831e-06
7.35491e-06
1.42424e-05
1.17352e-05
7.64342e-06
9.9343e-06
1.82938e-05
1.73129e-05
1.02056e-05
2.15024e-06
3.05262e-06
5.82265e-06
7.95905e-06
4.33346e-06
5.61949e-06
2.74487e-06
1.00236e-05
1.44031e-05
1.96012e-05
9.024e-06
9.03481e-06
6.66845e-06
7.96134e-06
8.05127e-06
8.36931e-06
9.08275e-06
1.28712e-05
8.04454e-06
7.92707e-06
3.9446e-06
5.01371e-06
4.66128e-06
5.29405e-06
3.99305e-06
2.34369e-06
3.91446e-06
6.71131e-06
8.68456e-06
8.67133e-06
8.83858e-06
2.17116e-05
1.55609e-05
5.21359e-06
6.20547e-06
8.63227e-06
8.15433e-06
6.56365e-06
7.62146e-06
4.13032e-06
4.31152e-06
6.45297e-06
3.20661e-06
3.05242e-06
2.03449e-06
2.3001e-06
3.54561e-06
2.74432e-06
3.83163e-06
5.30521e-06
3.69823e-06
8.10569e-06
6.82982e-06
6.39983e-06
5.25082e-06
7.46055e-06
4.47553e-06
2.91106e-06
2.26921e-06
2.98957e-06
1.73278e-06
4.28917e-06
4.13458e-06
5.6698e-06
3.81839e-06
2.88703e-06
4.40478e-06
3.16334e-06
3.30617e-06
4.24754e-06
3.35161e-06
5.30841e-06
4.48418e-06
4.62854e-06
7.0459e-06
7.65998e-06
2.21301e-06
2.87167e-06
1.85164e-06
1.6202e-06
2.81905e-06
2.8489e-06
2.58528e-06
5.63772e-06
4.58608e-06
3.17542e-06
3.00168e-06
2.43748e-06
2.82256e-06
3.85704e-06
4.24748e-06
2.7921e-06
2.38163e-06
3.64938e-06
2.86568e-06
3.65636e-06
3.71882e-06
1.87795e-06
1.96063e-06
2.48738e-06
2.38924e-06
1.22204e-06
1.22551e-06
3.43646e-06
2.38103e-06
1.62043e-06
1.21693e-06
2.00077e-06
1.82278e-06
2.67657e-06
6.08428e-06
8.67793e-06
5.20785e-06
3.67126e-06
1.97781e-06
3.2125e-06
5.0038e-06
4.44417e-06
2.24485e-06
1.59663e-06
8.62394e-07
1.01798e-06
7.38399e-07
5.45009e-07
5.17692e-07
1.77836e-06
1.8606e-06
1.75373e-06
3.12794e-06
4.85281e-06
3.34907e-06
1.44238e-06
1.6747e-06
2.07263e-06
3.04714e-06
2.07164e-06
1.79737e-06
1.09056e-06
1.00971e-06
1.07529e-06
1.59864e-06
1.49913e-06
8.55426e-07
7.4957e-07
4.86656e-07
5.67722e-07
8.39146e-07
1.32066e-05
1.33089e-05
1.35333e-05
1.20522e-05
1.51608e-05
2.22463e-05
2.37868e-05
2.1511e-05
2.24131e-05
2.93652e-05
4.1955e-05
5.43567e-05
6.0603e-05
6.49893e-05
6.78698e-05
7.89303e-05
6.68775e-05
7.17889e-05
7.88838e-05
6.27906e-05
1.31668e-05
1.28155e-05
1.44051e-05
1.12448e-05
1.12407e-05
2.2005e-05
2.29362e-05
1.90179e-05
1.44337e-05
1.47805e-05
2.15644e-05
3.3861e-05
4.12251e-05
3.93757e-05
3.21586e-05
4.13527e-05
4.31392e-05
3.79004e-05
4.82118e-05
3.96359e-05
1.28234e-05
9.95028e-06
1.15364e-05
2.21214e-05
1.80005e-05
1.15939e-05
1.31864e-05
1.18978e-05
8.21428e-06
5.15665e-06
6.54727e-06
6.25632e-06
6.41273e-06
5.35811e-06
4.0464e-06
5.45012e-06
5.59862e-06
9.26851e-06
5.91356e-06
5.86703e-06
6.83783e-05
8.16003e-05
4.93204e-05
1.46937e-05
1.47644e-05
1.71864e-05
1.44014e-05
1.20033e-05
1.28161e-05
1.73419e-05
1.59004e-05
5.98847e-06
5.85642e-06
4.42362e-06
5.75961e-06
6.55037e-06
4.41027e-06
3.67776e-06
6.31815e-06
4.48551e-06
3.03679e-05
2.99546e-05
9.02998e-05
2.64686e-05
1.09058e-05
1.62366e-05
1.22261e-05
1.93722e-05
1.065e-05
8.37908e-06
8.85108e-06
5.65737e-06
8.59312e-06
7.64607e-06
9.29666e-06
5.87145e-06
3.45018e-06
3.31005e-06
5.42342e-06
2.69637e-06
1.63537e-05
8.97743e-06
3.19338e-05
1.82128e-05
1.03838e-05
2.0763e-05
2.38478e-05
2.44193e-05
1.57289e-05
1.23221e-05
6.86135e-06
9.41228e-06
1.39489e-05
1.00314e-05
4.6148e-06
3.84099e-06
3.73829e-06
3.02513e-06
4.10751e-06
5.81005e-06
1.013e-05
6.65082e-06
1.38054e-05
1.33515e-05
6.57907e-06
8.17959e-06
9.67097e-06
8.58969e-06
3.77556e-06
3.80047e-06
8.71684e-06
9.66635e-06
1.58781e-05
1.22598e-05
8.51467e-06
4.69314e-06
3.44414e-06
3.57751e-06
3.88066e-06
5.35162e-06
1.45337e-05
1.23209e-05
9.24225e-06
3.91624e-06
4.42523e-06
3.67016e-06
6.08301e-06
5.93291e-06
5.23153e-06
6.88943e-06
5.07353e-06
4.78364e-06
6.26069e-06
1.59969e-05
1.18565e-05
7.37356e-06
6.31543e-06
5.35364e-06
9.87573e-06
1.06715e-05
1.69747e-05
1.08464e-05
7.69516e-06
1.99358e-06
2.43393e-06
3.11114e-06
4.3752e-06
6.51084e-06
4.8377e-06
4.18459e-06
2.70871e-06
4.84502e-06
3.89878e-06
4.34367e-06
5.91467e-06
7.29457e-06
9.38289e-06
3.86967e-06
8.76563e-06
1.13609e-05
8.76852e-06
6.03889e-06
4.16144e-06
4.589e-06
2.44564e-06
4.95715e-06
1.03173e-05
5.72528e-06
5.39336e-06
3.2442e-06
2.51229e-06
2.01432e-06
3.21302e-06
2.45948e-06
1.96195e-06
4.47525e-06
6.57096e-06
5.97597e-06
4.85083e-06
4.04629e-06
2.87581e-06
2.67755e-06
1.51051e-06
5.06189e-06
7.05228e-06
7.38972e-06
7.8807e-06
5.64766e-06
3.51457e-06
2.91363e-06
2.05465e-06
3.02269e-06
4.23181e-06
2.84222e-06
1.30708e-06
2.12859e-06
3.86011e-06
4.82672e-06
2.81786e-06
1.1352e-06
2.13806e-06
2.2278e-06
1.66039e-06
2.11949e-06
3.23155e-06
2.9139e-06
2.322e-06
2.02259e-06
1.91051e-06
1.29214e-06
1.07911e-06
1.28601e-06
1.66931e-06
1.7159e-06
1.32139e-06
1.10391e-06
1.29667e-06
1.24448e-06
1.05619e-06
8.25269e-07
3.20826e-05
2.73735e-05
2.72711e-05
2.35537e-05
1.29078e-05
1.60786e-05
2.33929e-05
2.45141e-05
1.42393e-05
1.57343e-05
2.38493e-05
3.21579e-05
3.9691e-05
4.58242e-05
5.03507e-05
6.42305e-05
6.91605e-05
9.01535e-05
9.01484e-05
6.34798e-05
3.04723e-05
2.71471e-05
3.57931e-05
3.72091e-05
1.33859e-05
1.96729e-05
2.51137e-05
3.44182e-05
1.74616e-05
1.30302e-05
1.58474e-05
2.4279e-05
3.10218e-05
3.20586e-05
3.22121e-05
3.87109e-05
3.49955e-05
5.98531e-05
8.0344e-05
6.73106e-05
1.67151e-05
1.64039e-05
1.81604e-05
3.91276e-05
3.12585e-05
1.42103e-05
1.66456e-05
2.58741e-05
3.41724e-05
4.98064e-05
1.12626e-05
8.04641e-06
1.22828e-05
9.50107e-06
8.74542e-06
8.82258e-06
4.62725e-06
5.06146e-06
1.01027e-05
1.02861e-05
2.65544e-05
3.66657e-05
2.03969e-05
1.21089e-05
9.88854e-06
2.09713e-05
1.57777e-05
2.25131e-05
1.75502e-05
2.66391e-05
2.5655e-05
1.67268e-05
1.04019e-05
1.23184e-05
1.41476e-05
1.20332e-05
7.67742e-06
7.89194e-06
8.81941e-06
1.29179e-05
6.71891e-06
2.23849e-05
3.83077e-05
2.36311e-05
1.06026e-05
8.31317e-06
1.3304e-05
2.45245e-05
9.99125e-06
1.14835e-05
1.42262e-05
1.15418e-05
1.10119e-05
1.54652e-05
2.41633e-05
1.75001e-05
1.10593e-05
7.5108e-06
7.33772e-06
6.58031e-06
7.215e-06
1.24685e-05
1.8689e-05
1.21177e-05
6.77604e-06
9.51677e-06
1.68292e-05
1.75174e-05
8.88215e-06
1.119e-05
7.31911e-06
7.42839e-06
9.42446e-06
1.37795e-05
9.69232e-06
1.3833e-05
1.06023e-05
5.97729e-06
4.5973e-06
7.9615e-06
8.91355e-06
9.38477e-06
9.31077e-06
9.95866e-06
5.2437e-06
8.84107e-06
1.0002e-05
7.48817e-06
4.26203e-06
5.21169e-06
6.02598e-06
1.0977e-05
1.45089e-05
1.26219e-05
7.70212e-06
3.53766e-06
3.78178e-06
6.37814e-06
5.55051e-06
5.69365e-06
1.59369e-05
1.25538e-05
1.19536e-05
4.14751e-06
3.16944e-06
6.7466e-06
1.01237e-05
8.6165e-06
6.31641e-06
8.16859e-06
5.61914e-06
6.02867e-06
1.71011e-05
1.80802e-05
7.32814e-06
5.67635e-06
5.27685e-06
4.69886e-06
7.90669e-06
1.37705e-05
1.3023e-05
1.33468e-05
6.75721e-06
1.39892e-06
2.48912e-06
6.01492e-06
8.70986e-06
1.15586e-05
1.0069e-05
3.21386e-06
2.98784e-06
3.17662e-06
4.44472e-06
7.07944e-06
7.18158e-06
4.82337e-06
6.19746e-06
7.95137e-06
1.19863e-05
1.77734e-05
1.05827e-05
7.99683e-06
4.61366e-06
2.62629e-06
4.54188e-06
7.80666e-06
1.04304e-05
8.62322e-06
6.48852e-06
2.88424e-06
1.66742e-06
2.67202e-06
1.88108e-06
1.42368e-06
2.5079e-06
3.38418e-06
2.62818e-06
3.83549e-06
4.31691e-06
3.30398e-06
4.2916e-06
2.14548e-06
2.01675e-06
3.88774e-06
5.53321e-06
3.77055e-06
2.73656e-06
3.09418e-06
3.95932e-06
4.05627e-06
1.44158e-06
1.64961e-06
2.6195e-06
2.6176e-06
1.98219e-06
2.63945e-06
4.25562e-06
4.73066e-06
2.92374e-06
1.96069e-06
2.63675e-06
2.00667e-06
1.45267e-06
1.44763e-06
1.40425e-06
1.49331e-06
1.81683e-06
1.429e-06
1.38358e-06
1.26204e-06
8.97714e-07
1.4957e-06
2.4944e-06
3.31999e-06
2.5885e-06
2.12848e-06
2.17624e-06
1.79329e-06
1.65749e-06
1.60935e-06
6.2245e-05
7.6563e-05
0.000100825
8.06709e-05
4.12693e-05
4.28246e-05
4.3737e-05
4.47142e-05
3.2897e-05
3.53804e-05
2.60883e-05
1.54515e-05
1.44544e-05
1.10673e-05
1.29626e-05
1.79495e-05
2.72358e-05
3.60363e-05
3.48777e-05
4.9684e-05
3.52567e-05
4.77311e-05
6.37635e-05
8.38305e-05
3.12061e-05
2.85091e-05
3.31806e-05
3.8988e-05
4.10595e-05
6.07557e-05
3.98643e-05
3.41352e-05
1.73314e-05
1.12933e-05
1.28113e-05
1.66421e-05
1.98728e-05
5.85722e-05
2.82973e-05
5.28242e-05
5.32436e-06
8.93739e-06
4.80382e-06
2.24105e-05
2.33253e-05
1.49035e-05
8.17579e-06
1.7313e-05
4.99966e-05
2.08181e-05
2.8587e-05
2.09274e-05
1.74521e-05
1.69522e-05
1.57178e-05
1.37516e-05
9.72677e-06
1.65862e-05
3.35062e-05
2.37336e-05
4.39245e-06
1.01438e-05
7.71469e-06
8.18749e-06
1.35656e-05
1.29469e-05
1.72845e-05
9.24275e-06
1.30248e-05
1.41513e-05
7.74717e-06
8.27476e-06
3.21598e-05
1.09934e-05
1.52676e-05
8.19917e-06
1.93787e-05
1.90789e-05
4.97062e-05
1.88014e-05
7.19507e-06
5.14786e-06
6.52081e-06
7.43485e-06
9.75057e-06
1.2399e-05
1.66881e-05
1.39032e-05
9.88993e-06
1.02627e-05
1.20473e-05
1.31965e-05
1.35986e-05
7.46323e-06
2.44941e-05
8.09193e-06
1.28721e-05
1.90938e-05
1.99829e-05
1.41202e-05
5.6148e-06
4.56734e-06
5.21361e-06
6.0598e-06
4.37209e-06
1.10501e-05
1.1035e-05
1.56865e-05
1.51097e-05
1.09964e-05
6.0837e-06
8.28807e-06
1.5632e-05
8.70993e-06
4.41542e-06
7.01611e-06
2.1063e-05
1.50283e-05
2.6276e-05
2.95392e-05
6.93555e-06
6.11644e-06
2.44568e-06
4.44059e-06
5.21744e-06
4.48888e-06
7.70216e-06
2.65624e-05
1.5609e-05
1.37308e-05
8.46905e-06
9.38198e-06
8.94797e-06
1.22415e-05
1.17443e-05
9.87088e-06
6.53857e-06
1.99742e-05
2.40796e-05
2.12838e-05
9.44834e-06
7.18057e-06
6.54944e-06
5.31721e-06
5.92086e-06
5.90329e-06
5.88866e-06
1.4726e-05
2.26482e-05
1.29004e-05
1.24066e-05
1.36276e-05
1.2609e-05
7.46687e-06
4.30764e-06
4.18079e-06
2.8054e-06
6.19768e-06
1.11727e-05
9.03276e-06
7.35131e-06
6.75015e-06
4.86647e-06
3.58531e-06
3.30954e-06
3.97978e-06
5.57122e-06
5.15175e-06
3.91238e-06
9.22691e-06
1.06047e-05
1.16702e-05
4.41732e-06
4.25045e-06
5.34466e-06
5.89248e-06
7.18524e-06
6.27703e-06
6.28992e-06
1.13487e-05
7.71987e-06
4.44192e-06
3.37043e-06
5.55079e-06
4.76896e-06
2.93517e-06
3.44678e-06
2.3184e-06
3.47489e-06
4.67594e-06
5.00884e-06
4.64024e-06
3.38391e-06
3.21004e-06
2.05101e-06
1.26628e-06
3.04435e-06
3.31262e-06
2.15213e-06
3.89859e-06
1.98959e-06
2.0183e-06
5.0187e-06
2.95561e-06
2.27243e-06
1.1322e-06
3.10467e-06
2.07694e-06
2.61082e-06
3.47486e-06
2.67487e-06
1.06178e-06
1.40001e-06
1.53344e-06
1.60493e-06
1.5081e-06
2.6505e-06
3.77573e-06
3.80042e-06
2.12816e-06
6.96823e-07
1.96773e-06
2.29144e-06
1.42925e-06
1.43189e-06
1.05464e-06
9.46136e-07
1.41376e-06
1.8658e-06
1.52956e-06
1.97517e-06
2.69611e-06
3.643e-06
4.67698e-06
5.62054e-06
3.71992e-06
3.2528e-06
4.31971e-06
3.53621e-06
3.00052e-06
5.32088e-05
6.24631e-05
3.32748e-05
2.50901e-05
2.58204e-05
2.06278e-05
1.99668e-05
1.33334e-05
1.4882e-05
1.78619e-05
1.71035e-05
1.75297e-05
1.76053e-05
2.39978e-05
4.09743e-05
7.25288e-05
8.44429e-05
0.00015345
7.10324e-05
2.57738e-05
5.2812e-05
6.52524e-05
5.75836e-05
2.59803e-05
3.0859e-05
2.92106e-05
2.92331e-05
1.36073e-05
1.58793e-05
2.19292e-05
1.80294e-05
1.66789e-05
1.44847e-05
1.15211e-05
1.86697e-05
3.57012e-05
2.8268e-05
9.46301e-05
5.28074e-05
2.42007e-05
2.02016e-05
3.08938e-05
5.39507e-05
2.62093e-05
2.03026e-05
1.83275e-05
3.69237e-05
3.0994e-05
1.29543e-05
1.80384e-05
1.32512e-05
1.3623e-05
1.3681e-05
9.85918e-06
1.43845e-05
9.73634e-06
1.46471e-05
3.9193e-05
5.02351e-05
2.371e-05
1.70055e-05
1.69056e-05
1.26556e-05
3.00476e-05
2.87292e-05
3.07945e-05
2.36029e-05
2.88841e-05
1.58391e-05
1.48915e-05
1.9314e-05
9.19214e-06
9.74126e-06
7.30765e-06
1.09989e-05
1.07398e-05
8.21688e-06
1.54703e-05
2.62979e-05
1.97189e-05
1.40371e-05
1.31476e-05
8.00178e-06
1.71983e-05
1.59808e-05
3.11749e-05
2.40934e-05
2.69955e-05
1.03083e-05
2.62641e-05
1.6535e-05
1.72371e-05
1.3882e-05
8.85495e-06
1.14961e-05
8.48417e-06
1.18995e-05
1.15542e-05
2.08092e-05
1.81212e-05
8.49286e-06
1.23378e-05
1.09094e-05
1.1681e-05
1.83439e-05
1.90622e-05
1.66214e-05
1.56597e-05
8.0165e-06
5.62918e-06
1.61493e-05
2.14736e-05
1.45136e-05
5.9504e-06
5.74896e-06
6.08806e-06
7.17502e-06
8.57114e-06
1.57041e-05
1.12274e-05
6.54089e-06
1.18818e-05
1.50579e-05
1.56011e-05
2.41888e-05
9.19558e-06
1.50529e-05
3.2328e-05
3.91155e-05
2.49394e-05
1.46222e-05
9.0919e-06
8.00736e-06
1.17267e-05
5.61386e-06
5.82689e-06
4.46607e-06
5.33381e-06
1.00377e-05
5.78091e-06
2.59945e-06
5.53893e-06
1.18071e-05
1.53007e-05
1.9689e-05
1.43052e-05
1.8003e-05
1.57731e-05
1.65299e-05
2.48788e-05
1.99396e-05
1.19807e-05
4.35491e-06
9.12038e-06
7.38521e-06
4.76806e-06
7.2899e-06
3.37148e-06
5.51649e-06
5.94704e-06
3.98988e-06
2.97388e-06
3.82241e-06
3.93171e-06
4.85662e-06
5.21604e-06
6.07043e-06
5.38461e-06
5.07634e-06
8.47298e-06
1.20259e-05
7.81087e-06
6.01924e-06
4.0806e-06
3.33204e-06
8.71014e-06
6.90406e-06
5.63825e-06
3.5762e-06
6.37684e-06
3.21822e-06
3.12986e-06
1.96673e-06
3.79154e-06
2.85938e-06
1.98415e-06
3.00534e-06
8.83647e-07
2.03591e-06
5.92309e-06
7.10607e-06
3.37634e-06
2.55794e-06
2.14846e-06
1.67806e-06
5.51179e-06
8.09258e-06
8.11749e-06
5.01228e-06
3.50528e-06
2.3909e-06
1.88126e-06
1.30407e-06
1.22507e-06
2.83589e-06
4.43097e-06
3.61831e-06
1.45233e-06
1.72482e-06
2.64838e-06
6.14516e-06
3.08957e-06
1.25832e-06
1.66775e-06
1.67702e-06
2.18895e-06
3.85044e-06
3.34194e-06
3.36845e-06
1.75701e-06
8.9331e-07
7.67218e-07
6.90701e-07
4.84191e-07
8.22133e-07
1.53097e-06
1.72743e-06
1.88803e-06
1.23866e-06
1.96229e-06
2.46113e-06
2.307e-06
4.52515e-06
4.09809e-06
2.64651e-06
1.98059e-06
3.18031e-06
4.52939e-06
3.05528e-06
1.36623e-06
1.72364e-06
1.46909e-06
2.32748e-06
2.64226e-06
3.06838e-06
3.49111e-06
4.06589e-06
2.3043e-06
1.43465e-06
1.25432e-06
2.69968e-06
2.65814e-06
3.66497e-06
5.02904e-06
4.77077e-06
2.86512e-06
2.10209e-06
3.15099e-06
5.38407e-06
5.36088e-06
6.02938e-06
8.44464e-06
6.05688e-06
4.41148e-06
4.46674e-06
3.89099e-06
3.54868e-06
3.803e-06
2.83625e-06
4.93126e-06
8.01278e-06
6.57626e-06
4.8742e-06
2.82381e-06
4.3006e-06
5.59452e-06
3.66114e-06
4.80267e-06
8.78053e-06
7.62323e-06
4.96519e-06
7.30341e-06
1.06722e-05
7.68736e-06
5.46328e-06
4.87487e-06
6.3058e-06
2.39135e-06
1.23686e-05
9.837e-06
1.36824e-05
1.67635e-05
1.11096e-05
9.75906e-06
8.93341e-06
5.59554e-06
7.8416e-06
1.04398e-05
6.56105e-06
3.4627e-06
8.75225e-06
6.78754e-06
1.03284e-05
1.01666e-05
6.3233e-06
8.92007e-06
9.99632e-06
9.68772e-06
2.73286e-05
1.81019e-05
1.17411e-05
9.24685e-06
1.20804e-05
1.431e-05
1.81582e-05
1.3693e-05
1.53777e-05
1.61828e-05
1.09437e-05
5.49232e-06
1.01343e-05
9.68321e-06
1.69691e-05
1.09517e-05
1.11376e-05
1.03668e-05
1.22485e-05
1.68838e-05
2.66386e-05
2.84813e-05
8.77082e-06
9.84558e-06
9.6191e-06
8.89895e-06
5.55684e-06
6.64417e-06
9.58335e-06
5.37532e-06
6.98446e-06
2.99445e-06
1.87276e-05
1.65393e-05
7.04221e-06
1.14423e-05
1.81539e-05
2.31492e-05
1.36248e-05
1.52638e-05
2.7546e-05
2.22971e-05
2.02644e-05
1.8279e-05
1.21327e-05
7.05063e-06
3.91059e-06
5.28779e-06
7.72905e-06
6.4316e-06
1.10045e-05
9.04863e-06
2.45528e-05
1.30536e-05
4.95594e-06
8.11829e-06
2.21582e-05
2.10525e-05
2.09561e-05
1.97247e-05
1.89418e-05
1.56096e-05
2.75101e-05
4.29067e-05
1.61415e-05
1.47751e-05
1.30243e-05
1.56158e-05
1.5832e-05
1.64329e-05
1.51108e-05
6.0912e-06
2.22494e-05
1.46975e-05
7.18781e-06
1.21286e-05
1.96993e-05
3.05111e-05
4.76939e-05
1.68846e-05
1.46912e-05
2.08196e-05
3.348e-05
2.99447e-05
2.26846e-05
2.31078e-05
2.75e-05
1.31997e-05
7.06501e-06
7.16187e-06
9.00445e-06
5.10937e-06
1.96867e-05
9.075e-06
8.6076e-06
3.31665e-05
1.72609e-05
9.00377e-05
8.76757e-05
2.80181e-05
1.2497e-05
1.90343e-05
2.18117e-05
2.20921e-05
1.74467e-05
1.89516e-05
1.68997e-05
9.18858e-06
7.96874e-06
4.93624e-06
9.99112e-06
6.58055e-06
2.58455e-05
1.33563e-05
8.59805e-06
1.85078e-05
3.81711e-05
5.61966e-05
5.84097e-05
1.71326e-05
2.03857e-05
2.0797e-05
2.76747e-05
3.50458e-05
3.40203e-05
2.1343e-05
1.33672e-05
1.20206e-05
9.4803e-06
8.42102e-06
1.24122e-05
7.32639e-06
4.40114e-05
2.41608e-05
3.35554e-05
5.71263e-05
8.73264e-05
0.000103464
5.89628e-05
2.84183e-05
2.96473e-05
5.41831e-05
7.31262e-05
7.63028e-05
4.67279e-05
2.50528e-05
2.17236e-05
1.67164e-05
1.94823e-05
3.57932e-05
3.36806e-05
2.88014e-05
4.56422e-05
3.87491e-05
6.17717e-05
7.51884e-05
0.000101423
7.35977e-05
3.98161e-05
3.39745e-05
3.11821e-05
5.27715e-05
7.36361e-05
7.60953e-05
3.50819e-05
2.62178e-05
2.07938e-05
2.01299e-05
4.08812e-05
6.557e-05
7.58552e-05
9.47854e-05
1.23726e-06
2.17263e-06
2.13691e-06
2.63338e-06
2.2296e-06
1.65919e-06
3.75227e-06
1.92803e-06
1.03346e-06
1.41961e-06
1.9812e-06
1.92837e-06
2.12653e-06
2.05931e-06
3.69511e-06
3.81115e-06
1.80437e-06
1.67791e-06
1.91162e-06
3.01954e-06
2.47182e-06
4.12304e-06
4.39718e-06
3.07641e-06
3.96636e-06
8.05175e-06
4.71268e-06
4.63704e-06
8.07081e-06
7.81493e-06
4.87277e-06
6.36944e-06
1.82308e-06
5.26761e-06
5.91235e-06
2.98364e-06
1.36804e-06
3.27537e-06
8.62091e-06
8.85353e-06
2.99338e-06
2.93961e-06
2.83266e-06
2.26124e-06
9.69142e-06
7.39678e-06
5.54513e-06
9.71602e-06
8.09586e-06
1.05969e-05
1.29862e-05
6.85006e-06
5.55553e-06
4.46194e-06
2.7539e-06
1.66456e-06
5.50937e-06
6.19096e-06
6.35533e-06
5.98626e-06
4.88703e-06
3.43222e-06
2.94496e-06
6.07637e-06
8.15696e-06
1.36576e-05
1.16312e-05
5.44333e-06
5.91796e-06
9.32226e-06
7.16175e-06
7.31349e-06
6.81056e-06
3.45715e-06
3.13072e-06
4.69623e-06
4.72164e-06
3.47307e-06
6.9727e-06
6.92176e-06
8.76781e-06
4.50093e-06
6.31566e-06
6.76684e-06
1.71266e-05
4.59612e-05
4.12673e-05
1.76326e-05
8.91735e-06
9.24561e-06
1.10085e-05
6.34701e-06
7.99457e-06
5.50047e-06
8.44934e-06
7.46856e-06
5.54989e-06
8.69808e-06
5.52227e-06
5.83375e-06
8.65407e-06
4.43922e-06
3.91511e-06
6.10208e-06
8.30975e-06
9.29896e-06
1.88192e-05
1.08292e-05
2.28279e-05
2.38275e-05
1.62068e-05
1.10658e-05
4.31591e-05
4.93223e-05
4.47709e-05
2.04128e-05
1.51554e-05
5.41255e-06
1.32125e-05
3.03673e-05
6.33749e-06
5.8852e-06
3.31725e-06
4.73302e-06
4.85801e-06
1.26564e-05
2.97542e-05
1.43015e-05
1.40514e-05
8.42746e-06
1.24032e-05
2.15224e-05
7.78007e-05
5.58146e-05
2.15895e-05
1.66177e-05
1.29198e-05
2.03675e-05
1.8996e-05
2.57648e-05
1.17293e-05
5.96323e-06
5.32722e-06
6.39603e-06
7.82608e-06
8.10049e-06
1.34839e-05
1.38784e-05
8.92302e-06
2.15655e-05
5.00412e-05
1.56453e-05
2.14204e-05
1.86431e-05
3.10563e-05
1.52412e-05
1.97003e-05
2.03806e-05
3.44571e-05
2.02064e-05
9.54882e-06
9.05569e-06
9.22874e-06
1.83635e-05
1.16797e-05
1.85501e-05
2.01797e-05
6.75248e-06
1.0278e-05
2.28433e-05
2.6734e-05
2.41751e-05
2.74859e-05
2.65328e-05
2.65687e-05
2.1763e-05
1.80873e-05
2.99139e-05
2.89797e-05
1.59772e-05
2.7951e-05
8.54488e-06
1.70372e-05
2.35647e-05
2.073e-05
2.29552e-05
2.53053e-05
4.50297e-05
4.45663e-05
2.42345e-05
1.92142e-05
3.65231e-05
1.99869e-05
2.2745e-05
2.03754e-05
4.14494e-05
2.83343e-05
2.47999e-05
1.53483e-05
8.15226e-06
2.47758e-05
4.17905e-05
4.30367e-05
2.39648e-05
3.48302e-05
5.03334e-05
5.50067e-05
4.68966e-05
2.93507e-05
1.86018e-05
3.34298e-05
3.485e-05
6.47019e-05
2.0328e-05
2.90888e-05
4.99203e-05
4.00421e-05
1.6423e-05
1.33837e-05
2.46621e-05
2.74324e-05
3.21138e-05
2.63819e-05
2.66955e-05
3.71953e-05
2.42964e-05
3.51881e-05
6.63758e-05
6.00394e-05
3.23083e-05
3.82548e-05
5.07553e-05
9.70098e-05
7.34863e-05
6.25401e-05
8.1985e-05
3.14298e-05
1.74689e-05
1.73558e-05
3.51474e-05
4.93903e-07
7.90827e-07
8.40282e-07
1.53815e-06
1.72702e-06
8.31302e-07
8.81798e-07
7.67046e-07
1.69715e-06
2.06571e-06
1.72115e-06
1.4655e-06
1.04838e-06
2.25955e-06
2.64269e-06
1.96843e-06
2.90145e-06
3.43691e-06
2.73751e-06
2.16812e-06
6.10777e-07
7.98236e-07
1.88734e-06
1.89527e-06
2.6081e-06
4.77578e-06
2.77191e-06
1.62979e-06
2.09757e-06
1.09062e-06
1.23791e-06
1.58989e-06
1.74023e-06
1.08171e-06
8.96097e-07
2.37218e-06
2.81365e-06
2.07855e-06
3.23792e-06
3.5603e-06
1.45103e-06
2.74712e-06
3.08902e-06
2.62593e-06
3.99341e-06
4.63275e-06
3.8173e-06
3.66371e-06
1.92702e-06
1.84256e-06
2.63786e-06
2.84834e-06
2.63464e-06
4.36795e-06
5.17863e-06
2.07569e-06
1.28989e-06
2.0964e-06
2.58403e-06
1.21784e-06
2.12152e-06
2.00526e-06
2.1707e-06
1.91133e-06
4.57832e-06
4.96134e-06
8.79985e-06
5.57351e-06
3.48821e-06
3.80854e-06
5.004e-06
4.09226e-06
3.19262e-06
5.16659e-06
2.60083e-06
2.92434e-06
3.08937e-06
4.36301e-06
3.10055e-06
3.05918e-06
4.85871e-06
3.49219e-06
3.03959e-06
3.84706e-06
6.34308e-06
6.86779e-06
1.07552e-05
9.37015e-06
7.84391e-06
7.16357e-06
5.03329e-06
5.60283e-06
6.21322e-06
6.31641e-06
4.71816e-06
2.99067e-06
5.36986e-06
1.12924e-05
1.683e-05
9.7252e-06
1.20422e-05
8.75104e-06
7.05535e-06
5.35801e-06
5.93394e-06
4.13062e-06
5.91024e-06
5.70766e-06
1.14788e-05
1.09237e-05
4.75835e-06
5.13716e-06
1.36923e-05
1.49043e-05
9.40643e-06
1.79435e-05
3.60725e-05
5.31e-05
3.18801e-05
1.50134e-05
1.36791e-05
7.33144e-06
1.4045e-05
1.56962e-05
8.67646e-06
7.46999e-06
1.36353e-05
1.33265e-05
7.55061e-06
9.39518e-06
1.14024e-05
1.22148e-05
2.16641e-05
1.14802e-05
9.655e-06
1.69985e-05
4.71568e-05
3.96144e-05
1.30792e-05
1.5783e-05
1.1397e-05
1.20938e-05
2.33878e-05
2.58902e-05
1.55818e-05
1.73389e-05
2.59922e-05
2.78354e-05
1.38023e-05
1.71441e-05
8.127e-06
1.12975e-05
1.85711e-05
1.67552e-05
2.11229e-05
2.03246e-05
2.65346e-05
8.85515e-06
9.41452e-06
9.61551e-06
8.03219e-06
1.26826e-05
1.64954e-05
2.87197e-05
2.34687e-05
1.74868e-05
2.16904e-05
1.73254e-05
1.2512e-05
1.14362e-05
1.38482e-05
1.35944e-05
1.76636e-05
2.10915e-05
2.5748e-05
2.60482e-05
1.32866e-05
8.44786e-06
5.68876e-06
1.44138e-05
1.79905e-05
1.19399e-05
1.18687e-05
2.85165e-05
1.41101e-05
1.92696e-05
1.4488e-05
1.19938e-05
1.11431e-05
1.22064e-05
9.82037e-06
7.53438e-06
1.38207e-05
9.8027e-05
8.42962e-05
4.34975e-05
1.80687e-05
9.13052e-06
1.03375e-05
1.7333e-05
1.76401e-05
2.19552e-05
2.55321e-05
2.87927e-05
2.03155e-05
2.84288e-05
2.90171e-05
2.28413e-05
3.98839e-05
3.20927e-05
2.61061e-05
3.57899e-05
3.11656e-05
0.000105134
0.000170571
7.06001e-05
2.178e-05
1.36967e-05
2.05792e-05
2.88903e-05
1.8791e-05
2.2751e-05
2.43224e-05
2.4051e-05
2.23785e-05
3.65999e-05
3.38235e-05
3.52594e-05
5.90181e-05
4.19005e-05
4.624e-05
5.69587e-05
3.4685e-05
6.67005e-05
0.000248235
0.000103572
1.75425e-05
1.56483e-05
2.0819e-05
3.30097e-05
7.09661e-07
6.40527e-07
6.20821e-07
7.44413e-07
1.15304e-06
8.22566e-07
5.506e-07
5.72081e-07
1.0467e-06
1.27162e-06
1.57871e-06
1.58819e-06
7.51456e-07
1.65784e-06
2.41373e-06
2.13777e-06
2.3523e-06
1.9773e-06
2.49059e-06
1.66401e-06
6.05042e-07
8.46031e-07
1.95201e-06
2.14294e-06
4.08253e-06
4.74837e-06
3.67834e-06
1.38579e-06
1.7964e-06
2.17334e-06
1.76114e-06
2.09244e-06
2.15654e-06
2.07457e-06
2.25497e-06
3.09365e-06
2.57552e-06
1.33563e-06
2.93152e-06
3.917e-06
1.41761e-06
1.86917e-06
2.35162e-06
3.56237e-06
2.54562e-06
1.71631e-06
2.64926e-06
3.62996e-06
1.31576e-06
1.36665e-06
1.78922e-06
2.24707e-06
3.09394e-06
5.13037e-06
5.07897e-06
2.46925e-06
2.00705e-06
1.18763e-06
1.07478e-06
1.20072e-06
1.31319e-06
1.49585e-06
2.58356e-06
2.39665e-06
1.73035e-06
2.43883e-06
4.61864e-06
4.93833e-06
4.02987e-06
2.64786e-06
3.91674e-06
2.7031e-06
2.67914e-06
2.87481e-06
2.65803e-06
2.08775e-06
2.11311e-06
1.93583e-06
1.02389e-06
1.2166e-06
9.30037e-06
1.07523e-05
8.28758e-06
4.21794e-06
1.72112e-06
2.07549e-06
7.63563e-06
1.01895e-05
9.22603e-06
6.66371e-06
4.96291e-06
6.12467e-06
6.4857e-06
4.68106e-06
3.11782e-06
2.66731e-06
3.86291e-06
8.87038e-06
1.03908e-05
6.09986e-06
1.61794e-05
1.07988e-05
8.72027e-06
3.97904e-06
2.19662e-06
4.16744e-06
6.73723e-06
8.67073e-06
1.17843e-05
8.73084e-06
5.34145e-06
4.54883e-06
4.05232e-06
5.68965e-06
5.07124e-06
1.08463e-05
1.39988e-05
2.73632e-05
1.65855e-05
8.47502e-06
1.2346e-05
1.28915e-05
9.42103e-06
1.27362e-05
1.0932e-05
1.61713e-05
1.54264e-05
8.5004e-06
9.34478e-06
1.03882e-05
1.25515e-05
1.01091e-05
7.60154e-06
6.55519e-06
3.9221e-06
1.50565e-05
2.67224e-05
2.08635e-05
1.71624e-05
1.49495e-05
5.7685e-06
1.24413e-05
1.95813e-05
4.40931e-05
2.78256e-05
2.65272e-05
2.65636e-05
2.62768e-05
1.87834e-05
1.93902e-05
1.02152e-05
7.51397e-06
8.3448e-06
9.80674e-06
8.30623e-06
9.65108e-06
1.60917e-05
1.08821e-05
1.67142e-05
2.98596e-05
8.33087e-06
1.09707e-05
2.53463e-05
3.3024e-05
3.86342e-05
2.39448e-05
2.3477e-05
3.23026e-05
1.49364e-05
8.29663e-06
9.67047e-06
1.00445e-05
9.67952e-06
1.36098e-05
2.0993e-05
1.29649e-05
1.37943e-05
6.214e-06
1.13954e-05
2.66952e-05
2.00217e-05
2.81739e-05
2.47533e-05
1.71353e-05
1.39572e-05
1.35751e-05
1.27266e-05
8.50107e-06
8.56078e-06
7.84191e-06
1.08161e-05
1.01734e-05
2.09392e-05
6.98775e-05
5.60504e-05
4.1553e-05
2.00586e-05
1.73216e-05
2.59409e-05
5.64717e-05
1.99824e-05
1.5114e-05
1.2235e-05
1.22884e-05
1.08437e-05
1.22862e-05
1.20942e-05
1.23085e-05
1.88309e-05
1.80728e-05
2.10252e-05
2.56528e-05
3.43848e-05
6.30275e-05
0.000132966
7.97851e-05
2.85323e-05
3.73043e-05
3.34078e-05
2.80253e-05
1.55565e-05
1.33844e-05
1.05711e-05
9.8173e-06
1.00241e-05
1.24104e-05
1.26414e-05
1.6449e-05
2.44813e-05
2.41027e-05
2.67456e-05
3.5499e-05
3.65015e-05
7.87797e-05
0.000153932
5.10993e-05
2.42096e-05
2.56864e-05
2.2897e-05
2.29567e-05
1.66248e-06
1.72668e-06
1.77804e-06
1.05926e-06
5.91938e-07
4.70731e-07
9.98836e-07
1.59988e-06
1.26611e-06
1.60516e-06
1.08133e-06
7.18091e-07
5.1802e-07
1.02019e-06
1.69337e-06
1.42722e-06
8.9697e-07
7.97969e-07
1.39628e-06
2.6237e-06
1.19901e-06
1.79789e-06
2.64315e-06
3.75102e-06
2.92059e-06
3.83792e-06
3.19431e-06
3.69708e-06
3.98838e-06
2.47093e-06
2.80677e-06
2.95009e-06
2.41358e-06
2.21794e-06
3.85993e-06
6.8039e-06
4.72994e-06
2.62245e-06
5.42808e-06
4.72929e-06
2.57721e-06
1.82639e-06
2.27637e-06
3.22453e-06
3.5006e-06
4.02012e-06
3.66927e-06
3.52859e-06
2.93334e-06
1.73828e-06
1.66754e-06
1.56185e-06
1.7742e-06
2.59117e-06
3.36133e-06
2.05607e-06
1.9285e-06
3.51052e-06
1.65515e-06
9.81493e-07
1.82891e-06
5.26821e-06
3.67242e-06
2.14926e-06
3.38864e-06
2.33293e-06
2.21304e-06
5.05166e-06
5.0431e-06
1.3443e-06
2.95116e-06
2.61083e-06
2.46142e-06
3.78231e-06
3.79914e-06
2.81217e-06
3.86447e-06
2.68076e-06
5.25422e-06
7.82644e-06
7.79366e-06
7.18203e-06
4.76914e-06
4.5556e-06
3.77508e-06
3.22744e-06
2.5279e-06
7.36752e-06
3.38596e-06
2.67709e-06
4.44036e-06
4.4971e-06
2.98146e-06
3.69314e-06
4.44134e-06
2.38197e-06
2.75616e-06
5.23734e-06
9.69969e-06
1.01056e-05
8.22676e-06
3.67934e-06
2.52194e-06
3.7774e-06
2.81336e-06
2.52219e-06
2.84462e-06
6.76644e-06
7.41706e-06
5.35494e-06
4.74464e-06
2.66307e-06
2.77738e-06
7.30627e-06
7.08074e-06
8.5705e-06
1.0634e-05
9.4842e-06
8.22261e-06
1.23139e-05
5.3483e-06
3.82081e-06
3.20399e-06
2.71777e-06
4.61973e-06
2.65379e-06
7.02146e-06
6.72371e-06
4.93223e-06
1.09729e-05
3.90869e-06
4.97888e-06
7.02279e-06
9.05842e-06
1.68063e-05
1.37237e-05
1.41469e-05
1.18134e-05
1.46872e-05
2.71219e-05
3.09291e-06
5.58033e-06
6.80636e-06
7.81562e-06
5.47889e-06
7.96503e-06
8.83295e-06
7.12908e-06
1.16815e-05
1.00144e-05
4.87052e-06
1.09271e-05
1.46646e-05
1.45658e-05
1.22959e-05
6.99891e-06
1.13399e-05
1.27557e-05
1.00922e-05
2.38965e-05
1.31386e-05
1.44324e-05
1.19605e-05
8.81472e-06
6.33932e-06
1.0684e-05
1.03342e-05
1.27344e-05
7.50581e-06
1.05517e-05
9.33558e-06
1.72178e-05
1.55693e-05
1.65869e-05
9.46782e-06
3.76879e-06
7.0337e-06
1.09101e-05
1.11098e-05
3.16884e-05
2.02737e-05
1.67853e-05
1.01274e-05
5.84861e-06
1.50399e-05
1.44764e-05
3.39618e-05
3.28602e-05
3.1068e-05
1.9967e-05
1.75686e-05
9.90128e-06
8.40539e-06
9.23934e-06
1.24177e-05
1.53999e-05
1.78086e-05
2.25995e-05
4.55722e-05
6.0909e-05
1.66124e-05
1.49937e-05
1.25159e-05
2.32892e-05
3.37675e-05
4.80369e-05
4.59527e-05
5.24764e-05
2.38403e-05
2.0508e-05
1.38632e-05
2.60452e-05
2.80167e-05
3.34532e-05
3.75308e-05
3.88478e-05
3.52876e-05
4.68223e-05
0.000109401
9.93061e-05
1.54264e-05
1.54964e-05
1.83997e-05
2.38371e-05
3.10826e-05
3.44854e-05
3.48264e-05
2.7959e-05
2.22419e-05
2.29429e-05
3.11528e-05
4.28603e-05
4.82227e-05
4.71428e-05
4.87365e-05
4.50806e-05
4.95855e-05
7.42994e-05
8.59677e-05
4.45075e-05
2.29277e-06
2.0821e-06
1.04151e-06
1.20315e-06
1.68528e-06
1.3412e-06
1.78586e-06
1.81901e-06
3.7212e-06
4.1561e-06
2.99519e-06
2.2127e-06
1.84938e-06
1.36384e-06
1.06704e-06
1.61208e-06
9.18887e-07
1.70198e-06
2.26705e-06
2.66319e-06
4.98072e-06
2.87075e-06
3.36165e-06
2.37896e-06
2.47449e-06
2.60663e-06
5.69198e-06
6.27414e-06
2.78535e-06
2.85409e-06
2.85893e-06
3.13198e-06
3.57647e-06
3.04888e-06
3.91906e-06
5.03881e-06
7.21027e-06
5.78093e-06
3.93589e-06
4.48014e-06
3.63952e-06
2.76455e-06
3.40186e-06
3.31195e-06
3.51619e-06
5.96378e-06
8.08673e-06
4.31378e-06
2.65626e-06
2.33639e-06
3.62752e-06
5.83729e-06
4.97029e-06
6.06252e-06
5.22108e-06
5.74785e-06
5.62304e-06
5.84691e-06
5.3524e-06
4.32691e-06
5.87504e-06
4.34219e-06
4.51876e-06
3.47885e-06
2.57256e-06
6.16614e-06
9.95254e-06
3.92156e-06
1.37387e-06
1.45288e-06
2.20362e-06
2.78233e-06
2.82477e-06
2.27668e-06
3.15849e-06
4.06825e-06
5.26505e-06
4.9436e-06
7.29607e-06
7.72619e-06
4.84992e-06
3.06994e-06
5.94372e-06
1.42992e-05
1.42118e-05
1.02027e-05
7.66443e-06
3.8837e-06
2.79806e-06
2.04391e-06
2.77047e-06
3.0531e-06
2.72368e-06
5.26677e-06
4.42597e-06
3.22718e-06
3.61199e-06
3.49904e-06
7.44216e-06
8.30724e-06
2.16607e-06
3.19413e-06
9.59523e-06
1.89387e-05
1.87301e-05
8.4716e-06
5.59934e-06
8.58035e-06
5.24302e-06
4.26524e-06
4.57489e-06
3.93667e-06
3.00194e-06
4.35921e-06
4.21481e-06
2.75581e-06
3.21622e-06
7.86584e-06
1.79529e-05
1.47987e-05
3.57132e-06
5.29252e-06
7.20835e-06
8.75059e-06
2.26027e-05
1.15109e-05
8.67567e-06
1.04009e-05
7.40832e-06
7.48565e-06
7.66479e-06
5.1758e-06
4.51584e-06
4.84766e-06
9.79742e-06
1.61221e-05
1.47569e-05
1.36604e-05
1.16294e-05
1.26743e-05
5.70014e-06
6.09766e-06
7.23727e-06
9.4348e-06
1.79458e-05
8.0007e-06
1.16667e-05
2.07192e-05
1.40816e-05
7.68712e-06
5.10008e-06
2.20326e-06
7.50132e-06
7.90056e-06
9.96142e-06
9.32984e-06
1.11891e-05
1.06711e-05
1.02613e-05
9.03977e-06
1.30862e-05
2.01875e-05
1.52381e-05
1.19286e-05
9.11099e-06
1.13189e-05
1.39383e-05
1.46997e-05
1.43069e-05
1.54503e-05
5.11832e-06
5.46098e-06
8.99775e-06
8.13462e-06
7.6649e-06
6.14327e-06
1.10136e-05
1.19466e-05
1.25442e-05
1.40863e-05
2.0816e-05
7.70876e-06
9.02807e-06
9.52384e-06
9.23422e-06
1.35634e-05
1.77619e-05
1.79013e-05
1.55947e-05
1.26227e-05
1.39487e-05
1.23045e-05
1.05301e-05
1.89789e-05
1.96108e-05
1.4556e-05
1.8192e-05
2.34723e-05
2.2861e-05
1.84485e-05
1.16583e-05
1.55212e-05
1.88656e-05
2.17302e-05
2.12571e-05
2.18184e-05
2.36988e-05
2.39144e-05
2.50045e-05
2.95039e-05
2.89808e-05
2.57899e-05
3.04635e-05
2.89627e-05
2.25271e-05
1.8903e-05
1.93334e-05
1.7659e-05
1.66155e-05
1.70951e-05
1.32447e-05
1.59008e-05
2.10072e-05
2.37587e-05
2.18512e-05
2.15761e-05
2.37388e-05
2.49876e-05
2.68324e-05
3.21356e-05
3.16125e-05
2.85789e-05
3.09111e-05
2.66862e-05
1.85113e-05
1.65316e-05
1.59445e-05
1.52706e-05
1.56795e-05
1.67873e-05
2.21924e-06
1.70229e-06
1.2584e-06
7.75485e-07
5.74594e-07
1.29926e-06
1.24209e-06
1.4875e-06
2.50967e-06
3.84858e-06
4.38415e-06
3.84516e-06
2.71783e-06
1.60294e-06
1.39319e-06
1.88237e-06
1.44904e-06
2.71386e-06
2.74546e-06
3.14245e-06
3.87214e-06
2.64736e-06
2.65414e-06
2.33784e-06
1.58126e-06
2.69791e-06
3.37651e-06
3.93207e-06
4.18381e-06
2.48332e-06
2.48611e-06
3.06884e-06
3.67207e-06
1.90264e-06
2.50415e-06
2.17542e-06
7.38472e-06
7.4737e-06
4.44143e-06
4.84842e-06
3.08625e-06
4.97824e-06
7.07199e-06
5.92655e-06
3.9164e-06
5.52882e-06
4.27793e-06
5.03317e-06
3.65707e-06
2.56314e-06
2.23977e-06
2.85532e-06
6.25498e-06
7.48645e-06
7.59913e-06
9.96109e-06
6.85299e-06
4.79976e-06
8.60138e-06
7.48182e-06
7.71244e-06
4.51968e-06
5.28274e-06
3.21677e-06
4.98861e-06
5.71452e-06
9.23831e-06
6.51892e-06
3.49125e-06
2.11547e-06
2.5466e-06
4.66902e-06
4.24508e-06
7.27025e-06
7.78444e-06
3.63136e-06
4.23684e-06
2.9853e-06
4.15466e-06
3.69596e-06
5.93143e-06
4.9833e-06
1.19677e-05
2.34977e-05
1.44072e-05
1.00871e-05
1.24978e-05
8.17799e-06
2.58914e-06
2.7334e-06
2.58269e-06
4.46848e-06
3.81102e-06
3.88085e-06
5.88474e-06
4.22055e-06
4.37829e-06
3.96662e-06
4.2828e-06
3.06557e-06
6.72334e-06
3.69087e-06
1.03313e-05
1.47922e-05
8.21418e-06
5.58585e-06
8.52387e-06
8.62549e-06
3.66192e-06
4.13469e-06
8.79161e-06
1.03816e-05
3.23475e-06
3.68909e-06
7.24564e-06
3.74909e-06
3.97228e-06
3.55904e-06
5.7547e-06
2.06151e-06
6.96071e-06
5.51176e-06
4.02601e-06
5.52254e-06
9.15367e-06
7.18917e-06
7.47714e-06
8.83386e-06
5.72524e-06
4.24834e-06
1.22265e-05
1.21246e-05
6.12527e-06
8.66777e-06
1.21621e-05
6.81566e-06
5.4304e-06
4.52978e-06
5.46053e-06
2.61354e-06
9.81254e-06
5.31115e-06
5.08003e-06
6.49963e-06
9.34126e-06
7.51878e-06
6.95854e-06
8.82892e-06
7.67744e-06
8.45032e-06
8.13553e-06
4.46241e-06
1.52741e-05
1.26057e-05
5.02861e-06
3.18915e-06
5.21544e-06
5.1444e-06
5.43668e-06
3.41852e-06
1.04614e-05
7.06981e-06
5.80489e-06
6.97175e-06
6.70398e-06
7.94872e-06
7.24224e-06
9.35169e-06
2.04489e-05
1.14578e-05
3.99451e-06
1.00688e-05
2.1226e-05
9.01521e-06
5.16786e-06
3.07875e-06
5.11381e-06
5.67076e-06
4.07586e-06
4.04379e-06
6.92851e-06
5.87818e-06
1.0208e-05
1.02941e-05
7.76117e-06
6.91273e-06
1.1234e-05
2.01471e-05
1.11763e-05
1.1582e-05
1.74194e-05
1.07019e-05
5.14443e-06
6.49874e-06
8.2839e-06
9.47937e-06
1.36422e-05
2.28844e-05
2.6079e-05
2.37909e-05
1.40559e-05
2.11719e-05
2.29246e-05
2.12618e-05
2.08385e-05
2.36177e-05
3.44954e-05
3.90559e-05
4.41567e-05
5.04918e-05
2.30715e-05
1.57888e-05
1.88364e-05
2.73038e-05
2.74998e-05
2.52773e-05
2.73408e-05
2.87025e-05
2.72822e-05
2.61978e-05
1.85637e-05
2.29095e-05
2.49589e-05
2.56496e-05
2.78191e-05
3.46507e-05
4.46859e-05
4.77494e-05
4.59001e-05
5.21836e-05
3.25728e-05
2.35531e-05
3.07624e-05
3.65552e-05
2.94127e-05
2.32635e-05
2.38695e-05
2.39981e-05
2.24713e-05
2.19505e-05
2.48957e-06
2.13088e-06
2.35693e-06
2.34149e-06
1.84428e-06
1.25678e-06
1.21825e-06
1.2132e-06
2.54475e-06
3.33248e-06
4.47683e-06
3.95872e-06
2.24312e-06
1.58506e-06
1.23724e-06
1.00002e-06
3.09113e-06
3.16823e-06
2.10231e-06
1.63067e-06
2.98459e-06
3.92711e-06
3.62177e-06
3.79312e-06
3.75075e-06
3.65782e-06
2.88779e-06
1.61082e-06
2.96446e-06
3.07096e-06
3.63899e-06
3.837e-06
2.5128e-06
1.88467e-06
1.75446e-06
3.46188e-06
2.98149e-06
2.70448e-06
6.71407e-06
8.99214e-06
7.24392e-06
9.97235e-06
9.98129e-06
4.56732e-06
2.97253e-06
4.92196e-06
4.55183e-06
3.67909e-06
5.65194e-06
3.85352e-06
2.68104e-06
3.71775e-06
4.2956e-06
3.16034e-06
2.44531e-06
3.81595e-06
3.99016e-06
7.77811e-06
1.04196e-05
8.43746e-06
9.83287e-06
1.19422e-05
7.74528e-06
5.29599e-06
6.213e-06
1.01436e-05
7.59061e-06
8.15114e-06
7.71984e-06
4.4219e-06
2.42319e-06
3.19621e-06
2.59411e-06
3.84716e-06
4.06939e-06
6.06788e-06
5.05791e-06
5.913e-06
9.59394e-06
1.16041e-05
6.32572e-06
6.1628e-06
5.59921e-06
6.59843e-06
8.48789e-06
1.02261e-05
6.13997e-06
6.9663e-06
5.13707e-06
6.27496e-06
3.13076e-06
1.9133e-06
1.87937e-06
3.07921e-06
3.68031e-06
7.46737e-06
5.42575e-06
9.40823e-06
1.67676e-05
1.63553e-05
8.56988e-06
6.90676e-06
4.27251e-06
5.50067e-06
4.24841e-06
7.25137e-06
8.87434e-06
5.99461e-06
5.35092e-06
7.59869e-06
4.96293e-06
3.18917e-06
2.28566e-06
3.42624e-06
4.24988e-06
1.07635e-05
6.71605e-06
1.58825e-05
1.70974e-05
9.9896e-06
7.9281e-06
7.86615e-06
4.77089e-06
4.70552e-06
6.44582e-06
5.56753e-06
5.13588e-06
2.21154e-06
1.62321e-05
7.60625e-06
5.73645e-06
3.91569e-06
7.78261e-06
9.63149e-06
3.67671e-06
1.63429e-05
1.74467e-05
2.27022e-05
2.9909e-05
1.52166e-05
8.70157e-06
1.01485e-05
8.34899e-06
8.33235e-06
6.06916e-06
5.57732e-06
3.00947e-06
1.77782e-05
3.92731e-05
2.89378e-05
8.61015e-06
6.32329e-06
1.9544e-05
2.03643e-05
7.24106e-06
1.67798e-05
1.44827e-05
2.90131e-05
3.82951e-05
2.83339e-05
6.46776e-06
1.02855e-05
2.20423e-05
1.09993e-05
1.6564e-05
8.50692e-06
1.04181e-05
2.87662e-05
3.38614e-05
3.72484e-05
2.17122e-05
2.54195e-05
2.80028e-05
3.01167e-05
3.04146e-05
2.83378e-05
1.60346e-05
2.3599e-05
2.90558e-05
3.23442e-05
1.35398e-05
1.36851e-05
1.17628e-05
1.74674e-05
2.05807e-05
2.06362e-05
3.25452e-05
1.36303e-05
1.64137e-05
3.60921e-05
1.91381e-05
1.56302e-05
3.50748e-05
5.53203e-05
4.4783e-05
5.76096e-05
4.08507e-05
2.01701e-05
1.40491e-05
1.82634e-05
1.89554e-05
1.75308e-05
2.26066e-05
1.76504e-05
4.32106e-05
4.39396e-05
1.73558e-05
1.53567e-05
2.33292e-05
1.95207e-05
1.92051e-05
3.51024e-05
5.79329e-05
4.11609e-05
3.59133e-05
3.35796e-05
5.2125e-05
2.01524e-05
1.99534e-05
1.65627e-05
2.22719e-05
2.14288e-05
3.05024e-05
2.82744e-05
4.24938e-05
3.34811e-05
1.42616e-05
1.693e-05
1.84958e-05
1.8964e-05
2.96291e-05
4.79932e-05
5.90026e-05
4.23643e-05
3.07187e-05
2.81925e-05
2.79231e-05
1.62382e-05
1.6999e-05
1.51138e-05
2.12121e-06
4.60059e-06
6.81311e-06
4.83411e-06
3.11611e-06
2.07514e-06
2.11946e-06
2.54868e-06
5.09063e-06
4.67101e-06
3.64244e-06
4.05759e-06
4.0883e-06
2.80683e-06
1.44208e-06
6.68719e-07
8.71326e-07
1.10508e-06
9.14059e-07
7.75322e-07
5.62486e-06
4.56703e-06
4.28742e-06
3.87816e-06
3.55205e-06
3.74211e-06
2.99165e-06
2.0221e-06
1.73468e-06
1.96687e-06
2.28395e-06
2.6671e-06
2.16551e-06
1.95859e-06
1.55717e-06
1.51296e-06
2.31432e-06
2.6071e-06
1.41563e-06
2.50035e-06
2.06883e-06
5.51891e-06
3.88156e-06
3.74205e-06
7.02392e-06
3.79443e-06
3.32365e-06
2.36626e-06
2.81249e-06
1.54981e-06
2.04197e-06
2.95759e-06
2.32678e-06
3.07501e-06
3.23016e-06
3.78964e-06
2.54984e-06
2.17387e-06
3.79085e-06
4.01876e-06
4.32011e-06
4.95199e-06
5.7893e-06
9.39439e-06
6.37268e-06
4.90014e-06
5.69215e-06
3.71019e-06
2.91917e-06
2.61817e-06
2.23051e-06
3.10967e-06
1.91375e-06
1.37876e-06
2.58647e-06
3.31893e-06
3.38865e-06
4.69572e-06
7.41792e-06
7.55627e-06
6.03289e-06
4.80696e-06
3.91172e-06
3.49906e-06
2.90391e-06
3.40099e-06
5.98564e-06
3.60446e-06
1.69967e-06
2.74828e-06
1.96771e-06
2.18737e-06
1.12191e-06
2.49933e-06
3.03133e-06
6.81945e-06
6.99802e-06
7.7837e-06
9.32846e-06
1.27551e-05
5.38949e-06
5.67427e-06
5.84152e-06
2.16806e-06
4.7098e-06
4.2015e-06
5.23261e-06
3.47905e-06
2.8464e-06
4.62417e-06
2.35818e-06
2.56664e-06
1.47659e-06
2.28932e-06
2.95053e-06
6.16977e-06
5.92962e-06
1.24778e-05
1.44205e-05
8.58257e-06
7.88072e-06
1.55229e-05
1.46871e-05
4.66226e-06
1.11996e-05
3.90848e-06
6.56344e-06
7.54748e-06
8.64522e-06
4.37677e-06
7.53295e-06
7.78998e-06
3.44451e-06
2.26367e-06
3.52349e-06
5.78705e-06
5.80164e-06
1.4224e-05
1.93231e-05
1.78597e-05
2.4169e-05
2.50597e-05
2.16031e-05
1.34617e-05
2.00217e-05
1.0858e-05
1.31573e-05
7.77183e-06
8.62758e-06
1.33614e-05
7.44031e-06
6.36645e-06
5.84891e-06
9.53446e-06
5.11807e-06
7.76879e-06
1.45437e-05
1.29484e-05
1.67356e-05
3.28815e-05
2.23599e-05
2.89318e-05
2.18944e-05
2.68755e-05
3.43024e-05
2.32089e-05
1.20708e-05
8.58792e-06
1.2685e-05
1.04092e-05
3.7705e-06
4.14472e-06
1.00758e-05
1.84536e-05
1.50779e-05
3.15314e-05
4.53015e-05
3.75112e-05
6.88856e-05
6.93337e-05
2.07728e-05
1.64161e-05
3.48938e-05
5.38941e-05
3.35407e-05
1.47099e-05
1.64418e-05
1.22478e-05
1.78076e-05
1.43774e-05
1.09627e-05
1.52295e-05
1.98377e-05
1.11656e-05
1.77932e-05
9.43729e-06
4.49407e-05
6.4979e-05
2.84688e-05
9.04938e-06
3.79563e-05
5.16029e-05
4.96113e-05
2.07243e-05
1.35696e-05
1.56748e-05
2.42276e-05
2.98887e-05
4.22472e-05
3.18902e-05
2.69207e-05
2.76074e-05
2.43298e-05
4.47796e-05
6.31247e-05
0.000123432
0.000145321
4.52223e-05
1.71854e-05
1.41064e-05
3.7584e-05
5.25666e-05
3.42929e-05
1.22863e-05
1.22497e-05
1.5736e-05
2.76573e-05
3.15392e-05
4.22378e-05
4.46734e-05
3.94207e-05
4.30613e-05
5.30494e-05
7.94628e-05
0.000100198
0.000120782
0.000100278
2.38401e-05
1.38361e-05
1.43341e-05
2.92401e-06
6.9303e-06
5.13814e-06
4.65088e-06
3.80994e-06
3.50159e-06
2.41833e-06
3.54533e-06
4.5075e-06
7.08223e-06
6.35469e-06
6.62901e-06
5.72362e-06
3.15644e-06
1.55708e-06
1.14376e-06
1.12232e-06
1.06052e-06
1.11542e-06
1.03728e-06
5.97897e-06
9.76775e-06
7.42588e-06
5.49231e-06
4.95883e-06
3.63983e-06
3.59735e-06
1.97721e-06
2.49024e-06
3.12438e-06
3.7658e-06
3.26419e-06
4.90327e-06
6.58515e-06
6.92474e-06
4.66481e-06
4.15514e-06
3.5849e-06
1.67969e-06
1.22235e-06
4.01828e-06
3.84827e-06
3.00355e-06
3.83231e-06
4.12255e-06
4.47248e-06
2.99911e-06
2.38197e-06
2.65417e-06
3.14399e-06
5.58678e-06
5.37367e-06
4.00651e-06
6.01655e-06
5.19321e-06
3.73295e-06
2.77505e-06
2.142e-06
2.01525e-06
1.3381e-06
1.40002e-06
2.3862e-06
4.611e-06
1.04893e-05
9.65852e-06
4.8287e-06
3.01886e-06
2.158e-06
3.24028e-06
5.29241e-06
5.65182e-06
3.72722e-06
4.11615e-06
4.72313e-06
4.72251e-06
3.82787e-06
3.58254e-06
2.94919e-06
2.94305e-06
3.79938e-06
2.66684e-06
2.92877e-06
3.87395e-06
4.95609e-06
3.69063e-06
3.91236e-06
2.56807e-06
2.82102e-06
2.75369e-06
3.64818e-06
3.75049e-06
2.69581e-06
3.84997e-06
4.71225e-06
4.60008e-06
3.35708e-06
4.3292e-06
2.68131e-06
6.15444e-06
1.20834e-05
4.04847e-06
6.96022e-06
6.26128e-06
3.37061e-06
4.75475e-06
3.1754e-06
3.34745e-06
7.64848e-06
5.68667e-06
4.68221e-06
4.77843e-06
4.63921e-06
4.39454e-06
3.26435e-06
2.35529e-06
2.40659e-06
4.8528e-06
5.83924e-06
8.14816e-06
8.69995e-06
1.00459e-05
9.24659e-06
9.7241e-06
8.24851e-06
7.8844e-06
4.85486e-06
9.45852e-06
1.73827e-05
1.02749e-05
7.30772e-06
4.81768e-06
5.13352e-06
6.32435e-06
4.73979e-06
5.60171e-06
5.75475e-06
4.5662e-06
8.6002e-06
7.23989e-06
3.81236e-06
2.09744e-05
1.26997e-05
1.06984e-05
1.23256e-05
1.4111e-05
1.91375e-05
2.44103e-05
1.58402e-05
1.73959e-05
1.24334e-05
7.34007e-06
7.01707e-06
7.30791e-06
1.60553e-05
1.78191e-05
1.05202e-05
9.8345e-06
1.79379e-05
1.28708e-05
1.03851e-05
1.93521e-05
1.42365e-05
2.05202e-05
1.33572e-05
1.74571e-05
1.82533e-05
2.3281e-05
1.08215e-05
8.59095e-06
1.06693e-05
8.92533e-06
1.13972e-05
2.21135e-05
2.16587e-05
1.66269e-05
2.23235e-05
2.42234e-05
2.60311e-05
2.2304e-05
1.08671e-05
4.86477e-05
4.1559e-05
3.33514e-05
3.56905e-05
1.88795e-05
2.52282e-05
3.15027e-05
1.66065e-05
3.39563e-05
3.32623e-05
2.85441e-05
2.9432e-05
1.43278e-05
1.24381e-05
1.10007e-05
2.27325e-05
3.18254e-05
4.12127e-05
5.04015e-05
1.51595e-05
5.72526e-05
5.89681e-05
4.02267e-05
2.47748e-05
2.70912e-05
3.021e-05
2.06626e-05
2.51343e-05
2.46118e-05
1.82892e-05
1.54326e-05
1.24135e-05
1.07741e-05
1.67413e-05
3.99225e-05
7.63695e-05
8.10079e-05
7.88107e-05
4.63458e-05
1.23959e-05
4.63084e-05
4.45529e-05
2.58039e-05
2.27209e-05
2.59437e-05
2.36885e-05
1.88545e-05
2.10588e-05
1.80307e-05
1.51721e-05
1.28905e-05
1.23415e-05
1.68315e-05
3.29787e-05
5.89251e-05
7.59683e-05
6.46302e-05
5.96121e-05
2.64343e-05
1.35395e-05
8.39389e-07
1.85526e-06
3.14562e-06
1.69385e-06
7.88205e-07
2.02832e-06
2.56533e-06
2.72441e-06
2.68977e-06
1.24476e-06
1.17014e-06
2.566e-06
3.02941e-06
3.62618e-06
3.0454e-06
3.06106e-06
1.85841e-06
2.64293e-06
2.83389e-06
2.07115e-06
2.31013e-06
4.19746e-06
4.16657e-06
1.52086e-06
2.19445e-06
2.7402e-06
3.98249e-06
4.51634e-06
2.67803e-06
2.90072e-06
4.23159e-06
5.40598e-06
9.58144e-06
1.08618e-05
8.58648e-06
5.88908e-06
3.62554e-06
2.60669e-06
2.19745e-06
1.45914e-06
7.68579e-06
4.71159e-06
1.44734e-06
1.48081e-06
2.27387e-06
2.88468e-06
3.43986e-06
6.49572e-06
5.97701e-06
5.30451e-06
5.73071e-06
7.6007e-06
5.57468e-06
3.36161e-06
4.26427e-06
3.28127e-06
3.14503e-06
3.1833e-06
2.59782e-06
1.95264e-06
1.65236e-06
2.16516e-06
3.81018e-06
1.48411e-06
2.34477e-06
2.08989e-06
1.48028e-06
2.82016e-06
4.48779e-06
3.48559e-06
7.73493e-06
7.87975e-06
4.71451e-06
1.64621e-06
1.77465e-06
2.35085e-06
3.33604e-06
3.00321e-06
2.56403e-06
2.7346e-06
1.8447e-06
1.24603e-06
2.57222e-06
2.70279e-06
1.97467e-06
2.58365e-06
2.9259e-06
7.05431e-06
4.58534e-06
5.77379e-06
7.05506e-06
5.21631e-06
3.61892e-06
4.86509e-06
2.97875e-06
3.03094e-06
2.88038e-06
3.57749e-06
3.83948e-06
4.24047e-06
2.79403e-06
4.50523e-06
3.61169e-06
2.47928e-06
3.21738e-06
3.94038e-06
5.8628e-06
1.26493e-05
1.1657e-05
8.84987e-06
8.04119e-06
5.92812e-06
6.47876e-06
7.18061e-06
5.21877e-06
1.00703e-05
6.90165e-06
2.15751e-06
3.14409e-06
3.90042e-06
7.41328e-06
7.54692e-06
3.20039e-06
4.63131e-06
5.80209e-06
4.79919e-06
7.92677e-06
5.84814e-06
1.56227e-05
1.04909e-05
1.17425e-05
5.46796e-06
5.31515e-06
3.00527e-06
1.33741e-05
2.75795e-05
1.63246e-05
7.49061e-06
1.05617e-05
2.24362e-05
7.5868e-06
5.98649e-06
5.13489e-06
1.1243e-05
4.62118e-06
6.42049e-06
5.10073e-06
6.55299e-06
9.6655e-06
1.28043e-05
9.80911e-06
8.21801e-06
4.09144e-06
3.21677e-06
3.3354e-05
3.20738e-05
2.89482e-05
3.70846e-05
3.31911e-05
1.64836e-05
1.4982e-05
6.5791e-06
8.73701e-06
1.33634e-05
1.08816e-05
6.75767e-06
1.01436e-05
6.36325e-06
5.61446e-06
4.07339e-06
1.4505e-05
1.22365e-05
9.25584e-06
1.87038e-05
1.33222e-05
2.00553e-05
1.71254e-05
1.43296e-05
1.9505e-05
1.88257e-05
2.29834e-05
1.19065e-05
9.57778e-06
1.22355e-05
1.6689e-05
2.33388e-05
8.21767e-05
7.90632e-05
2.11653e-05
1.69591e-05
1.2733e-05
1.52379e-05
3.27313e-05
2.80045e-05
1.52417e-05
1.28246e-05
8.90314e-06
1.7263e-05
1.98354e-05
2.01972e-05
2.75857e-05
3.49001e-05
4.70475e-05
6.8549e-05
6.89032e-05
0.000102693
7.84061e-05
2.90961e-05
1.76296e-05
1.76378e-05
1.69492e-05
2.24895e-05
4.26792e-05
1.57184e-05
1.26287e-05
1.28034e-05
2.09369e-05
2.21352e-05
2.50021e-05
1.63943e-05
4.73812e-05
6.07889e-05
8.65748e-05
0.000108963
0.000104441
7.17065e-05
3.08454e-05
1.79467e-05
1.7658e-05
1.84701e-05
1.77249e-05
2.03654e-05
2.25391e-05
1.18647e-05
1.05163e-05
1.13831e-05
1.55099e-05
1.92202e-05
2.02096e-05
1.77404e-05
8.7745e-07
9.89568e-07
1.01077e-06
1.19241e-06
1.73811e-06
2.97372e-06
5.03886e-06
4.66415e-06
3.37673e-06
1.44585e-06
1.00044e-06
1.18017e-06
1.86312e-06
2.60727e-06
2.31107e-06
1.55919e-06
9.5149e-07
1.19874e-06
2.49984e-06
2.62602e-06
2.64539e-06
2.34044e-06
2.60917e-06
5.23024e-06
6.85884e-06
8.08539e-06
5.54614e-06
3.10523e-06
4.15112e-06
4.44274e-06
3.02993e-06
3.86315e-06
6.28931e-06
1.3957e-05
1.15047e-05
5.66665e-06
2.62619e-06
2.30693e-06
3.33331e-06
2.3426e-06
2.63547e-06
1.87739e-06
2.58006e-06
7.01089e-06
6.0782e-06
2.63939e-06
3.54938e-06
3.33944e-06
4.22225e-06
5.15624e-06
4.43998e-06
4.26554e-06
5.53228e-06
6.45528e-06
8.1184e-06
2.64695e-06
2.95677e-06
2.58072e-06
4.08606e-06
4.60059e-06
4.71371e-06
3.95776e-06
2.76966e-06
3.6206e-06
5.20882e-06
3.42677e-06
2.90685e-06
2.49181e-06
3.05928e-06
1.71063e-06
4.4474e-06
4.58601e-06
4.17149e-06
7.38159e-06
6.28586e-06
5.30021e-06
4.56371e-06
4.49943e-06
3.87598e-06
5.99362e-06
2.79245e-06
3.22452e-06
2.62523e-06
3.17431e-06
4.5856e-06
3.5616e-06
3.17962e-06
9.74919e-06
1.26727e-05
1.00284e-05
7.8989e-06
5.10654e-06
4.94528e-06
3.43871e-06
4.48802e-06
8.56229e-06
9.6125e-06
4.89581e-06
6.01563e-06
9.46028e-06
1.80388e-06
2.52505e-06
2.23519e-06
5.56497e-06
7.67279e-06
6.12545e-06
8.38276e-06
2.74974e-05
1.86861e-05
1.019e-05
1.10428e-05
6.78337e-06
1.76995e-05
1.36328e-05
1.52063e-05
9.94895e-06
4.90776e-06
3.46339e-06
5.14281e-06
7.87242e-06
3.72165e-06
6.91048e-06
7.87134e-06
8.00402e-06
1.57321e-05
1.88243e-05
2.38312e-05
1.98047e-05
1.30163e-05
1.32328e-05
9.17704e-06
1.53094e-05
3.07075e-05
3.82626e-05
2.78093e-05
1.21228e-05
4.50036e-06
5.12179e-06
4.18266e-06
5.73222e-06
6.32877e-06
7.37538e-06
9.00623e-06
1.36401e-05
1.85229e-05
2.1731e-05
4.4133e-05
3.11274e-05
1.51648e-05
1.37213e-05
1.1118e-05
1.29349e-05
2.06403e-05
2.86411e-05
1.62602e-05
4.80316e-06
3.97381e-06
4.06613e-06
4.21095e-06
7.87295e-06
1.40968e-05
7.64007e-06
1.68206e-05
2.27573e-05
1.68055e-05
2.82111e-05
4.26316e-05
3.91022e-05
1.38624e-05
1.21413e-05
1.59593e-05
1.812e-05
7.96751e-06
1.49572e-05
1.4096e-05
5.8547e-06
3.47714e-06
5.3503e-06
6.95528e-06
4.98407e-06
2.08717e-05
3.19173e-05
4.35605e-05
4.44493e-05
1.87531e-05
2.57483e-05
3.64154e-05
2.93878e-05
1.70968e-05
9.59927e-06
1.72592e-05
2.09181e-05
1.43637e-05
2.73523e-05
2.7506e-05
9.05551e-06
9.80142e-06
1.38327e-05
9.15525e-06
6.00275e-06
3.90725e-05
3.33692e-05
2.98992e-05
2.77544e-05
4.40741e-05
5.7258e-05
4.91354e-05
3.78221e-05
1.78076e-05
2.02939e-05
3.21902e-05
5.46529e-05
7.22575e-05
8.03937e-05
5.90254e-05
4.17205e-05
4.63607e-05
4.23353e-05
3.51918e-05
3.49227e-05
4.40126e-05
4.12952e-05
3.7762e-05
3.89867e-05
4.98604e-05
5.88277e-05
4.555e-05
4.19178e-05
2.90071e-05
2.90019e-05
4.49494e-05
7.38062e-05
8.16415e-05
7.89846e-05
5.70015e-05
5.22632e-05
5.14684e-05
4.62172e-05
4.62961e-05
4.71881e-05
1.11672e-06
1.1845e-06
9.13686e-07
6.68135e-07
1.41649e-06
1.18417e-06
1.95277e-06
1.78383e-06
1.44704e-06
6.48307e-07
6.09982e-07
1.38635e-06
1.97968e-06
1.58422e-06
1.61489e-06
1.25586e-06
1.2097e-06
1.25182e-06
2.31613e-06
2.22104e-06
2.23991e-06
2.44466e-06
1.73789e-06
1.69963e-06
4.487e-06
5.07229e-06
4.34821e-06
3.37611e-06
4.14287e-06
4.25886e-06
1.42535e-06
1.52112e-06
4.11456e-06
6.75548e-06
4.08361e-06
2.67531e-06
1.46746e-06
1.38231e-06
2.24455e-06
2.67738e-06
1.44667e-06
1.33683e-06
1.75807e-06
1.74704e-06
3.50086e-06
4.26909e-06
3.31791e-06
3.69421e-06
3.65693e-06
3.07015e-06
2.81872e-06
2.50275e-06
2.94537e-06
5.1453e-06
4.62945e-06
2.3588e-06
4.10149e-06
3.53168e-06
4.44308e-06
6.854e-06
2.30923e-06
2.69472e-06
2.5901e-06
3.94812e-06
4.71337e-06
3.16128e-06
3.10493e-06
3.59758e-06
1.59501e-06
1.23884e-06
1.36331e-06
2.07012e-06
3.02047e-06
3.68819e-06
2.9032e-06
2.70434e-06
3.02379e-06
3.75285e-06
3.25109e-06
5.8439e-06
3.20387e-06
4.07154e-06
3.0814e-06
2.69802e-06
1.81212e-06
1.83869e-06
3.28925e-06
1.65813e-05
1.56684e-05
6.36569e-06
2.26342e-06
2.48255e-06
1.70644e-05
1.23166e-05
5.15714e-06
4.40078e-06
7.50266e-06
8.52568e-06
8.19743e-06
8.61809e-06
5.40985e-06
1.02113e-05
6.61695e-06
6.19199e-06
9.23179e-06
1.16689e-05
2.25543e-05
3.3716e-05
1.62045e-05
1.04213e-05
8.47253e-06
1.70136e-05
3.65296e-05
5.04097e-05
3.99143e-05
1.80978e-05
1.24565e-05
8.98532e-06
7.85941e-06
7.22797e-06
1.54685e-05
1.64841e-05
1.97973e-05
2.28219e-05
3.24499e-05
3.75031e-05
2.01224e-05
1.11188e-05
1.0493e-05
1.89936e-05
1.02448e-05
2.56505e-05
4.60749e-05
5.5303e-05
2.93093e-05
1.6374e-05
8.27874e-06
7.80075e-06
8.27045e-06
7.88407e-06
2.17261e-05
2.60731e-05
1.49935e-05
3.70898e-05
2.91351e-05
1.54923e-05
3.09399e-05
1.94218e-05
2.17456e-05
2.83713e-05
2.66974e-05
2.17306e-05
3.99751e-05
3.03576e-05
1.70166e-05
7.09544e-06
7.49077e-06
8.99438e-06
1.22239e-05
1.04829e-05
4.28515e-05
3.67628e-05
4.15502e-05
4.18228e-05
2.53356e-05
1.97589e-05
4.39199e-05
1.56941e-05
1.53602e-05
4.78782e-05
3.86012e-05
2.75055e-05
2.69209e-05
1.58466e-05
1.51958e-05
1.47526e-05
1.10163e-05
1.37101e-05
1.30036e-05
7.59889e-06
4.88685e-05
2.99346e-05
5.38431e-05
9.39635e-05
1.89003e-05
1.88581e-05
2.33325e-05
4.35726e-05
4.95715e-05
3.2297e-05
3.39356e-05
3.68161e-05
2.89886e-05
3.32274e-05
3.13709e-05
1.7777e-05
1.60195e-05
1.31682e-05
8.42417e-06
5.73832e-06
4.5942e-05
2.56912e-05
3.69024e-05
3.3215e-05
1.62038e-05
2.25771e-05
2.11018e-05
3.72245e-05
3.49002e-05
2.7348e-05
2.90709e-05
2.59314e-05
3.18571e-05
3.54099e-05
2.78124e-05
2.08536e-05
1.96532e-05
1.83985e-05
1.96744e-05
2.13193e-05
3.05096e-05
1.98587e-05
2.15391e-05
1.83963e-05
1.72059e-05
2.2749e-05
2.50194e-05
3.91586e-05
2.91877e-05
1.84838e-05
2.20111e-05
2.47234e-05
3.04398e-05
2.9957e-05
2.29916e-05
2.17753e-05
2.26915e-05
2.38819e-05
2.91654e-05
2.96384e-05
1.00807e-06
8.42552e-07
1.11256e-06
1.29346e-06
8.99831e-07
1.04898e-06
1.16116e-06
9.11188e-07
1.10879e-06
5.07658e-07
6.17967e-07
6.41824e-07
1.38754e-06
1.44063e-06
8.48659e-07
8.38135e-07
9.70005e-07
1.09558e-06
1.44897e-06
1.61773e-06
9.2324e-07
3.43886e-06
3.35782e-06
3.68881e-06
1.09197e-06
1.41143e-06
2.3724e-06
2.31012e-06
5.68858e-06
4.45671e-06
2.436e-06
1.47969e-06
1.35281e-06
8.47973e-07
2.68058e-07
3.6287e-07
4.85515e-07
7.09507e-07
1.16108e-06
1.70535e-06
1.88213e-06
1.78487e-06
1.39984e-06
1.19559e-06
2.05297e-06
2.92813e-06
1.98106e-06
3.51241e-06
4.61634e-06
1.95337e-06
2.02599e-06
2.05009e-06
2.14436e-06
1.09348e-06
7.90234e-07
1.0937e-06
9.42738e-07
2.16337e-06
2.42251e-06
4.11908e-06
1.85193e-06
2.87211e-06
2.60439e-06
1.19676e-06
1.98358e-06
1.92192e-06
1.58223e-06
1.45451e-06
1.64834e-06
9.20737e-07
1.18288e-06
1.10886e-06
1.81031e-06
2.00692e-06
1.32584e-06
9.67295e-07
1.19647e-06
4.4442e-06
5.73515e-06
4.06615e-06
1.09301e-05
6.58255e-06
6.97772e-06
3.64052e-06
3.07793e-06
1.69921e-06
1.43798e-06
1.28277e-06
1.54134e-06
1.27717e-06
1.46335e-06
2.63401e-06
3.98191e-06
1.31738e-06
1.36187e-06
3.35525e-06
3.04145e-06
4.77366e-06
7.92956e-06
3.15551e-06
2.32631e-05
2.11798e-05
1.15416e-05
1.04701e-05
3.86265e-06
1.98527e-06
2.87258e-06
4.50393e-06
8.24494e-06
1.5665e-06
3.38866e-06
7.26014e-06
2.62794e-05
1.09838e-05
6.88703e-06
7.17701e-06
1.33503e-05
2.84436e-05
1.84877e-05
1.28579e-05
1.99942e-05
1.49279e-05
1.06448e-05
1.63848e-05
1.16929e-05
3.65831e-06
2.89319e-06
1.47464e-05
3.83631e-06
5.19318e-06
6.34184e-06
1.57811e-05
1.56686e-05
3.40676e-05
1.30003e-05
8.12767e-06
1.4184e-05
2.72816e-05
1.77169e-05
1.72088e-05
1.81011e-05
1.63412e-05
1.71957e-05
3.07278e-05
1.46782e-05
1.56694e-05
4.98911e-06
1.46171e-05
5.80401e-06
6.81228e-06
1.86879e-05
5.03899e-05
2.18306e-05
1.52657e-05
1.35845e-05
2.02367e-05
1.62883e-05
2.75388e-05
1.89781e-05
1.55929e-05
1.98972e-05
1.31695e-05
1.24943e-05
2.27091e-05
1.20178e-05
1.99295e-05
8.96469e-06
2.30622e-05
3.93025e-06
2.05567e-05
1.39041e-05
2.46779e-05
3.26918e-05
1.45945e-05
3.34518e-05
1.80092e-05
2.35111e-05
2.25773e-05
3.06052e-05
2.06176e-05
1.9327e-05
1.04119e-05
1.12253e-05
8.21039e-06
4.59291e-06
1.13633e-05
1.57316e-05
4.32333e-06
1.57563e-05
4.94982e-05
2.96408e-05
1.51489e-05
2.91564e-05
3.23841e-05
2.09568e-05
2.48314e-05
2.48594e-05
4.02929e-05
8.42453e-05
6.84249e-05
2.52766e-05
2.59485e-05
3.08948e-05
2.09567e-05
2.115e-05
3.38969e-05
3.09597e-05
4.30364e-05
9.60367e-05
0.000118561
7.15698e-05
4.57878e-05
4.97848e-05
4.58503e-05
3.603e-05
3.4512e-05
3.27086e-05
0.000125104
0.000119372
5.34102e-05
3.48712e-05
3.79695e-05
5.00784e-05
4.61242e-05
4.66064e-05
8.02572e-05
9.91045e-05
0.000122941
0.00012061
9.21876e-05
4.21503e-05
3.93734e-05
3.48857e-05
2.89687e-05
3.40536e-05
3.60519e-05
3.97809e-05
5.94276e-05
4.79955e-05
2.19433e-05
1.34593e-06
1.94688e-06
1.40857e-06
8.08795e-07
5.56158e-07
6.05554e-07
5.57925e-07
9.06306e-07
1.32299e-06
1.29738e-06
1.13279e-06
8.34671e-07
7.84635e-07
8.05717e-07
7.19229e-07
1.01737e-06
8.51065e-07
1.03872e-06
8.39378e-07
9.40964e-07
1.20207e-06
1.85039e-06
3.06776e-06
2.66158e-06
8.98517e-07
9.20028e-07
8.88318e-07
1.9198e-06
3.10634e-06
2.24328e-06
1.72889e-06
1.41582e-06
1.13295e-06
1.06377e-06
9.55642e-07
4.31866e-07
3.6881e-07
8.13213e-07
1.0949e-06
8.86831e-07
1.42759e-06
2.23183e-06
2.95106e-06
2.612e-06
1.4988e-06
1.119e-06
1.05275e-06
1.20404e-06
1.74627e-06
7.56162e-07
2.00803e-06
2.00775e-06
1.73521e-06
1.31155e-06
7.80535e-07
9.9631e-07
1.11433e-06
1.42379e-06
1.63113e-06
1.31457e-06
1.95625e-06
1.95729e-06
1.95174e-06
2.35542e-06
2.5664e-06
2.85289e-06
1.70755e-06
1.35879e-06
1.66571e-06
1.45495e-06
1.66132e-06
2.40724e-06
1.84204e-06
1.52341e-06
1.45936e-06
1.58183e-06
1.63404e-06
1.71475e-06
2.11174e-06
5.85959e-06
2.54997e-06
3.0746e-06
2.14168e-06
5.81733e-06
8.58861e-06
5.35328e-06
2.47772e-06
1.77618e-06
2.06572e-06
1.80067e-06
1.06904e-06
1.73095e-06
1.68323e-06
1.40701e-06
1.82048e-06
1.85883e-06
1.27777e-06
4.5547e-06
3.76841e-06
2.9939e-06
4.82938e-06
8.96733e-06
1.10238e-05
8.85245e-06
7.53312e-06
5.21822e-06
3.30293e-06
1.60674e-06
2.07135e-06
2.92738e-06
1.31582e-06
2.10353e-06
3.20284e-06
2.94854e-06
1.76144e-06
1.52826e-06
2.42291e-06
5.48261e-06
7.12857e-06
4.28263e-06
1.23839e-05
1.35565e-05
1.00766e-05
8.78239e-06
9.9556e-06
7.6785e-06
3.88033e-06
1.30824e-06
2.2549e-06
2.2055e-06
2.27201e-06
2.25861e-06
3.37169e-06
4.70266e-06
2.61621e-06
3.25351e-06
5.29942e-06
1.0288e-05
6.45609e-06
5.50223e-06
1.37114e-05
9.89667e-06
8.51635e-06
1.01565e-05
8.50091e-06
8.49894e-06
3.69404e-06
2.54092e-06
1.35607e-06
2.35783e-06
4.76459e-06
7.79876e-06
2.55189e-06
5.50686e-06
1.06726e-05
6.95203e-06
8.89774e-06
1.18064e-05
1.79696e-05
1.63179e-05
7.76475e-06
6.25937e-06
7.6538e-06
3.02553e-06
5.06206e-06
5.31542e-06
5.54136e-06
6.37655e-06
5.1407e-06
5.10552e-06
7.20982e-06
5.06329e-06
7.38248e-06
5.59728e-06
5.6303e-06
7.88817e-06
1.02201e-05
1.76496e-05
2.88327e-05
4.08018e-05
1.48757e-05
9.65043e-06
5.66077e-06
4.5017e-06
5.3608e-06
9.32823e-06
1.65148e-05
1.36221e-05
1.12181e-05
2.24016e-05
2.96627e-05
2.01613e-05
1.31219e-05
2.5227e-05
1.43249e-05
2.56084e-05
2.71e-05
2.40089e-05
3.17878e-05
5.19338e-05
5.99603e-05
3.28752e-05
2.68332e-05
3.10811e-05
4.58427e-05
4.32663e-05
3.77478e-05
3.44657e-05
8.51148e-05
8.20366e-05
4.46072e-05
4.95132e-05
6.60091e-05
5.13507e-05
7.94235e-05
7.48898e-05
4.171e-05
5.24149e-05
5.12383e-05
2.56982e-05
7.24999e-05
4.64496e-05
4.22436e-05
5.62524e-05
6.07116e-05
5.03547e-05
4.35437e-05
6.01579e-05
0.000101279
7.26822e-05
4.84819e-05
6.59057e-05
5.61338e-05
6.24454e-05
0.000106312
8.98668e-05
4.73477e-05
7.428e-05
3.10446e-05
1.87671e-05
)
;

boundaryField
{
    bottomWall
    {
        type            fixedValue;
        value           uniform 0;
    }
    topWall
    {
        type            fixedValue;
        value           uniform 0;
    }
    sides1_half0
    {
        type            cyclic;
    }
    sides1_half1
    {
        type            cyclic;
    }
    sides2_half0
    {
        type            cyclic;
    }
    sides2_half1
    {
        type            cyclic;
    }
    inout1_half0
    {
        type            cyclic;
    }
    inout1_half1
    {
        type            cyclic;
    }
    inout2_half0
    {
        type            cyclic;
    }
    inout2_half1
    {
        type            cyclic;
    }
}


// ************************************************************************* //
