/*--------------------------------*- C++ -*----------------------------------*\
| =========                 |                                                 |
| \\      /  F ield         | OpenFOAM: The Open Source CFD Toolbox           |
|  \\    /   O peration     | Version:  5.0                                   |
|   \\  /    A nd           | Web:      www.OpenFOAM.org                      |
|    \\/     M anipulation  |                                                 |
\*---------------------------------------------------------------------------*/
FoamFile
{
    version     2.0;
    format      ascii;
    class       volScalarField;
    location    "0";
    object      nut;
}
// * * * * * * * * * * * * * * * * * * * * * * * * * * * * * * * * * * * * * //

dimensions      [0 2 -1 0 0 0 0];

internalField   nonuniform List<scalar> 
7200
(
2.91722e-09
2.24319e-09
1.42465e-09
2.34135e-09
7.56461e-09
9.68813e-09
3.13755e-09
3.52422e-10
1.81642e-09
1.89401e-09
8.62961e-10
2.86903e-09
6.02093e-09
7.8091e-09
8.25395e-09
2.62309e-09
3.55294e-08
5.48828e-08
2.7083e-08
9.16322e-09
1.05173e-08
7.78327e-09
5.01218e-09
9.34379e-09
2.95441e-08
3.00441e-08
9.92139e-09
1.20336e-09
1.14169e-08
1.35368e-08
1.07733e-08
1.76196e-08
2.10641e-08
2.31858e-08
2.87589e-08
1.41516e-08
2.42929e-07
2.7683e-07
1.2714e-07
1.6403e-08
6.44833e-08
4.56227e-08
2.46332e-08
1.10765e-08
7.57552e-08
9.87551e-08
2.47681e-08
8.71876e-09
8.17092e-08
8.33641e-07
2.60033e-06
1.66917e-06
1.12001e-07
9.4956e-08
1.20517e-07
7.1799e-08
4.067e-07
4.18519e-06
5.24663e-06
1.31106e-06
7.93395e-06
1.09591e-06
3.2526e-06
1.81021e-07
1.34037e-06
1.14573e-06
4.19435e-07
4.88597e-08
2.06704e-08
2.12147e-07
7.29055e-07
1.56107e-05
1.70163e-05
9.14515e-06
1.41052e-06
2.49884e-06
2.43398e-06
3.93432e-07
8.09205e-06
3.15631e-05
1.95902e-05
3.56637e-06
9.93264e-07
3.90767e-06
1.2867e-06
2.42646e-06
2.60633e-06
7.76274e-07
2.41241e-07
1.90893e-07
5.68762e-07
8.61702e-06
2.33968e-05
2.71359e-05
3.01921e-06
2.16949e-06
9.19059e-06
8.22372e-06
3.00639e-06
1.50979e-05
2.67457e-05
7.33355e-06
2.44086e-06
1.40745e-06
2.6066e-06
2.94881e-06
4.03792e-06
2.88426e-06
2.05608e-06
4.12939e-06
2.94222e-06
3.71348e-06
8.38521e-06
3.32267e-05
7.6592e-06
1.69613e-06
4.20485e-06
1.83053e-05
1.10086e-05
1.10773e-05
1.28013e-05
1.26341e-05
3.97768e-06
1.77939e-06
3.22448e-06
9.85647e-07
4.57756e-06
1.09012e-05
6.30633e-06
1.09193e-05
8.02071e-06
5.08545e-06
6.93573e-06
1.82274e-05
2.10554e-05
7.26287e-06
2.61806e-06
2.80204e-06
6.75741e-06
3.05691e-06
4.31753e-06
3.07686e-06
3.56844e-06
3.86794e-06
3.24035e-06
1.64176e-06
3.88645e-06
7.23053e-06
2.93512e-06
1.62741e-05
1.03545e-05
7.83668e-06
7.33835e-06
1.45491e-05
2.90918e-05
1.58734e-05
9.94596e-06
5.0522e-06
3.58133e-06
2.83901e-06
2.97044e-06
4.07239e-06
4.32001e-06
8.81468e-06
3.48247e-06
3.01614e-06
2.19628e-06
2.08814e-06
1.3732e-05
2.52628e-05
4.33281e-06
1.0164e-05
3.26068e-06
4.94267e-06
6.6313e-06
4.76235e-06
5.16598e-06
2.31527e-06
1.09314e-05
2.48205e-06
7.74222e-06
4.56624e-06
1.8742e-06
6.23071e-06
5.81784e-06
1.06728e-05
6.74565e-06
3.61695e-06
3.35789e-06
1.13815e-05
8.46929e-06
1.3083e-05
5.90036e-06
3.85407e-06
9.51208e-06
3.59126e-06
2.04456e-06
1.84192e-06
9.3842e-06
3.53793e-05
2.08054e-05
1.30501e-05
6.85341e-06
1.83408e-05
1.43297e-05
6.34854e-06
1.16936e-05
1.06361e-05
1.23611e-06
1.31155e-06
7.07719e-06
9.25761e-06
4.71824e-06
1.63541e-05
2.97441e-05
1.6505e-05
3.36003e-06
4.07289e-06
5.54462e-06
2.50911e-05
3.34162e-05
2.78338e-05
1.85868e-05
4.06148e-06
1.23597e-05
1.7036e-05
1.16118e-05
4.81568e-06
6.77555e-06
7.91866e-06
8.09931e-06
1.16131e-05
1.21609e-05
2.58111e-06
2.434e-05
2.56706e-05
5.21276e-06
1.8621e-05
1.69257e-05
2.90581e-06
4.53483e-08
1.48888e-08
7.43766e-09
4.65265e-09
6.03747e-09
6.97379e-09
4.25267e-09
1.44686e-09
6.43844e-10
1.43989e-09
2.22799e-09
5.22255e-09
1.24943e-08
2.68295e-08
7.23174e-08
1.35483e-07
6.55594e-08
4.25777e-09
4.41829e-08
9.86995e-08
1.6361e-07
1.06002e-07
1.89117e-08
8.07083e-08
1.19159e-07
3.49025e-08
2.25257e-08
5.39724e-09
3.74622e-09
1.07445e-08
5.44745e-09
1.83819e-08
2.75837e-08
6.92968e-08
1.94953e-07
2.62818e-07
5.91036e-08
9.81359e-09
3.34907e-08
3.18615e-07
1.71695e-06
2.97273e-07
2.61045e-07
2.28879e-07
3.70022e-07
5.65942e-07
6.05051e-07
1.71204e-07
6.05612e-07
1.614e-07
6.86255e-08
2.16536e-08
5.54066e-08
7.75465e-08
3.63988e-07
3.91768e-07
2.82696e-07
2.49172e-08
6.77827e-08
1.00367e-06
9.02104e-06
8.38559e-06
5.12376e-06
1.09776e-06
4.439e-07
4.13251e-07
3.46377e-07
4.29001e-07
1.20304e-06
2.40846e-06
4.30189e-06
3.2759e-06
5.2543e-06
1.35416e-06
1.48109e-06
1.31827e-06
1.10741e-06
1.18902e-06
2.48046e-07
1.18702e-06
1.22427e-05
8.88377e-06
2.4073e-05
6.51394e-06
5.54984e-06
8.66289e-06
8.02183e-06
6.14377e-07
4.03156e-07
2.16122e-07
3.5691e-07
3.48025e-06
3.13586e-06
3.72671e-06
1.92051e-06
2.40577e-06
1.52171e-06
1.26406e-06
1.78623e-06
8.11636e-06
1.89349e-05
1.33966e-05
8.92971e-06
2.58747e-05
3.14996e-05
3.41331e-05
2.3537e-05
4.3785e-06
2.72811e-06
3.05691e-06
5.3975e-06
7.61237e-06
5.78359e-06
6.42389e-06
2.89189e-06
3.75904e-06
2.64456e-06
2.23455e-06
2.23312e-06
1.30326e-06
1.34684e-06
6.64914e-06
4.50168e-06
7.80182e-06
7.90203e-06
1.7292e-05
1.17091e-05
6.5101e-06
2.99623e-06
4.87882e-06
8.17259e-06
3.05647e-05
8.98527e-06
5.60848e-06
3.76661e-06
4.16459e-06
4.10835e-06
1.93916e-06
5.49474e-06
3.20712e-06
3.16286e-06
9.33077e-06
1.39796e-05
5.25272e-06
5.62803e-06
4.57527e-06
3.52398e-06
5.03851e-06
5.74651e-06
6.45316e-06
1.78105e-05
4.15118e-05
1.71823e-05
5.19021e-06
4.96908e-06
5.56579e-06
5.71905e-06
4.19982e-06
5.74674e-06
4.89395e-06
2.72218e-06
3.43055e-06
2.05641e-05
2.20164e-05
1.35759e-05
3.66606e-06
3.44402e-06
6.61302e-06
6.11798e-06
2.12502e-06
1.3211e-06
1.93354e-05
2.10082e-05
3.99698e-06
7.0032e-06
1.07834e-05
5.53055e-06
6.91646e-06
1.1367e-05
4.37902e-06
5.29603e-06
4.85682e-06
4.9305e-06
7.08332e-06
2.79757e-05
6.2925e-06
1.50052e-05
8.50256e-06
2.98644e-06
1.14429e-05
1.059e-05
3.39958e-06
6.51966e-06
2.66432e-06
1.10255e-05
1.21069e-05
9.83822e-06
1.22364e-05
1.91352e-05
3.82044e-06
1.29255e-05
1.60545e-05
4.42556e-06
6.44374e-06
3.804e-06
1.38222e-05
2.4933e-05
1.96033e-05
8.0006e-06
7.26809e-06
6.28515e-06
2.93077e-06
3.85519e-06
1.0623e-05
3.93106e-06
4.63182e-06
4.735e-06
8.42232e-06
3.91686e-06
5.64925e-06
2.94691e-06
6.34597e-06
4.64649e-06
1.50254e-06
1.93189e-06
1.00124e-05
6.58767e-06
7.39056e-06
2.25886e-05
2.91793e-05
1.42666e-05
5.1901e-06
2.5171e-06
3.17814e-06
8.15207e-06
6.93276e-06
6.7861e-06
8.78518e-06
6.06316e-06
2.64713e-06
6.07222e-08
1.10266e-08
6.36534e-09
4.55883e-09
2.5743e-09
2.09512e-09
1.45541e-09
8.29474e-10
1.66692e-09
5.34111e-09
1.3525e-08
1.29056e-08
1.23797e-08
7.59611e-08
1.25503e-07
4.0818e-08
6.50084e-09
8.37082e-09
3.26825e-08
9.02935e-08
1.22941e-07
4.04558e-08
4.22678e-08
2.11417e-08
1.70334e-08
1.31563e-08
4.6716e-09
2.95492e-09
5.32271e-09
1.02996e-08
2.79197e-08
3.21277e-08
6.39941e-08
2.70828e-07
2.95687e-07
1.29793e-07
1.30437e-08
2.3217e-08
7.83238e-08
1.94308e-07
2.6804e-07
2.13051e-07
3.84592e-07
3.1529e-07
2.75636e-07
2.60674e-07
1.97866e-07
6.55817e-08
1.0359e-08
1.9298e-08
6.04885e-08
8.70509e-08
6.75339e-08
2.60217e-07
8.56127e-07
8.54789e-07
2.14726e-07
8.47604e-08
2.66493e-07
4.43065e-07
1.26508e-06
6.78261e-07
2.63412e-06
3.70708e-06
3.29458e-06
2.89864e-06
1.59609e-06
8.88019e-07
4.9374e-07
1.61847e-06
3.84182e-06
6.96877e-06
8.7778e-07
1.16114e-07
1.42279e-07
4.149e-07
4.12624e-07
3.58095e-06
4.39759e-06
1.43663e-06
3.24074e-06
1.13575e-06
3.44817e-06
4.80524e-06
3.86328e-06
2.75303e-06
2.08027e-06
1.3634e-06
1.19727e-06
1.32099e-06
3.23949e-06
9.83402e-06
8.35342e-06
5.34873e-06
2.22767e-06
9.628e-07
6.69184e-07
2.92574e-06
1.03729e-05
3.48138e-06
5.46511e-06
2.40579e-06
2.27128e-06
8.24409e-06
6.8215e-06
6.93836e-06
8.22731e-06
1.44333e-05
5.83353e-06
3.82986e-06
2.3315e-06
4.47965e-06
5.53648e-06
2.07114e-05
1.07442e-05
3.2222e-06
4.45442e-06
1.14961e-05
7.31617e-06
4.93964e-06
4.39606e-06
5.80816e-06
4.50975e-06
3.48729e-06
4.70388e-06
9.75221e-06
2.55868e-05
3.66225e-05
4.51023e-05
1.60382e-05
7.35387e-06
1.13301e-05
3.06419e-06
1.20388e-05
1.58594e-05
1.84469e-05
5.74564e-06
1.29321e-05
1.47971e-05
8.7194e-06
3.97581e-06
4.84649e-06
4.7705e-06
4.03525e-06
2.59317e-06
2.74724e-06
6.90446e-06
3.96806e-05
4.17862e-05
1.03129e-05
1.10623e-05
2.41704e-05
1.81114e-05
1.24849e-05
7.80858e-06
2.64016e-05
1.51919e-05
1.45943e-05
1.62336e-05
8.55874e-06
1.2015e-05
2.29135e-06
5.39047e-06
2.49936e-05
2.53372e-05
1.72395e-05
4.59886e-06
5.38718e-06
8.57285e-06
5.47688e-06
4.14115e-06
6.03303e-06
9.52693e-06
2.05102e-05
4.63149e-06
3.42783e-06
7.8773e-06
7.21149e-06
1.73515e-05
2.02948e-05
1.0201e-05
5.76647e-06
5.47542e-06
5.08839e-06
2.76e-06
6.64098e-06
2.30091e-05
1.19721e-05
4.0273e-06
3.4982e-06
4.72884e-06
4.01843e-06
8.38945e-06
8.71761e-06
6.5243e-06
9.77858e-06
1.91714e-05
1.93207e-05
5.15367e-06
5.17718e-06
1.40639e-05
2.63861e-06
3.71791e-06
4.61577e-06
4.25635e-06
4.07046e-06
5.91082e-06
6.79391e-06
3.7105e-06
4.39735e-06
4.05918e-06
5.66223e-06
8.26632e-06
9.53205e-06
4.98519e-06
1.05625e-05
9.96846e-06
8.33441e-06
3.24686e-06
3.24515e-05
9.4885e-06
1.69672e-06
2.86868e-06
2.03917e-06
2.42012e-06
3.9431e-06
3.29039e-06
2.32941e-06
3.51012e-06
6.89811e-06
2.82044e-06
2.45794e-06
1.92953e-06
1.87458e-06
1.06461e-05
4.42115e-06
4.05028e-06
5.97228e-06
5.35574e-06
1.06346e-05
1.70895e-08
2.65395e-09
4.07309e-10
1.19549e-10
2.41518e-10
7.99947e-10
1.61542e-09
1.42088e-09
2.17994e-09
3.54535e-09
5.61414e-09
1.62271e-08
5.9829e-08
1.13153e-07
6.4173e-08
8.5949e-09
1.88518e-08
6.81355e-08
1.14456e-07
7.88629e-08
1.79689e-08
5.74971e-09
1.31365e-09
4.94694e-10
7.34303e-10
2.43637e-09
4.44571e-09
3.98386e-09
6.71486e-09
8.15101e-09
1.61401e-08
3.85756e-08
2.6273e-07
3.64975e-07
2.19035e-07
1.83682e-08
4.6263e-08
2.00164e-07
2.6118e-07
1.7815e-07
1.02589e-07
1.78937e-08
2.47837e-08
1.0675e-08
7.61033e-09
1.05562e-08
1.08824e-08
1.00619e-08
1.59714e-08
2.22202e-08
1.87136e-08
6.54532e-08
4.70601e-07
1.80249e-06
1.86279e-06
7.76401e-07
1.10159e-07
2.41774e-07
6.52927e-07
5.65795e-07
2.30397e-07
3.26811e-07
1.01301e-06
1.56127e-06
8.54297e-07
7.95365e-07
8.0686e-07
4.37276e-07
3.28982e-07
1.57333e-07
3.42704e-07
8.8439e-08
8.33139e-08
7.24707e-07
1.93471e-06
2.03476e-06
1.61164e-06
1.73741e-06
8.21245e-07
1.2961e-06
1.42869e-06
1.07484e-06
1.84937e-06
4.11469e-06
2.26511e-06
1.65942e-06
2.54405e-06
3.56136e-06
2.72875e-06
2.64057e-06
3.98069e-07
1.32659e-06
3.10022e-06
1.7768e-06
1.65727e-06
2.66783e-06
5.92413e-06
9.3914e-06
4.43628e-06
2.86515e-06
4.87548e-06
6.13455e-06
4.52813e-06
4.18158e-06
4.77065e-06
2.91387e-06
4.91521e-06
6.39574e-06
3.63101e-06
1.38897e-06
1.29712e-06
1.20429e-06
4.51564e-06
1.02524e-05
9.43717e-06
4.45387e-06
1.24352e-05
2.67624e-05
1.69542e-05
5.63807e-06
3.99897e-06
1.39153e-05
1.29711e-05
2.9277e-06
1.74703e-06
3.84408e-06
7.99801e-06
1.11032e-05
1.12739e-05
5.88073e-06
3.26185e-06
3.97391e-06
6.2018e-06
9.91978e-06
2.31928e-05
2.48149e-05
1.74395e-05
3.17204e-05
2.79924e-05
1.16929e-05
3.45203e-06
5.47624e-06
1.94806e-05
6.35121e-06
4.18625e-06
4.45791e-06
1.64134e-05
1.39136e-05
1.09642e-05
6.06469e-06
1.1283e-05
9.98008e-06
1.82752e-05
2.25486e-05
7.41771e-06
2.59768e-05
3.05e-05
2.82933e-05
1.74162e-05
9.50712e-06
4.40095e-06
4.97554e-06
8.96937e-06
2.23567e-05
9.11597e-06
1.68816e-05
1.01902e-05
6.54485e-06
1.40163e-05
1.24206e-05
5.50786e-06
7.00814e-06
3.00814e-05
3.51389e-05
2.9509e-06
4.60144e-06
3.08517e-06
9.09838e-06
2.09041e-05
1.19928e-05
1.83387e-05
1.42433e-05
5.84283e-06
1.76965e-05
7.0669e-06
5.88917e-06
9.20244e-06
3.65199e-06
3.50558e-06
6.62196e-06
1.14168e-05
8.08906e-06
1.53672e-05
1.30387e-05
1.79105e-05
1.3065e-05
4.27482e-06
7.11052e-06
1.00748e-05
6.44656e-06
7.66991e-06
5.57975e-06
3.45151e-06
6.58746e-06
7.68782e-06
7.76702e-06
9.15669e-06
2.91289e-06
3.4498e-06
1.50957e-05
8.44347e-06
4.16769e-06
4.15991e-06
1.01955e-05
1.01011e-05
5.77072e-06
6.94025e-06
5.17493e-06
1.89763e-05
1.61968e-05
4.94469e-06
3.88502e-06
3.12335e-06
1.77367e-06
1.9787e-06
7.08374e-06
1.68171e-06
2.07546e-06
2.54427e-06
2.98942e-06
3.64421e-06
5.38134e-06
3.89742e-06
4.60671e-06
1.71209e-05
4.82607e-06
1.12512e-05
7.53283e-06
3.33233e-06
7.34651e-06
6.40416e-09
1.41084e-09
5.41209e-09
8.97728e-09
9.33764e-10
2.79765e-10
1.18073e-09
1.99487e-09
3.12527e-09
1.6358e-08
2.28451e-08
8.59678e-09
1.33922e-09
4.80077e-10
6.90044e-10
1.79422e-09
6.87177e-09
6.2788e-09
2.48937e-09
8.84409e-09
3.8876e-08
4.14948e-09
1.33819e-08
2.10365e-08
2.16467e-09
1.00922e-09
1.74172e-08
5.23056e-09
3.10947e-08
6.76884e-08
1.62544e-08
6.26513e-09
1.14145e-09
1.26445e-09
2.20157e-09
2.62468e-09
3.84455e-09
2.17599e-08
1.3904e-08
3.50119e-08
1.53494e-07
2.046e-07
3.16807e-08
6.78043e-08
7.63739e-09
1.90062e-08
4.96157e-08
1.30794e-07
5.99151e-08
1.01696e-07
1.48351e-07
1.69174e-07
5.49536e-08
4.97945e-09
1.76567e-08
6.29937e-08
1.9587e-08
7.41132e-08
2.89443e-07
2.89855e-07
3.09949e-06
4.23761e-06
2.23434e-06
1.39195e-07
3.60695e-08
1.154e-07
6.99847e-08
3.95834e-07
2.43135e-07
8.92472e-07
3.31225e-07
5.27843e-07
9.91443e-07
6.84716e-07
5.85556e-07
1.03665e-06
1.7165e-06
8.21941e-08
6.7013e-07
3.03533e-06
8.17814e-07
3.76399e-07
2.9644e-06
2.66066e-06
1.64802e-07
5.11418e-07
4.57667e-07
1.30842e-06
3.35408e-07
2.16336e-06
1.76428e-06
2.1823e-07
5.14821e-07
1.69463e-06
4.97142e-06
1.34695e-06
1.03477e-06
1.21494e-06
2.8078e-06
9.88879e-07
1.06527e-05
2.60885e-06
2.49276e-06
2.88496e-06
1.30183e-06
4.91975e-06
3.09764e-06
3.01712e-06
1.23426e-06
3.83381e-06
6.19095e-06
2.09151e-06
8.57504e-07
1.64875e-06
2.96716e-06
1.53883e-06
5.88633e-06
5.73839e-06
1.89361e-06
1.3797e-05
6.60648e-06
1.46441e-05
5.57674e-06
3.19637e-06
5.42085e-06
5.63256e-06
6.33258e-06
3.8845e-06
4.0737e-06
7.88918e-06
5.46044e-06
3.87671e-06
5.84507e-06
3.44377e-06
3.59347e-06
1.5192e-06
5.35972e-06
6.08188e-06
4.51126e-06
2.59313e-06
5.65023e-06
1.44606e-05
7.70291e-06
1.78433e-06
4.52507e-06
1.55741e-05
7.29207e-06
3.34354e-05
3.4968e-06
3.16665e-06
2.35324e-06
4.437e-06
6.18176e-06
6.28503e-06
1.07113e-05
1.22028e-05
7.16808e-06
2.23846e-05
4.59126e-06
4.1971e-06
1.57736e-05
1.16632e-05
2.51773e-05
1.21034e-05
1.14669e-05
1.47062e-05
2.0256e-05
2.60195e-05
1.55387e-05
1.41978e-05
5.6003e-06
1.89411e-06
4.88294e-06
4.29086e-06
1.45838e-05
1.37013e-05
7.02825e-06
1.49507e-05
2.93553e-05
1.63148e-05
1.63057e-05
7.58536e-06
1.14367e-05
4.78044e-06
6.21184e-06
5.41464e-06
2.61871e-05
3.92846e-05
2.25553e-05
1.36747e-05
1.07657e-05
7.59838e-06
7.96261e-06
5.63294e-06
9.59814e-06
4.17581e-06
3.20091e-06
4.47067e-06
1.32735e-05
5.62135e-06
5.3962e-06
1.00839e-05
8.19003e-06
6.23838e-06
4.6724e-06
1.49847e-05
1.19928e-05
2.93522e-06
5.46132e-06
3.81047e-05
8.77929e-05
7.08791e-05
3.90172e-05
1.22232e-05
7.66277e-06
4.80616e-06
3.85829e-06
3.26822e-06
2.13488e-05
2.17918e-05
7.43354e-06
3.60956e-06
5.04762e-06
4.22032e-06
5.85228e-06
1.37347e-05
1.0331e-05
5.41785e-06
5.26496e-06
5.97573e-06
1.04109e-05
9.93179e-06
3.22303e-05
4.38479e-05
9.16446e-06
4.66568e-06
1.25351e-05
5.85604e-06
6.52611e-06
3.40142e-06
1.89802e-09
1.0028e-09
2.78012e-09
3.92823e-10
7.7556e-09
2.49638e-08
1.12994e-08
1.1554e-08
1.58725e-08
1.84196e-08
1.21157e-08
9.33423e-09
5.13052e-09
8.71696e-10
7.85105e-10
1.75065e-09
6.93363e-09
2.56052e-08
2.90815e-08
1.34519e-08
7.58874e-09
5.90889e-09
9.83729e-09
2.73984e-09
2.39905e-08
4.47117e-08
3.50288e-08
4.0512e-08
7.29926e-08
7.75524e-08
4.28298e-08
2.43315e-08
1.02406e-08
2.42633e-09
3.21427e-09
7.82929e-09
2.49979e-08
8.45174e-08
7.9352e-08
2.12513e-08
4.23837e-08
3.59784e-08
1.03715e-07
3.81901e-08
1.87371e-08
5.94933e-08
1.40556e-07
1.97496e-07
2.52171e-07
4.88371e-07
2.91125e-07
9.38023e-08
4.34837e-08
2.86149e-08
1.40962e-08
1.41302e-08
1.72218e-07
3.95985e-07
2.75526e-07
7.87485e-08
6.01519e-08
1.2208e-07
2.58121e-07
2.15173e-06
8.55514e-07
1.19966e-06
2.94249e-06
1.02682e-06
1.87575e-06
2.68836e-06
2.43705e-06
1.30488e-06
3.15311e-07
2.0325e-07
2.00187e-07
9.28442e-08
2.29682e-07
8.52138e-07
2.76388e-06
1.11821e-06
1.3843e-06
3.80191e-07
6.68956e-07
2.30352e-06
1.7161e-06
1.57194e-06
1.05204e-05
1.41692e-05
1.05273e-06
5.3854e-06
9.07632e-06
7.0505e-06
3.24107e-06
6.78274e-07
1.20221e-06
5.44138e-07
1.78423e-06
1.13642e-06
2.86732e-06
4.06461e-06
3.70963e-06
1.47122e-06
9.68575e-07
1.25987e-06
3.40235e-06
7.51894e-06
1.47825e-05
1.2912e-05
4.24265e-06
2.5311e-06
1.45901e-05
3.19884e-05
3.23951e-05
1.63859e-05
5.11333e-06
2.73363e-06
6.64251e-06
9.28299e-06
5.75132e-06
1.34185e-06
2.99057e-06
1.147e-06
9.24235e-07
5.15566e-06
1.04968e-05
2.42376e-05
1.67733e-05
7.30348e-06
7.63553e-06
3.85737e-06
1.7547e-06
2.08183e-05
3.18114e-05
2.52195e-05
5.77835e-06
3.30191e-06
2.91442e-06
1.23192e-05
1.85151e-05
5.01474e-06
1.3953e-05
7.01603e-06
3.1369e-06
1.02192e-05
1.44174e-05
9.93133e-06
2.59301e-05
1.97652e-05
6.05154e-06
6.05803e-06
3.14196e-06
3.22439e-06
2.82039e-06
2.03961e-06
4.7622e-06
3.78583e-06
1.95043e-06
2.0874e-06
5.73006e-06
8.1088e-06
1.43017e-05
8.78976e-06
1.21763e-05
9.78999e-06
1.1725e-05
7.33431e-06
6.05824e-06
1.12959e-05
6.68021e-06
6.75171e-06
1.91514e-06
5.64844e-06
6.31085e-06
3.21707e-06
2.51601e-06
3.27401e-06
3.36168e-06
3.00512e-06
7.7791e-06
1.12859e-05
1.87195e-05
6.13424e-06
1.88958e-05
1.53547e-05
8.22251e-06
5.06861e-06
6.59844e-06
9.03877e-06
3.74874e-06
7.44025e-06
6.05895e-06
1.96569e-05
8.69784e-06
7.94397e-06
1.62614e-06
2.60144e-06
4.3555e-06
5.28817e-06
4.4983e-06
3.85945e-06
1.10805e-05
1.80468e-05
2.47636e-05
2.30232e-05
1.17715e-05
6.23645e-06
4.55667e-06
1.28727e-05
9.24783e-06
1.60549e-05
4.54139e-06
5.67182e-06
6.13132e-06
5.59279e-06
5.46229e-06
1.05274e-05
4.35126e-06
4.7137e-06
4.95331e-06
1.78306e-05
4.89025e-05
2.85507e-05
5.31409e-06
6.83511e-06
4.64803e-06
2.36274e-05
1.36312e-05
1.69347e-05
1.32747e-05
7.86071e-06
1.7915e-05
1.04261e-05
8.55163e-06
1.60047e-05
1.53452e-05
4.97223e-06
4.85713e-06
1.23212e-05
2.12956e-05
2.71154e-05
6.73921e-09
5.4281e-09
2.43421e-08
8.4937e-10
2.60223e-09
2.53423e-08
4.87496e-08
7.32376e-09
1.25248e-09
1.38216e-09
3.18682e-09
3.79537e-09
6.01031e-09
2.55799e-09
5.69059e-10
1.34797e-09
7.18736e-09
1.71347e-08
2.48362e-08
3.05136e-08
2.07086e-08
5.25358e-08
7.56798e-08
7.36563e-09
1.85715e-08
5.94628e-08
9.73095e-08
1.56965e-08
7.49369e-09
9.29896e-09
1.95299e-08
2.29289e-08
1.76163e-08
8.1e-09
1.29759e-09
9.59172e-09
2.83177e-08
4.70796e-08
4.51227e-08
5.99406e-08
1.34511e-07
3.7736e-08
3.13523e-07
1.77007e-07
4.52297e-08
1.60995e-07
4.5536e-07
6.5332e-08
6.02477e-08
1.475e-07
2.64624e-07
3.76838e-07
2.95227e-07
1.16003e-07
2.61553e-08
1.51233e-09
1.32579e-07
5.56997e-07
1.09716e-07
6.92512e-08
3.05468e-07
1.62805e-07
2.18858e-06
7.15735e-06
5.33393e-06
4.08823e-06
6.3233e-06
1.22642e-06
1.35271e-07
4.8016e-07
1.64114e-06
2.53493e-06
1.157e-06
5.93223e-07
5.27726e-07
8.52927e-08
4.74479e-07
3.35674e-06
4.98312e-06
1.45523e-06
3.81035e-06
9.58441e-07
2.34515e-06
8.63739e-06
7.73261e-06
6.38535e-06
2.02017e-05
2.03682e-05
1.9602e-06
7.89917e-07
3.18357e-06
5.48943e-06
4.23997e-06
4.79585e-06
4.31791e-06
1.09268e-06
6.40509e-07
7.60341e-06
1.05392e-05
1.40226e-05
1.65353e-05
6.47404e-06
1.68828e-06
9.75189e-06
6.30306e-06
1.1396e-05
1.61083e-05
2.01421e-05
1.57951e-05
9.56093e-06
2.39601e-06
1.90171e-05
2.26352e-05
2.14698e-05
2.23537e-05
1.05501e-05
2.80052e-06
3.76615e-06
3.47996e-06
1.60291e-05
1.14349e-05
4.83282e-06
9.39032e-07
1.06236e-05
2.55515e-05
4.70881e-05
9.00005e-06
5.47977e-06
1.05132e-05
1.75699e-05
1.54203e-06
1.7075e-05
3.58032e-05
2.22984e-05
1.70445e-05
1.13602e-05
4.87369e-06
3.42025e-06
5.97249e-06
2.92065e-06
5.26108e-06
1.33895e-05
3.66234e-06
3.90441e-06
4.43893e-05
3.51177e-05
7.14762e-05
1.81006e-05
2.88448e-06
5.27189e-06
4.46006e-06
4.84594e-06
1.01448e-05
6.04891e-06
1.01923e-05
7.33859e-06
5.37882e-06
2.47578e-06
3.02532e-06
4.17441e-06
1.7461e-05
5.09524e-06
9.27764e-06
1.51391e-05
3.24081e-05
6.26899e-06
9.63314e-06
1.48417e-05
5.15165e-06
8.21788e-06
1.66886e-05
5.56425e-06
7.12798e-06
2.72179e-06
3.88504e-06
4.1904e-06
3.65258e-06
3.19693e-06
7.77682e-06
1.40176e-05
1.26986e-05
5.38118e-06
1.29934e-05
9.96671e-06
1.06197e-05
7.17197e-06
6.81892e-06
7.54664e-06
5.83708e-06
1.33036e-05
1.22426e-05
1.08895e-05
6.06469e-06
5.75457e-06
1.25247e-06
3.79717e-06
3.38702e-06
9.49611e-06
1.40809e-05
2.29117e-06
6.81483e-06
8.43388e-06
9.82624e-06
1.60306e-05
9.11391e-06
4.22038e-06
5.79553e-06
1.07856e-05
1.79369e-05
3.36263e-05
4.05828e-06
4.20434e-06
7.53672e-06
4.16561e-06
2.58045e-06
7.85033e-06
7.18336e-06
5.01332e-06
4.4417e-06
1.00127e-05
1.98368e-05
1.91951e-05
3.65695e-06
3.52656e-06
4.1237e-06
2.35117e-05
8.7491e-06
1.08231e-05
6.21124e-06
8.76041e-06
1.73283e-05
1.38393e-05
7.14649e-06
1.07986e-05
3.04057e-06
2.29492e-06
1.86726e-06
3.23889e-06
1.03031e-05
9.85697e-06
8.97289e-09
5.64555e-08
3.41792e-07
7.60727e-08
1.1292e-07
3.36271e-08
6.23577e-09
4.02925e-08
5.58437e-08
1.93916e-08
6.23355e-09
7.6283e-09
7.07999e-09
4.6049e-10
2.66068e-09
2.24609e-09
2.54216e-09
1.62703e-08
1.26957e-08
6.50539e-09
5.32783e-08
2.06774e-07
6.98888e-07
1.50803e-07
3.54652e-07
1.09498e-07
1.80896e-08
7.2028e-08
1.13309e-07
2.60198e-08
1.83117e-08
2.38908e-08
2.01708e-08
1.7691e-09
1.24229e-08
1.92352e-08
6.59843e-09
4.31478e-08
3.92998e-08
2.18102e-08
2.60489e-07
1.74823e-06
1.09348e-06
1.07929e-06
7.7278e-06
5.6772e-06
2.09247e-07
3.3847e-07
2.39088e-07
1.11086e-07
6.71461e-08
8.8773e-08
8.76453e-08
1.10203e-08
1.33576e-07
5.44047e-07
4.2097e-07
1.924e-07
2.20369e-07
2.11064e-07
3.86177e-06
4.28819e-06
6.29723e-06
3.76888e-06
1.49089e-05
3.36201e-05
1.37714e-05
6.46425e-06
1.16347e-05
2.81132e-06
1.96037e-06
1.39198e-06
1.4303e-06
7.36247e-07
4.9806e-07
7.91012e-07
1.53104e-06
5.39624e-06
5.00592e-06
2.89378e-06
4.80759e-06
9.18171e-06
5.02531e-06
4.10691e-06
1.95487e-06
9.29866e-06
3.2017e-05
2.56159e-05
1.20089e-05
1.05337e-05
9.75906e-06
4.75859e-06
1.86604e-06
2.7742e-06
4.51205e-06
3.426e-06
2.16367e-06
3.59283e-06
4.56481e-06
3.42298e-06
3.71527e-06
4.3773e-06
7.33725e-06
4.41306e-06
5.03163e-06
4.44106e-06
8.12334e-06
1.01777e-05
6.0341e-06
7.91354e-06
1.70175e-05
9.15853e-06
8.17884e-06
3.74128e-06
5.61608e-06
7.63122e-06
4.40142e-06
7.89517e-06
4.26185e-06
3.3687e-06
3.43113e-06
4.87018e-06
2.16485e-06
2.87465e-06
1.23191e-05
1.54778e-05
7.07806e-06
6.96623e-06
5.25031e-06
4.79292e-06
1.61371e-05
1.20477e-05
9.20198e-06
4.43017e-06
2.95401e-06
4.74131e-06
5.94965e-06
9.00811e-06
1.2232e-05
4.39315e-06
3.10992e-06
1.08961e-05
2.28725e-05
3.25961e-06
8.77079e-06
3.93383e-05
1.60242e-05
4.60158e-06
7.47825e-06
3.54483e-06
5.59448e-06
4.65217e-06
5.34305e-06
1.49096e-05
1.9332e-05
3.80736e-06
1.91048e-06
3.3781e-06
5.67303e-06
8.08727e-06
5.21552e-06
5.87701e-06
7.16809e-06
7.73627e-06
2.50086e-05
1.85448e-05
2.28174e-05
4.92972e-06
3.25294e-06
6.46834e-06
6.64025e-06
2.63624e-06
1.06578e-05
1.42968e-05
3.01938e-05
1.79222e-05
3.52793e-06
9.23057e-06
7.04774e-06
1.17239e-05
3.94609e-06
7.08893e-06
3.86292e-06
4.66424e-06
9.76616e-06
7.69157e-06
9.83812e-06
1.94368e-05
4.85596e-06
2.62428e-06
7.2172e-06
4.55063e-06
2.49473e-05
2.32749e-05
6.11507e-06
2.34679e-05
4.84517e-06
3.80828e-06
7.28626e-06
7.49242e-06
3.00346e-05
4.06849e-06
1.30344e-05
2.0064e-05
2.36627e-05
4.57898e-06
5.76481e-06
3.11338e-06
2.10858e-06
5.70553e-06
8.10788e-06
5.43302e-06
9.0764e-06
5.0139e-06
6.97414e-06
4.29142e-06
7.6222e-06
1.62775e-05
5.73544e-06
3.0111e-05
9.89717e-06
1.12535e-05
2.58782e-06
8.39605e-06
4.43547e-06
3.48407e-06
2.59811e-06
4.95565e-06
7.19706e-06
7.71707e-06
8.38131e-06
2.14688e-05
1.99263e-05
2.27266e-05
1.39746e-05
4.06262e-06
5.86746e-06
3.51653e-06
4.4958e-06
9.02076e-06
1.069e-08
1.36083e-08
5.33033e-09
9.4614e-08
1.59674e-07
3.66275e-08
1.78468e-07
2.10791e-07
6.33151e-08
4.82254e-09
2.53394e-09
1.80164e-08
1.4372e-08
1.20181e-09
1.00524e-08
3.60081e-09
1.0174e-08
1.72949e-08
8.31079e-09
1.92162e-09
1.72299e-08
2.05413e-08
3.59878e-08
2.05649e-07
3.34185e-07
1.17142e-07
5.53764e-07
7.03379e-07
1.07454e-07
9.81833e-09
1.78938e-08
6.37387e-08
4.86977e-08
4.98016e-09
4.03423e-08
1.74738e-08
4.26963e-08
4.16572e-08
2.15801e-08
4.15455e-09
6.25853e-08
8.34709e-07
1.73242e-06
3.41973e-07
1.0344e-06
9.89422e-07
1.94561e-06
3.10863e-06
2.30393e-06
3.96186e-07
2.06303e-07
2.40396e-07
2.60731e-07
1.04034e-07
5.51852e-08
1.03901e-07
4.43771e-07
1.64584e-07
5.99456e-08
7.63197e-09
7.85393e-07
5.645e-07
4.64167e-06
1.04017e-05
1.60052e-06
9.12033e-06
7.05945e-06
6.84167e-06
6.5036e-06
5.38381e-06
6.17527e-06
6.9446e-06
7.9677e-06
5.64502e-06
1.03577e-06
7.68112e-07
2.69551e-06
3.99301e-06
4.296e-07
6.82348e-07
3.43947e-06
3.75299e-06
1.24681e-06
6.51475e-06
3.37801e-06
6.56718e-06
1.3668e-05
2.40954e-05
1.05274e-05
1.26824e-05
7.36428e-06
7.40492e-06
5.32504e-06
5.42172e-06
5.29956e-06
2.88106e-06
8.60985e-06
7.59065e-06
3.19463e-06
1.63304e-06
3.62855e-06
1.79681e-06
1.45428e-06
1.79524e-06
5.92828e-06
5.39649e-06
4.87601e-06
9.85989e-06
1.01663e-05
1.76406e-05
2.61488e-05
9.90532e-06
1.72316e-05
4.32717e-06
5.4319e-06
3.857e-06
1.92836e-06
4.23472e-06
4.58751e-06
5.01716e-06
5.18194e-06
5.5654e-06
3.18437e-06
9.20288e-06
1.00272e-05
5.387e-06
4.89135e-06
2.1869e-05
6.47031e-06
7.05372e-06
9.5832e-06
1.82822e-05
1.42716e-05
5.85208e-06
3.30037e-06
4.5241e-06
7.63969e-06
9.29443e-06
5.00894e-06
5.01527e-06
8.17856e-06
5.52646e-06
3.741e-06
5.57991e-06
8.10282e-06
8.47228e-06
3.30019e-06
1.05399e-05
1.35467e-05
6.75398e-06
6.12866e-06
1.647e-05
1.23507e-05
6.61649e-06
2.05016e-05
3.63073e-06
1.31999e-05
6.05501e-06
5.51766e-06
4.36262e-06
1.51728e-05
2.60095e-05
7.20911e-06
6.36435e-06
8.83407e-06
1.02771e-05
1.86206e-05
3.94701e-06
4.88499e-06
7.15286e-06
4.5088e-06
5.40426e-06
1.02114e-05
1.46017e-05
1.19556e-05
4.18486e-06
1.56601e-05
1.07781e-05
7.40392e-06
1.10307e-05
1.34111e-05
2.27981e-05
1.70722e-05
1.08691e-05
9.81719e-06
7.76869e-06
1.49742e-05
1.34417e-05
2.60279e-06
8.23256e-06
7.6127e-06
6.2169e-06
1.52269e-05
2.36702e-05
1.48745e-05
1.14528e-05
4.094e-06
1.54947e-05
1.05485e-05
8.71387e-06
3.73975e-06
3.14302e-05
2.25173e-05
7.28398e-06
1.6341e-05
7.48116e-07
1.60698e-06
6.56693e-06
3.07799e-06
3.39534e-06
1.06556e-05
1.8243e-05
2.97909e-05
1.67804e-05
1.02018e-05
3.41322e-06
6.29626e-06
6.89664e-06
7.36703e-06
5.96312e-06
4.89105e-06
3.71249e-06
2.75941e-06
3.33215e-06
2.64934e-06
2.27418e-06
1.95469e-06
1.85003e-06
8.87227e-06
1.25976e-05
1.43871e-05
6.29016e-06
4.33075e-06
6.0992e-06
8.39613e-06
1.33243e-05
1.14693e-05
7.97549e-06
5.41744e-06
1.19006e-05
1.55029e-08
4.35534e-08
2.42384e-08
6.65072e-08
6.0651e-08
8.28317e-09
2.10872e-08
1.69453e-07
2.07458e-07
1.36088e-08
5.36646e-09
3.9667e-09
6.45327e-09
6.52246e-09
5.24038e-09
2.06981e-08
1.30866e-08
8.70883e-08
3.69705e-08
7.16028e-09
6.62906e-08
2.16666e-07
1.04625e-07
1.59312e-07
8.26433e-08
2.93458e-08
8.41322e-08
3.45289e-07
2.54751e-07
3.90178e-08
1.74644e-08
1.23736e-08
1.61089e-08
1.75269e-08
1.46235e-08
5.59206e-08
7.35336e-08
1.72027e-07
8.83911e-08
2.55242e-08
2.1333e-07
2.26363e-06
2.02446e-06
4.45357e-07
4.89884e-07
4.09069e-07
8.42117e-07
9.11074e-07
8.20787e-07
7.97504e-08
2.09657e-07
9.70134e-08
4.31336e-08
1.10988e-07
1.58107e-07
2.05157e-07
1.68688e-07
5.53827e-07
1.02258e-07
4.86595e-08
2.6285e-07
2.02857e-06
5.67899e-06
5.46522e-06
1.87497e-06
3.51592e-06
1.6071e-06
1.61348e-06
1.1269e-05
2.7953e-06
3.47694e-06
5.8789e-06
1.42034e-05
3.94066e-06
1.48827e-06
1.09587e-06
9.22937e-07
1.49646e-06
2.85406e-06
2.38124e-07
7.89733e-07
7.2343e-07
8.68747e-06
9.62249e-06
2.83021e-06
1.74211e-06
3.07706e-06
4.24611e-06
4.67919e-05
3.51258e-05
7.59246e-06
6.26857e-06
1.25735e-05
1.09638e-05
7.12016e-06
2.85875e-06
8.49688e-06
1.13354e-05
6.93616e-06
4.78284e-06
3.63036e-06
1.59165e-06
1.71322e-06
1.12932e-06
8.47086e-06
7.83166e-06
8.48077e-06
1.2326e-05
5.15807e-05
8.27139e-05
5.80449e-05
6.27002e-06
5.70405e-06
8.32771e-06
6.47545e-06
3.19966e-06
3.44586e-06
1.24579e-05
1.8531e-05
4.37196e-06
6.60267e-06
5.48458e-06
4.95442e-06
5.34291e-06
7.7034e-06
1.25615e-05
7.91664e-06
1.11851e-05
9.48297e-06
1.4902e-05
4.28645e-05
4.32928e-05
1.72929e-05
5.39609e-06
1.19897e-05
6.5508e-06
6.16286e-06
5.67475e-06
1.29207e-05
4.46509e-06
9.20609e-06
4.2641e-06
7.34708e-06
7.33972e-06
1.05023e-05
2.36928e-05
6.7359e-06
1.46345e-05
4.38973e-06
7.73843e-06
7.68166e-06
4.44987e-05
5.34074e-05
9.1599e-06
6.08822e-06
1.69338e-05
5.11854e-06
2.66244e-06
4.2894e-06
2.62882e-06
3.96559e-05
1.82108e-05
7.79542e-06
1.07777e-05
1.31443e-05
1.2551e-05
1.98401e-05
7.18501e-06
3.2344e-06
6.44779e-06
4.57735e-06
1.40316e-05
2.76607e-05
1.09787e-05
9.45204e-06
6.03845e-06
2.75921e-05
2.10042e-05
2.70578e-06
9.51509e-06
4.9081e-06
8.35705e-06
1.26483e-05
1.4397e-05
7.66238e-06
2.02805e-06
4.1497e-06
5.57342e-06
2.58801e-06
2.38626e-05
7.31731e-06
5.81802e-06
9.77031e-06
1.46039e-05
6.73198e-06
4.77294e-06
2.59788e-05
3.63e-05
1.26259e-05
1.76457e-05
2.80374e-06
1.14667e-05
1.64536e-05
7.79053e-06
4.9418e-06
3.4176e-06
1.50109e-06
4.16101e-06
5.78902e-06
1.4767e-05
1.89447e-05
1.70558e-05
1.0331e-05
4.92248e-06
4.95599e-06
5.94525e-06
1.10974e-05
9.29495e-06
6.18181e-06
8.14339e-06
4.7519e-06
3.4798e-06
9.49403e-06
3.47455e-06
4.07166e-06
2.26126e-06
2.3197e-06
2.52275e-06
1.44297e-05
3.29243e-05
2.42766e-05
4.77321e-06
2.37671e-06
4.19684e-06
8.64131e-06
9.9935e-06
6.13e-06
8.12346e-06
1.25256e-05
1.50384e-05
1.05474e-08
2.85725e-08
2.15593e-08
4.69411e-08
8.49573e-08
5.74611e-09
1.282e-08
8.05872e-08
4.94941e-08
7.85325e-09
2.72163e-10
1.06716e-09
4.01188e-09
8.90775e-09
2.18174e-09
1.81114e-09
1.46661e-08
4.84798e-08
1.71818e-08
5.04798e-09
8.22448e-08
1.31231e-07
4.83993e-08
9.53989e-08
3.22618e-08
5.83854e-08
6.38668e-08
3.25575e-07
2.48421e-08
9.35283e-09
1.48129e-09
5.01867e-08
7.36653e-08
2.67978e-08
7.32517e-09
4.68109e-09
6.12689e-08
1.01935e-07
4.53315e-08
4.63487e-08
7.68249e-07
1.54739e-07
9.96513e-08
7.05935e-07
1.8526e-06
1.82698e-07
3.65378e-07
3.94279e-07
1.69885e-07
2.35441e-08
3.86022e-08
2.59844e-07
4.55612e-07
1.93023e-07
4.21825e-08
2.74152e-08
5.49011e-08
2.62115e-07
7.91285e-08
7.29566e-07
6.83391e-06
6.48607e-06
5.29303e-07
7.01593e-07
7.43909e-06
3.57452e-06
5.97253e-06
6.02945e-06
6.61217e-06
5.83383e-06
1.98822e-06
3.27895e-06
7.45527e-06
6.50442e-06
7.81111e-07
3.87879e-07
2.33886e-06
1.1352e-06
9.30167e-07
2.28778e-06
9.42147e-06
6.41852e-06
6.01599e-06
1.61165e-06
1.02909e-05
6.22338e-06
2.81952e-06
2.69142e-06
1.54e-05
6.52672e-06
3.59307e-06
4.76285e-06
9.09527e-06
1.20021e-05
1.09175e-05
3.5665e-06
1.52341e-05
1.9875e-05
3.68703e-06
2.29474e-06
2.67236e-05
3.21404e-06
7.55033e-06
3.51069e-06
1.33028e-05
5.55576e-06
1.26686e-05
9.50255e-06
2.01213e-05
6.26925e-06
8.51508e-06
2.41363e-06
6.43864e-06
8.1081e-06
2.16279e-05
5.68898e-06
1.01985e-05
2.12657e-05
7.41313e-06
2.07568e-06
1.62845e-05
3.96782e-06
1.29775e-05
1.33054e-05
3.59779e-06
4.65905e-06
4.85105e-06
1.182e-05
1.83194e-05
1.48143e-05
4.15704e-06
6.52574e-06
9.23114e-06
8.06683e-06
8.28474e-06
6.09638e-06
7.48331e-06
4.7349e-06
4.83449e-06
3.57492e-06
2.85615e-05
2.20665e-05
3.52334e-05
2.64384e-05
7.77064e-06
2.54046e-06
5.78622e-06
8.08896e-06
7.807e-06
1.50827e-05
1.20632e-05
1.10247e-05
2.54019e-06
1.0511e-05
8.61318e-06
5.26214e-05
1.94358e-05
5.72943e-05
9.74238e-06
1.17849e-05
1.94368e-05
2.94972e-05
1.51458e-05
3.01811e-05
2.6323e-05
7.57717e-06
1.59358e-05
5.45419e-06
7.03304e-06
3.65343e-05
7.01906e-06
1.21786e-05
1.03372e-05
6.87694e-06
1.04839e-05
3.40771e-05
4.50376e-05
2.60327e-05
1.7813e-05
3.42552e-05
2.4366e-05
1.56629e-05
3.07834e-05
3.95819e-06
1.58642e-05
2.15547e-05
1.47212e-05
6.94394e-06
5.01006e-06
1.66349e-05
1.42564e-05
1.45142e-05
1.46186e-05
5.43009e-06
1.83374e-05
9.50997e-06
9.15537e-06
1.18174e-05
1.87644e-05
2.68962e-05
6.74994e-06
3.43662e-06
5.70183e-06
3.02864e-06
7.50525e-06
8.69939e-06
9.94467e-06
9.90277e-06
3.85962e-06
4.79171e-06
4.48579e-06
9.05844e-06
9.45034e-06
4.62851e-06
7.98611e-06
5.50457e-06
5.17687e-06
6.28247e-06
2.01865e-05
7.65582e-06
4.187e-06
6.23345e-06
3.69781e-06
5.60822e-06
3.6859e-06
4.62811e-06
5.36606e-06
7.53444e-06
1.1278e-05
1.13842e-05
8.56128e-06
9.01722e-06
1.19208e-05
2.63546e-05
9.54932e-06
3.33836e-06
2.36821e-06
4.02051e-06
1.01378e-05
7.18534e-06
5.11835e-09
7.54736e-09
8.7886e-09
1.00547e-09
1.10419e-08
6.91093e-09
7.66859e-09
1.33513e-08
8.47388e-09
1.3505e-08
2.78428e-09
3.22506e-08
9.00196e-08
8.45603e-08
4.02451e-08
1.75097e-08
1.54971e-08
1.1665e-08
8.31684e-09
3.86674e-09
9.59631e-09
1.39517e-08
3.17242e-08
1.2866e-08
5.63681e-08
6.23177e-08
1.77049e-08
3.26e-08
3.17555e-08
1.31115e-08
6.9229e-09
1.6586e-07
2.67161e-07
1.84283e-07
7.36534e-08
5.54941e-08
5.77196e-08
3.785e-08
2.14813e-08
1.31851e-08
6.37642e-08
4.72165e-08
2.78488e-07
2.37794e-07
3.80571e-07
5.29528e-07
4.13929e-08
8.13757e-08
6.9751e-08
1.63317e-07
9.29355e-08
4.0094e-07
1.12135e-06
1.15938e-06
3.83053e-07
3.22712e-07
3.39491e-07
1.58271e-07
9.24073e-08
9.93574e-08
3.31543e-06
4.21485e-07
1.60348e-06
2.70655e-06
1.81397e-06
7.41848e-07
1.09788e-06
9.58882e-07
2.57402e-07
3.99782e-07
1.25952e-06
2.3409e-06
1.43333e-06
7.98865e-06
1.06856e-05
2.45189e-06
2.49301e-06
1.90235e-06
1.05599e-06
1.47048e-06
1.32369e-05
2.48107e-06
2.53126e-06
1.58662e-06
1.89572e-06
1.33252e-05
1.32989e-05
3.70289e-06
2.81978e-06
6.02434e-06
2.7087e-06
2.03518e-06
1.55695e-06
1.60722e-06
1.5328e-05
1.38803e-05
5.30874e-06
5.78627e-06
2.81389e-06
1.12176e-05
1.04391e-05
6.383e-06
1.24892e-05
3.86622e-06
4.67882e-06
2.36624e-05
2.80102e-05
6.92276e-06
4.72807e-06
9.53711e-06
4.69954e-06
3.71122e-06
1.37352e-06
2.1969e-06
2.40587e-06
9.65909e-06
4.18642e-06
7.33013e-06
6.68169e-06
2.5383e-06
1.27842e-05
1.38216e-05
3.3326e-05
1.36417e-05
8.55221e-06
1.66133e-05
1.96632e-05
7.20986e-06
1.08231e-05
6.11517e-06
8.90788e-06
5.23338e-06
1.41477e-05
7.43385e-06
6.85541e-06
2.12905e-05
6.69548e-06
1.76843e-05
1.82155e-05
7.98407e-06
2.55398e-05
4.6425e-06
9.02595e-06
1.78672e-05
1.00364e-05
5.97742e-06
5.91314e-06
5.26482e-06
4.62156e-06
6.93512e-06
5.28573e-06
3.76467e-06
9.07486e-06
1.12516e-05
1.8287e-05
2.05445e-05
4.65859e-05
2.11126e-05
4.25859e-05
5.02962e-05
1.64586e-05
1.13343e-05
6.09762e-06
6.38826e-06
8.7245e-06
1.51153e-05
2.48562e-05
1.21481e-05
8.10726e-06
8.10936e-06
1.19358e-05
5.18206e-06
3.11196e-06
1.84708e-05
6.66687e-06
9.15697e-06
6.5356e-05
3.77638e-05
6.26739e-05
8.58707e-05
4.9489e-06
2.08853e-05
1.53262e-05
6.62642e-06
2.61987e-06
7.32216e-06
2.67789e-06
1.60169e-05
1.73862e-05
5.01633e-05
3.287e-05
1.63998e-05
1.98863e-06
3.28838e-06
4.15189e-06
4.08756e-06
6.36821e-06
3.94823e-05
1.8309e-05
1.44952e-05
1.18619e-05
4.89648e-06
9.48129e-06
8.39752e-06
5.17564e-06
9.39796e-06
8.44671e-06
5.68579e-06
7.43179e-06
6.12254e-06
1.92357e-05
1.26488e-05
1.72118e-05
6.35294e-06
7.84127e-06
3.52424e-06
3.38746e-06
1.94853e-05
1.14251e-05
4.29431e-06
5.87353e-06
4.84179e-06
1.00526e-05
8.55478e-06
4.37849e-06
7.78469e-06
3.08916e-06
9.2257e-06
1.09402e-05
4.47109e-06
5.38476e-06
3.8037e-06
2.74387e-05
9.27034e-06
2.87436e-06
2.03612e-06
5.8934e-06
5.69448e-06
6.6942e-06
3.72734e-06
3.1707e-08
2.59289e-08
9.5941e-08
8.00572e-09
6.24898e-09
9.71102e-09
3.46438e-09
1.10577e-08
4.19657e-08
1.054e-08
8.81215e-10
4.31244e-09
2.52327e-08
1.29686e-08
7.19788e-09
1.32281e-08
1.07226e-08
1.53509e-09
1.25148e-09
1.09704e-08
7.17269e-08
1.82771e-07
3.67275e-07
1.11242e-08
3.19915e-08
2.75225e-08
1.09541e-08
3.09151e-08
1.21928e-07
6.23244e-08
3.99817e-09
4.37746e-08
8.78296e-08
2.67798e-08
2.03309e-08
3.80651e-08
2.59631e-08
3.7753e-09
4.14238e-09
3.10771e-08
2.87495e-07
4.28302e-07
1.47863e-06
2.00981e-07
2.18867e-07
2.61801e-07
6.26267e-08
3.42555e-08
2.49819e-07
3.09925e-07
2.48437e-07
1.59966e-07
7.82189e-07
9.24632e-07
3.57428e-07
1.7491e-07
9.10211e-08
3.26486e-08
6.78636e-08
9.17256e-08
1.15291e-06
6.8529e-07
6.85468e-06
1.09563e-05
9.20504e-06
1.29424e-06
7.5232e-07
3.03897e-07
1.4191e-07
8.39176e-07
2.30395e-07
5.29735e-07
1.76605e-06
1.06925e-05
2.27821e-05
2.11915e-05
2.10929e-06
8.10225e-07
1.86871e-06
3.33588e-06
2.95519e-06
1.37644e-06
1.79917e-06
9.86404e-06
1.01965e-05
1.26595e-05
6.16905e-06
5.10472e-06
6.52315e-07
7.00914e-06
2.8326e-06
2.01813e-06
2.26946e-06
3.90737e-06
2.28913e-05
3.72136e-05
5.35874e-06
3.79628e-06
2.92155e-06
5.34625e-06
4.89923e-06
4.82508e-06
5.13423e-06
4.37336e-06
4.23753e-06
1.16959e-05
2.80553e-05
2.55169e-05
7.46822e-06
5.15328e-06
7.13298e-06
4.27891e-06
2.43104e-06
1.46531e-06
6.23173e-06
5.67302e-06
1.58269e-05
4.35766e-06
2.65907e-06
4.4292e-06
6.31022e-06
1.09769e-05
1.28891e-05
1.92986e-05
3.96067e-06
1.92458e-05
4.78046e-05
3.90792e-05
1.40358e-05
1.18256e-05
1.71324e-05
3.48672e-06
4.12606e-06
6.58085e-06
1.49989e-05
6.00941e-06
2.7825e-05
4.85335e-06
5.08416e-06
6.62788e-06
1.079e-05
1.29565e-05
2.71144e-06
3.01368e-05
4.14445e-06
5.21848e-06
1.3137e-05
2.21722e-05
9.81344e-06
1.02431e-05
7.67967e-06
5.9242e-06
1.66258e-05
1.07413e-05
3.26019e-05
1.57804e-05
3.79372e-05
4.93626e-06
6.58502e-06
9.07142e-06
1.61248e-05
9.29178e-06
4.60746e-06
1.3492e-05
1.5785e-05
4.55111e-06
1.37268e-05
1.87783e-05
5.0886e-06
5.48648e-06
4.84181e-06
8.87281e-06
3.78321e-06
6.39199e-06
1.68175e-05
1.86843e-05
2.43701e-05
1.56251e-05
7.9288e-06
2.09203e-05
1.79239e-05
3.4013e-05
1.1928e-05
6.39267e-06
1.07518e-05
2.06728e-05
5.8622e-06
4.19483e-05
4.05953e-05
4.01566e-05
1.95593e-05
4.98256e-06
5.20702e-06
3.37015e-06
3.33947e-06
1.73003e-05
8.1859e-06
2.99281e-05
1.24965e-05
1.54944e-05
1.50055e-05
5.23605e-06
8.56991e-06
3.81041e-06
2.47374e-06
1.00079e-05
2.85574e-06
6.06115e-06
1.85817e-05
1.82389e-05
8.34538e-06
1.5201e-05
8.40577e-06
3.44848e-06
6.85684e-06
1.16022e-05
5.27599e-06
1.84866e-05
1.62211e-05
1.41014e-05
8.62069e-06
5.37847e-06
7.55797e-06
6.38784e-06
7.51641e-06
8.00643e-06
3.40444e-06
3.69343e-06
7.27686e-06
4.03969e-06
2.70832e-06
3.56986e-06
2.50998e-05
1.08333e-05
4.56879e-06
1.31417e-05
7.02834e-06
1.35394e-05
1.00247e-05
7.87983e-06
3.69953e-08
2.47626e-08
7.38351e-08
2.73178e-08
2.17822e-08
1.86499e-08
2.58576e-09
1.11842e-09
9.471e-10
3.25243e-09
5.17852e-09
8.42576e-09
4.42448e-09
1.42526e-09
9.62e-09
1.48632e-08
5.42068e-09
1.11457e-09
6.11966e-10
1.33973e-08
2.8567e-07
1.04738e-07
1.70091e-07
6.03235e-08
1.13382e-07
7.05039e-08
1.35205e-08
5.57551e-10
3.7647e-09
1.08793e-08
1.40776e-08
2.34692e-08
1.12716e-08
9.62254e-09
1.59507e-07
1.1675e-07
3.17859e-08
2.47177e-08
2.15558e-09
9.59546e-08
2.3911e-06
1.95089e-06
9.09607e-07
6.49816e-07
1.5733e-07
1.62375e-07
4.66478e-08
2.54995e-08
2.33962e-08
5.82127e-08
1.57569e-07
2.12637e-07
1.51899e-07
3.82493e-07
1.08376e-06
2.00512e-06
1.16079e-06
1.35566e-07
7.81928e-08
8.19296e-08
4.45471e-07
2.33319e-06
6.67339e-06
4.04426e-06
4.88873e-07
1.29398e-06
1.0892e-06
2.92184e-07
1.37318e-07
8.55033e-07
7.0172e-07
3.58024e-07
2.95981e-06
2.98163e-06
4.80013e-06
5.47286e-06
2.06657e-06
5.68039e-06
6.02116e-06
9.14907e-07
3.86339e-06
1.89283e-06
2.67265e-06
4.14299e-06
2.00531e-06
1.1011e-06
1.98727e-07
4.4935e-07
7.48489e-07
1.56744e-06
5.18972e-06
3.8439e-06
3.56681e-06
1.00644e-06
5.0404e-06
6.47994e-06
4.23867e-06
6.98322e-06
2.86488e-05
4.06486e-06
7.64467e-06
5.21386e-06
4.17449e-06
4.37062e-06
1.38234e-06
2.44646e-06
2.4313e-06
2.38068e-06
2.43517e-06
2.74126e-06
4.93866e-06
1.32781e-05
5.67147e-06
1.71172e-06
1.0767e-06
3.9889e-06
1.53796e-05
9.55949e-06
3.36993e-05
3.51057e-05
2.52961e-06
3.33349e-06
6.10541e-06
3.83709e-06
2.07331e-06
1.77641e-06
2.22684e-06
2.40187e-06
5.92858e-06
4.27937e-06
7.97703e-06
1.00714e-05
3.58479e-06
3.0701e-06
5.08628e-06
7.12783e-06
1.56785e-05
4.43888e-06
1.12673e-05
3.85539e-05
1.29035e-05
5.42365e-06
3.17724e-06
1.23989e-05
6.56265e-06
6.72805e-06
5.68024e-06
6.21493e-06
6.57664e-06
2.17967e-05
1.80493e-05
1.21356e-05
7.03301e-06
1.13287e-05
5.71479e-06
4.31729e-06
2.23629e-05
2.42259e-05
4.68127e-06
4.8038e-05
3.31446e-05
9.78456e-06
4.81871e-06
4.50598e-06
1.45187e-05
6.21241e-06
4.79109e-06
4.89365e-06
1.53358e-05
1.33194e-05
3.90463e-05
3.53379e-05
1.51135e-05
1.04426e-05
1.25262e-05
1.00754e-05
1.04548e-05
1.13362e-05
1.26417e-05
2.3035e-05
9.29667e-06
4.3369e-06
1.34528e-05
2.90123e-05
1.53248e-05
1.22252e-05
2.32175e-06
3.41028e-06
6.78018e-06
1.08918e-05
2.04182e-05
2.08857e-05
1.06164e-05
2.2802e-05
3.04286e-05
3.20654e-05
6.81343e-06
1.10149e-05
3.62218e-05
1.57361e-05
8.85458e-06
1.61192e-05
8.10624e-06
8.04104e-06
3.45238e-06
1.39597e-05
4.10796e-06
3.55069e-06
1.90039e-05
2.74278e-05
1.92002e-05
8.85055e-06
1.04978e-05
8.36989e-06
9.87638e-06
1.88278e-05
7.89276e-06
5.49324e-06
1.02531e-05
2.18495e-05
5.97843e-06
7.01271e-06
5.77251e-06
6.37673e-06
1.22054e-05
1.22995e-05
5.85753e-06
7.10739e-06
3.6209e-05
1.70722e-05
1.46173e-05
1.27678e-05
4.28573e-06
5.86707e-06
5.66353e-06
8.50256e-06
6.92571e-06
6.82888e-06
4.34075e-06
9.07252e-06
3.49512e-08
1.39527e-08
7.13066e-09
1.00762e-08
1.4494e-08
1.71398e-08
3.5828e-09
1.6592e-09
7.3737e-09
1.5975e-08
3.25551e-08
3.526e-08
8.94699e-09
2.45618e-09
3.61195e-09
6.28965e-09
1.23815e-08
9.75007e-09
8.03442e-09
2.07822e-08
8.3921e-08
3.73641e-08
1.6109e-08
1.99863e-08
2.9753e-08
3.74869e-08
9.38931e-09
6.44151e-09
2.81949e-08
6.50672e-08
1.25188e-07
9.45507e-08
3.35807e-08
5.57406e-09
1.65398e-08
2.04579e-08
4.92814e-08
5.78085e-08
2.76455e-08
7.91576e-08
4.61915e-07
2.68759e-07
4.38654e-08
2.04784e-08
3.40975e-08
1.7791e-07
9.64949e-08
7.80116e-08
1.81899e-07
5.76313e-07
2.50937e-06
2.81201e-06
7.16397e-07
8.59262e-08
1.33231e-07
1.14325e-07
3.29169e-07
4.40605e-06
2.69152e-06
3.49877e-07
2.32933e-06
2.15837e-06
9.14451e-07
1.43998e-07
3.38049e-07
4.71196e-07
7.88616e-07
8.30457e-08
2.91752e-07
1.66914e-06
1.08306e-05
2.40568e-05
1.91372e-05
6.47319e-06
5.86568e-06
4.09342e-06
1.84963e-06
1.9958e-06
1.18068e-05
1.16529e-05
4.23187e-06
3.71147e-06
2.04826e-06
1.60956e-06
2.59885e-06
2.24096e-06
2.12392e-06
4.99425e-07
1.21487e-07
1.22034e-06
4.90949e-06
2.01646e-05
1.96746e-05
1.06189e-05
1.0801e-05
1.2608e-05
5.65298e-06
4.64386e-06
4.77718e-06
9.61877e-06
5.31128e-06
5.74506e-06
3.97496e-06
2.55693e-06
1.26263e-06
5.07754e-06
7.47397e-06
4.62177e-06
9.17405e-07
1.50508e-06
3.2237e-06
1.06379e-05
1.07315e-05
2.20729e-05
8.37412e-06
3.57405e-06
3.21669e-06
2.49732e-06
9.27383e-06
1.10766e-05
2.3716e-06
5.67601e-06
4.76657e-06
5.5434e-06
4.38656e-06
6.4546e-06
4.7102e-06
6.17434e-06
1.20846e-05
3.87958e-06
3.03658e-06
7.23411e-06
8.95498e-06
6.36841e-06
6.5555e-06
3.96096e-06
5.87074e-06
2.49341e-06
4.64593e-06
1.09512e-05
6.16627e-06
4.4212e-06
1.69762e-06
1.10346e-05
8.37023e-06
9.44781e-06
4.03472e-06
2.79151e-06
6.93647e-06
9.64885e-06
8.77503e-06
4.10972e-06
3.22233e-06
5.17689e-06
8.52909e-06
3.70733e-06
3.30109e-06
3.00517e-06
1.81789e-06
7.28816e-06
8.34798e-06
3.90358e-06
2.81114e-06
9.12318e-06
1.58796e-05
1.40217e-06
3.29804e-06
6.49792e-07
2.18908e-06
6.71927e-06
1.26755e-05
8.56508e-06
1.34944e-05
6.919e-06
2.55475e-05
9.35834e-06
6.70976e-06
5.11318e-06
6.93413e-06
5.24121e-06
9.08034e-06
2.74078e-06
5.85106e-06
3.71595e-06
1.3997e-05
2.32311e-05
3.00913e-06
4.20564e-06
4.14784e-06
7.70917e-06
5.89629e-06
5.43721e-06
1.66248e-05
1.43963e-05
4.29691e-06
7.684e-06
1.32998e-05
2.03052e-06
8.8176e-06
1.00441e-05
2.26233e-05
2.48726e-05
8.89753e-06
3.76894e-06
1.1384e-05
7.31981e-06
1.97894e-06
3.18938e-06
3.86587e-06
3.89807e-06
3.46115e-05
7.14597e-06
5.65946e-06
4.66298e-06
1.98664e-05
1.0186e-05
2.31284e-06
1.58498e-05
1.23697e-05
4.69988e-06
3.8829e-05
2.89748e-05
7.39311e-06
6.28864e-06
1.22291e-05
6.38336e-06
9.36986e-06
4.29774e-06
5.57942e-06
6.70736e-06
8.45605e-06
8.85097e-06
3.99389e-06
2.93703e-06
1.6512e-05
3.25114e-05
9.40123e-06
1.06729e-05
3.53314e-06
1.41465e-05
1.96638e-05
2.58625e-05
1.8254e-05
2.2947e-05
2.52877e-05
7.88185e-06
2.3377e-05
5.62541e-06
3.33779e-06
1.86086e-05
3.86038e-05
2.35947e-05
1.56156e-05
1.20246e-05
6.67212e-06
9.78872e-06
1.63273e-05
9.39553e-06
8.62618e-06
1.3196e-06
2.87582e-05
1.13201e-05
4.76765e-06
5.30459e-06
5.39532e-06
1.01812e-05
1.78401e-05
9.31463e-06
2.28431e-05
5.55407e-05
2.09976e-05
1.16182e-05
3.99394e-05
8.22549e-06
8.80486e-06
9.53028e-06
1.39342e-05
1.16673e-05
4.95698e-05
2.91468e-06
1.70091e-05
1.00438e-05
5.54412e-06
7.2691e-06
9.52974e-06
4.0518e-06
5.07032e-06
5.71704e-06
6.718e-06
3.94883e-06
2.50106e-06
3.51004e-06
1.53013e-05
2.53183e-05
2.10596e-05
2.95577e-06
4.20349e-06
2.11655e-06
3.9798e-06
2.96733e-06
2.36294e-05
5.79241e-06
4.93595e-06
1.38189e-05
2.32994e-05
1.07384e-05
2.35658e-05
1.32243e-05
1.41362e-05
2.45861e-06
2.99777e-06
3.68476e-06
4.62902e-06
9.13585e-06
7.36388e-06
7.88497e-06
1.2769e-05
1.22909e-05
6.80026e-06
6.76343e-06
1.32919e-05
6.61689e-06
8.12414e-06
3.12387e-05
3.10617e-05
9.71426e-06
1.68451e-05
8.33807e-06
5.34166e-06
2.70447e-06
4.60553e-06
6.11217e-06
5.22138e-06
7.2906e-06
2.66984e-05
2.01009e-05
6.04088e-06
9.11374e-06
6.69642e-06
2.36125e-05
6.43786e-06
1.11008e-06
4.051e-06
2.37051e-05
2.25157e-05
7.82664e-06
5.70676e-06
6.2946e-06
4.48394e-06
1.03743e-05
7.21064e-06
5.81272e-06
5.56819e-06
2.31962e-06
7.23441e-06
9.52488e-06
5.79116e-06
4.89975e-06
4.56554e-06
3.64855e-06
1.49418e-05
3.60132e-06
4.81118e-06
9.41713e-06
7.45567e-06
2.30352e-06
5.59526e-06
8.00316e-06
3.05153e-06
9.11182e-06
9.04945e-06
4.58181e-06
4.469e-06
1.83044e-05
3.70523e-06
2.44921e-06
1.85379e-06
2.03702e-06
3.47714e-06
1.04836e-05
2.1673e-06
3.44966e-06
4.46663e-06
6.64556e-07
7.45467e-07
4.74452e-06
8.20927e-06
3.40017e-06
1.08705e-06
7.5996e-06
3.09946e-06
1.87945e-06
2.08087e-05
1.59643e-06
6.6012e-07
1.1745e-06
1.31839e-06
4.29323e-06
1.0003e-05
1.11025e-05
2.94811e-06
1.51166e-06
5.15921e-07
3.08275e-07
1.07869e-06
1.97715e-06
2.34991e-06
6.99405e-07
5.21222e-07
6.10529e-06
5.33696e-07
7.44822e-06
4.87147e-06
4.76278e-08
3.02677e-07
6.11609e-07
1.36075e-06
3.22186e-06
4.73627e-06
1.6764e-06
1.29427e-07
1.46879e-07
9.9936e-08
1.84924e-07
6.92761e-07
1.19026e-06
7.28445e-07
2.38148e-07
8.73209e-08
2.77728e-07
1.88643e-07
5.04708e-08
6.01234e-09
5.67401e-09
1.07775e-07
1.51191e-07
1.60477e-07
2.49811e-07
3.22051e-07
4.49657e-07
2.08636e-08
3.92039e-08
3.58747e-08
9.18075e-08
2.20181e-07
3.21083e-07
1.09279e-07
2.70309e-08
5.25052e-09
2.20108e-08
8.01502e-09
1.33877e-08
2.96627e-09
8.5894e-10
9.23146e-09
1.40754e-08
1.24446e-08
2.00287e-08
5.68089e-08
3.95878e-08
3.99986e-09
9.6426e-09
1.10171e-08
1.34539e-08
6.29966e-08
1.05308e-07
3.22194e-08
6.18751e-09
1.16727e-09
5.21137e-09
2.90142e-09
7.58038e-09
1.01169e-09
1.3425e-10
1.7283e-09
2.79084e-09
2.2595e-09
4.00488e-09
1.23216e-08
8.39248e-09
1.71898e-05
2.6649e-05
1.1612e-05
7.89617e-06
1.17158e-05
4.56476e-06
1.53487e-05
2.89645e-06
3.36675e-06
9.22781e-06
3.26288e-05
3.29089e-05
6.06357e-06
2.02782e-05
9.9462e-06
1.83148e-05
9.05609e-06
7.6539e-06
3.87597e-06
3.94587e-06
2.97175e-05
2.96577e-05
6.32422e-06
5.77738e-06
7.90779e-06
6.29374e-06
8.05727e-06
2.73659e-06
2.11013e-05
3.12431e-05
4.65295e-06
4.36646e-06
8.2824e-06
4.13331e-06
3.7547e-06
4.70436e-06
9.91019e-06
1.37476e-05
2.32894e-05
7.68319e-06
2.92926e-05
4.36327e-06
2.97792e-06
2.54022e-06
1.04495e-05
8.38062e-06
8.51004e-06
1.18016e-05
7.40376e-06
4.03662e-06
2.56697e-06
7.70928e-06
6.03557e-06
6.29617e-06
7.46749e-06
8.41015e-06
1.00154e-05
5.15817e-06
1.62604e-05
2.3722e-05
2.98116e-06
4.82458e-06
4.11189e-05
4.57617e-05
2.18703e-05
1.79085e-05
2.76295e-05
1.31769e-05
1.77241e-05
5.92456e-06
3.52637e-06
5.64549e-06
7.10329e-06
4.20618e-06
8.79184e-06
1.54844e-05
8.23074e-06
7.94872e-06
7.73927e-06
6.23135e-06
1.08634e-05
7.78753e-06
1.75072e-05
2.36513e-05
1.8773e-05
8.30192e-06
7.67877e-06
2.48047e-06
9.8227e-06
2.98404e-06
7.41306e-06
2.23033e-05
6.62506e-06
4.01321e-06
7.14915e-06
2.62544e-05
9.81866e-06
6.30695e-06
3.81357e-06
1.64206e-05
7.40597e-06
6.06316e-06
4.20856e-06
6.46331e-06
1.06543e-05
3.24041e-06
3.99919e-06
6.25276e-06
1.87517e-05
8.44126e-06
1.82044e-06
1.55927e-05
4.87673e-06
2.63777e-06
4.34181e-06
5.08407e-06
3.69162e-06
6.87862e-06
2.81555e-05
2.87086e-05
4.18863e-06
1.73825e-06
2.21306e-06
7.13955e-06
4.99043e-06
6.5428e-07
7.06281e-07
3.25866e-06
1.72233e-05
5.33377e-06
7.86262e-06
1.03316e-05
7.60794e-06
5.5038e-06
1.25738e-05
6.44541e-06
3.02228e-05
3.10559e-05
4.14522e-05
1.71687e-05
1.22896e-05
4.93625e-06
8.25169e-07
1.05652e-06
3.65051e-07
2.11937e-07
1.15375e-06
2.59311e-06
6.79166e-06
6.53296e-06
2.08304e-05
6.602e-06
3.57514e-06
6.94577e-07
2.36063e-06
1.16669e-05
1.11002e-05
1.33785e-05
1.0509e-05
4.54174e-06
9.12503e-07
1.00668e-06
1.80248e-06
2.25592e-06
1.02136e-06
3.07832e-07
2.11948e-06
1.92696e-06
3.22418e-06
9.00046e-06
8.19042e-06
3.88441e-06
2.75674e-07
1.49322e-06
1.0226e-05
7.38698e-06
1.27059e-05
3.46526e-06
2.10047e-06
9.86578e-07
1.44924e-07
6.65631e-07
6.54593e-07
5.62641e-07
1.38152e-07
5.49207e-08
2.5978e-07
6.40269e-08
1.40956e-06
7.04584e-06
5.51002e-07
1.04157e-07
8.73164e-08
2.0923e-07
1.01619e-07
1.94302e-07
4.05217e-07
2.79853e-07
1.36711e-07
4.63888e-08
4.99746e-09
6.24089e-08
1.2007e-07
2.39529e-08
3.47493e-10
4.24271e-10
5.45378e-09
6.67897e-09
1.68212e-07
4.51113e-07
2.11527e-07
1.85798e-08
1.90885e-08
5.78745e-08
7.26135e-09
7.8341e-09
9.05317e-08
8.00491e-08
2.38856e-08
1.37737e-08
5.84179e-09
3.46497e-08
6.39861e-08
1.77085e-08
1.68429e-09
2.3765e-10
1.31316e-09
1.6493e-09
2.01735e-08
1.50639e-07
1.89803e-07
5.56705e-09
1.28779e-08
1.68642e-08
7.4978e-09
1.27942e-08
4.20889e-08
4.54409e-08
4.25026e-08
1.83804e-08
4.9697e-06
5.57044e-06
6.6338e-06
8.75433e-06
6.28175e-06
6.23993e-06
1.63601e-05
1.24298e-05
3.33312e-06
2.90066e-06
8.89776e-06
5.45165e-06
3.7847e-06
9.95112e-06
6.40232e-06
4.45812e-06
5.36742e-06
1.1082e-05
6.85069e-06
4.65925e-06
4.1616e-06
7.35918e-06
9.38116e-06
1.29859e-05
9.77923e-06
5.32155e-06
1.26184e-05
1.18095e-05
5.19713e-06
1.09342e-05
5.64113e-06
2.5881e-06
8.04057e-06
1.27082e-05
4.36957e-06
1.9754e-06
2.68084e-06
3.49821e-06
3.79036e-06
4.53027e-06
1.44934e-05
7.20978e-06
8.84018e-06
2.29426e-06
5.90575e-06
3.62061e-06
6.88862e-06
1.61737e-05
1.61722e-05
1.04847e-05
5.60531e-06
1.42131e-05
5.44289e-06
5.82009e-06
5.82557e-06
9.0343e-06
2.62696e-06
1.66341e-05
7.62624e-06
8.47854e-06
8.35276e-06
9.95903e-06
7.30151e-06
9.67901e-06
8.79502e-06
6.60387e-06
6.67358e-06
1.16837e-05
9.18408e-06
1.39827e-05
2.45122e-05
1.08077e-05
1.21433e-05
1.28322e-05
6.97944e-06
6.83392e-06
1.10477e-05
1.99613e-05
6.57893e-06
9.70644e-06
1.58501e-05
7.35664e-06
1.05062e-05
6.43238e-06
1.39168e-05
3.6912e-06
4.71819e-06
4.33118e-06
9.86994e-06
4.34922e-05
3.14201e-05
1.40437e-05
1.66109e-05
2.85442e-06
6.63695e-06
1.06692e-05
1.80406e-05
3.21308e-05
1.09006e-05
6.30274e-06
3.12541e-06
6.02321e-06
3.6363e-06
7.3365e-06
1.65771e-05
1.17836e-05
3.99367e-06
2.11769e-06
1.21123e-05
9.95678e-06
5.45675e-06
7.66611e-06
3.72748e-05
8.65253e-06
3.0255e-06
1.91918e-06
2.01886e-06
1.0331e-05
1.51718e-05
8.93528e-06
8.88587e-06
1.138e-05
4.86178e-06
4.61924e-06
1.46116e-06
1.29671e-06
2.48633e-06
1.06577e-05
6.4344e-06
4.14251e-06
3.40246e-06
3.88254e-05
1.92745e-05
5.86345e-06
1.92552e-06
6.19653e-06
4.54551e-06
1.20008e-05
1.13205e-05
2.93293e-06
3.79075e-06
2.35963e-06
1.21439e-06
3.99226e-06
9.72502e-07
5.27702e-07
3.43744e-07
2.54979e-06
1.84796e-06
6.42722e-06
1.73721e-05
2.69972e-05
9.70038e-06
1.53759e-06
5.96738e-06
1.09264e-05
4.65157e-06
1.1576e-05
4.0775e-06
1.72076e-06
4.29252e-06
2.29038e-06
2.68438e-06
1.29064e-06
7.29878e-07
3.92311e-07
7.30226e-07
2.42154e-06
1.3032e-06
4.98476e-06
1.67961e-05
9.43606e-07
8.45837e-07
9.46565e-07
2.34832e-06
6.5916e-06
2.25198e-06
4.39192e-06
3.83692e-06
6.11829e-06
5.50805e-07
2.38306e-07
3.3063e-07
2.69812e-07
3.01036e-07
5.05051e-07
5.2507e-07
4.77123e-07
3.24219e-07
1.7006e-06
3.0595e-06
1.09048e-06
2.85582e-07
6.59733e-08
8.46574e-08
1.1051e-07
3.79099e-07
1.36491e-07
3.31469e-07
7.55413e-07
8.47905e-08
1.21031e-07
1.88483e-07
5.75339e-08
8.13677e-08
6.90017e-08
4.0179e-08
1.66336e-08
8.98253e-08
4.04431e-07
8.87067e-07
5.18061e-08
5.93549e-09
5.24112e-09
6.96265e-09
7.11373e-09
1.06068e-08
3.51223e-08
3.74836e-08
6.98785e-08
3.70961e-08
7.41307e-08
9.89937e-08
1.72683e-08
1.7768e-08
1.41564e-08
6.90875e-09
2.559e-09
5.05682e-09
1.1509e-07
2.03574e-07
2.81996e-08
1.61484e-09
1.95311e-09
1.81831e-09
1.45929e-09
2.92174e-09
1.45684e-08
1.17124e-08
1.99954e-08
5.65053e-06
5.57613e-06
6.43448e-06
4.75847e-06
4.88356e-06
6.25545e-06
1.29372e-05
1.90083e-05
7.15084e-06
1.8798e-06
9.94064e-06
4.50269e-06
3.19433e-06
3.48771e-06
1.69663e-06
3.29278e-06
3.89255e-06
5.09015e-06
5.95702e-06
5.54661e-06
6.52485e-06
5.46996e-06
6.35987e-06
6.53723e-06
9.86429e-06
8.27653e-06
5.16851e-06
9.96569e-06
5.89614e-06
5.73585e-06
3.00108e-06
2.03788e-06
8.88727e-06
1.08785e-05
4.83245e-06
2.90334e-06
2.07459e-06
1.63651e-06
1.73066e-06
3.69592e-06
3.75059e-06
2.16228e-05
3.66374e-05
1.38346e-06
4.0603e-06
1.38949e-05
1.10708e-05
7.407e-06
3.58202e-05
2.26308e-05
1.53013e-05
9.2707e-06
5.66339e-06
5.42709e-06
7.92608e-06
5.31319e-06
1.9735e-06
4.08663e-06
3.44531e-06
8.7511e-06
2.178e-05
4.19476e-05
6.30433e-06
8.61319e-06
1.447e-05
1.3482e-05
8.79459e-06
1.06579e-05
2.39495e-05
9.38738e-06
1.05341e-05
8.05271e-06
2.38109e-05
3.06991e-05
1.56505e-05
7.05809e-06
8.77077e-06
3.8181e-06
6.06794e-06
9.35894e-06
3.60177e-05
1.49287e-05
3.68203e-06
8.97769e-06
2.06377e-05
8.19679e-06
3.8586e-06
4.23432e-06
7.76723e-06
1.55449e-05
1.03655e-05
6.35642e-06
8.69538e-06
2.56783e-06
3.94287e-06
6.7133e-06
1.43835e-05
1.24096e-05
1.10921e-05
5.29426e-06
4.4699e-06
9.38236e-06
2.44758e-06
1.03205e-05
8.55233e-06
5.86129e-06
3.43417e-06
2.643e-06
2.92486e-06
8.25564e-06
8.05827e-06
4.54301e-06
1.02968e-05
4.31164e-06
5.01305e-06
5.35453e-06
1.07375e-05
5.07374e-06
1.16555e-05
8.21439e-06
4.0316e-06
3.86163e-06
5.40559e-06
2.79615e-06
2.84357e-06
3.2983e-06
1.45977e-06
5.15283e-06
6.44417e-06
4.20259e-06
3.17797e-06
1.68158e-05
6.97019e-06
2.28339e-06
3.40277e-06
3.45094e-06
5.42285e-06
5.41143e-06
8.01616e-06
2.92743e-06
3.8024e-06
2.68319e-06
1.3243e-06
2.7232e-06
1.50809e-06
8.71686e-07
3.30084e-06
5.18805e-06
2.24821e-06
1.72081e-06
6.4068e-06
8.62755e-06
2.76637e-06
2.42394e-06
9.00164e-07
3.67921e-06
4.31483e-06
3.64408e-06
2.62189e-06
2.41913e-06
5.51714e-06
1.4375e-06
1.53489e-06
1.08073e-06
1.15588e-06
5.18616e-07
1.89e-06
4.40676e-06
2.37936e-06
2.3073e-06
4.30846e-06
8.43145e-07
1.81293e-06
1.13137e-06
6.00731e-07
6.10312e-07
9.39213e-07
1.9843e-06
3.13356e-06
1.17226e-06
1.85002e-07
3.05762e-07
1.22689e-07
2.23867e-07
3.23689e-07
7.28586e-08
9.53989e-08
1.03422e-07
4.14814e-08
1.96862e-07
7.85585e-07
3.55308e-07
2.77979e-07
4.45457e-07
9.59025e-08
1.72921e-07
8.09022e-08
8.87767e-08
1.5136e-07
2.37779e-07
6.79727e-08
7.40757e-08
9.04202e-08
1.46529e-07
4.69399e-08
9.58077e-09
3.96696e-09
1.17577e-09
6.77606e-09
1.11205e-07
1.36749e-07
1.6383e-08
2.1646e-08
5.91147e-09
1.3422e-08
4.48169e-08
3.88661e-09
1.01597e-08
4.2665e-08
5.73872e-08
2.51112e-08
3.44972e-08
4.54098e-08
5.90256e-08
3.2195e-08
2.02106e-09
7.06341e-10
3.53814e-10
4.37692e-10
1.15921e-08
3.66026e-08
1.06259e-08
7.16501e-09
2.97202e-09
6.46625e-09
1.12503e-08
1.81177e-09
4.45787e-09
1.2664e-08
2.09395e-08
1.05942e-05
1.02426e-05
3.88845e-06
6.53326e-06
4.78904e-06
7.70512e-06
6.48619e-06
5.45708e-06
6.28633e-06
6.92894e-06
5.75333e-06
2.88607e-06
4.59329e-06
4.12512e-06
2.50249e-06
5.98465e-06
2.25464e-06
3.10154e-06
2.11189e-06
3.6858e-06
4.41388e-06
4.43121e-06
2.14602e-05
2.07851e-05
4.12039e-06
3.86763e-06
5.30496e-06
1.16552e-05
7.53988e-06
9.68826e-06
9.13401e-06
6.73999e-06
5.38985e-06
3.39708e-06
3.87289e-06
9.0584e-06
3.17923e-06
1.8043e-06
2.63049e-06
4.41922e-06
7.92816e-06
8.74773e-06
1.57701e-05
5.86854e-06
9.45014e-06
9.07958e-06
4.79835e-06
4.86077e-06
4.14066e-06
7.30887e-06
7.87873e-06
4.61297e-06
3.68794e-06
3.31934e-06
2.4612e-05
1.21632e-05
1.45176e-06
2.58039e-06
3.98678e-06
1.28577e-05
3.66962e-06
1.52985e-05
7.89087e-06
5.08398e-06
9.9081e-06
3.95222e-06
6.3545e-06
6.45582e-06
4.27368e-06
6.8797e-06
1.9245e-05
9.34783e-06
2.32304e-06
2.77947e-06
6.47695e-06
2.09746e-05
2.15082e-05
9.51357e-06
2.02343e-05
2.46184e-05
1.06924e-05
5.22664e-06
1.02182e-05
5.96386e-06
3.37849e-06
4.57969e-06
1.06906e-05
1.18935e-05
8.01305e-06
1.25045e-05
4.10242e-06
8.56088e-06
1.32262e-05
8.93483e-06
6.53624e-06
6.53743e-06
1.306e-05
6.92265e-06
3.0017e-06
2.56068e-06
3.18159e-05
4.77584e-06
2.48227e-05
7.34048e-06
8.03987e-06
4.20588e-06
2.85985e-06
1.6796e-05
8.53268e-06
2.71545e-06
3.63878e-06
9.62427e-06
1.93991e-05
8.55788e-06
2.99201e-06
4.45278e-06
4.31876e-06
1.26142e-05
3.04879e-06
7.83878e-06
1.54791e-05
8.07974e-06
4.29641e-05
7.89063e-06
5.14792e-06
7.36549e-06
9.25402e-06
8.47024e-06
1.10128e-05
7.14722e-06
1.90738e-06
1.2493e-05
2.08271e-05
4.6738e-06
4.04275e-06
2.57176e-06
1.34889e-06
2.72166e-06
9.42613e-07
1.00493e-05
3.73454e-06
8.03867e-06
7.93322e-06
7.32062e-06
3.44329e-06
7.66029e-06
5.7246e-06
5.62602e-06
7.89369e-06
5.0917e-06
2.33164e-06
2.60371e-05
1.53333e-05
6.90686e-06
1.74529e-06
2.43658e-06
7.22875e-07
4.57126e-07
3.13447e-06
6.73218e-06
7.88283e-06
1.55801e-06
1.92658e-06
3.79095e-07
3.88966e-06
2.21748e-06
8.77452e-07
3.9108e-07
6.78779e-07
8.55019e-07
1.38139e-06
9.48915e-06
5.451e-06
3.99777e-07
1.07116e-06
1.95862e-06
4.48028e-07
2.75254e-06
6.78258e-06
7.28545e-06
7.0935e-08
3.50066e-08
5.38696e-08
3.26429e-07
3.58693e-07
7.60816e-08
2.51686e-07
1.52755e-07
1.91164e-07
2.5318e-07
3.65058e-07
3.075e-07
1.35418e-07
2.43967e-07
1.39776e-07
1.20014e-07
5.44266e-07
9.95108e-07
2.54536e-06
1.18831e-06
5.9127e-09
4.46719e-08
3.12287e-08
3.06088e-08
1.97949e-08
1.499e-08
4.33701e-08
1.23479e-08
2.92104e-08
4.51847e-08
5.35857e-08
8.90661e-08
1.05987e-07
1.58364e-07
2.16526e-08
2.94206e-08
6.34068e-08
6.34479e-08
1.97772e-07
4.33395e-08
2.28576e-09
1.31728e-08
3.17882e-08
1.07198e-08
6.76298e-09
5.84548e-09
1.60571e-08
4.4588e-09
6.75696e-09
1.31206e-08
1.85278e-08
3.36762e-08
5.53714e-08
7.62142e-08
2.92684e-08
6.41085e-09
1.13892e-08
1.31594e-08
6.68808e-09
2.11725e-09
1.16797e-05
7.74231e-06
1.66016e-05
4.77039e-06
5.49168e-06
2.74531e-06
2.21594e-06
3.64677e-06
1.03069e-05
8.87071e-06
7.10284e-06
1.45664e-05
1.11991e-05
8.97315e-06
5.11411e-06
3.04239e-06
3.88456e-06
2.71242e-06
8.32221e-06
9.79352e-06
5.22618e-06
4.84477e-06
8.27229e-06
1.47685e-06
2.16316e-06
5.26811e-06
4.81695e-06
7.94344e-06
1.50554e-05
1.65491e-05
2.65973e-05
8.46155e-06
4.89677e-06
9.0107e-06
4.60298e-06
5.99046e-06
4.61641e-06
2.72402e-06
7.26186e-06
2.99008e-06
3.18346e-06
6.33511e-06
1.64218e-05
6.78548e-06
5.14344e-06
2.90053e-06
2.54077e-05
6.92075e-06
1.4533e-05
1.86766e-05
8.15151e-06
9.87537e-06
4.01049e-06
8.14994e-06
8.3403e-06
1.44167e-05
1.12479e-05
2.59359e-06
3.75969e-06
4.72176e-06
2.99766e-06
5.24732e-06
2.65029e-05
2.13006e-05
6.63356e-06
1.66566e-05
2.71299e-05
1.1317e-05
6.11901e-06
9.08096e-06
2.89161e-05
1.16089e-05
1.06893e-05
8.7371e-06
4.87809e-06
1.14099e-05
2.59714e-05
1.64583e-05
9.37778e-06
8.27274e-06
6.54484e-06
6.86164e-06
1.46095e-05
8.09626e-06
5.42467e-06
2.48615e-05
1.49766e-05
1.19876e-05
9.29857e-06
1.41292e-05
1.72169e-05
2.17915e-05
1.24727e-05
1.10132e-05
2.41501e-05
5.03644e-06
6.05314e-06
3.52139e-06
4.32685e-06
9.13874e-06
4.10515e-06
5.26761e-06
6.5435e-06
1.49504e-05
1.79755e-05
1.50306e-05
7.15817e-06
7.44301e-06
1.35129e-05
6.6562e-06
7.82925e-06
1.75654e-05
1.49101e-05
2.2103e-05
3.24929e-06
3.50439e-06
6.65204e-06
1.00391e-05
6.96542e-06
1.10083e-05
3.69467e-06
1.03051e-05
7.93792e-06
1.30727e-05
1.52717e-05
6.83718e-06
1.04946e-05
1.01149e-05
1.91695e-05
4.94856e-06
7.63458e-06
3.71613e-05
1.40554e-05
7.86781e-06
5.57231e-06
1.01787e-05
8.52392e-06
9.34879e-06
1.037e-05
3.977e-06
1.09916e-05
2.96734e-05
9.47289e-06
7.2317e-06
9.70328e-06
8.80802e-06
2.46187e-06
6.9409e-06
4.30285e-06
4.91924e-06
3.23991e-05
4.17419e-05
1.63074e-05
3.83574e-06
3.75148e-06
3.6401e-06
6.85781e-06
1.30647e-05
1.04459e-05
3.44045e-06
7.88039e-06
7.38261e-06
4.84536e-06
1.43831e-05
1.08637e-05
1.9152e-06
1.85128e-06
1.99743e-06
2.54807e-06
3.27086e-06
1.44282e-05
2.53915e-05
7.46899e-06
1.53761e-06
1.2712e-06
2.54079e-06
5.42413e-06
3.18044e-06
2.90921e-06
1.1294e-06
5.06088e-07
2.32571e-07
7.67506e-08
8.06993e-08
3.82989e-07
3.38359e-07
4.79851e-08
5.44179e-08
2.51164e-07
1.27896e-06
7.43392e-07
3.0275e-07
3.01411e-07
1.75272e-07
1.83162e-07
2.53535e-07
5.3933e-07
4.66038e-07
3.99374e-07
1.91662e-07
5.37227e-08
2.57971e-08
1.02214e-08
6.75748e-08
1.99826e-07
5.70834e-08
5.06223e-09
1.71384e-08
1.88373e-07
4.56841e-07
1.78603e-07
3.83774e-08
5.42404e-08
5.97591e-08
6.35939e-08
6.16382e-08
1.10498e-07
1.51044e-07
9.95266e-08
3.12983e-08
1.85551e-08
1.01142e-08
2.0139e-09
4.03773e-08
9.98151e-08
2.06836e-08
2.44897e-09
3.21583e-09
2.78288e-08
1.8804e-07
1.48981e-07
1.78871e-08
1.77039e-08
2.1985e-08
2.5266e-08
2.23573e-08
4.45544e-08
7.2549e-08
3.72617e-08
5.75667e-09
8.20492e-06
5.43469e-06
7.3774e-06
4.73233e-06
7.75925e-06
3.32703e-06
2.13593e-06
2.63193e-06
6.54556e-06
1.89781e-05
1.19608e-05
1.32354e-05
1.28791e-05
2.21733e-05
8.63502e-06
3.44678e-06
3.30547e-06
3.91252e-06
8.19805e-06
4.59946e-06
7.68532e-06
5.80685e-06
3.34676e-06
2.0397e-06
2.41849e-06
1.48629e-05
1.28124e-05
6.40544e-06
1.21268e-05
1.07145e-05
2.82127e-05
6.75662e-06
5.81882e-06
8.15702e-06
3.18087e-06
2.99507e-06
8.14061e-06
6.60056e-06
2.03513e-05
5.34405e-06
2.01103e-06
4.07559e-06
7.42249e-06
4.48999e-06
6.69784e-06
6.7669e-06
2.67977e-05
1.23354e-05
7.50947e-06
8.19591e-06
6.2892e-06
9.6361e-06
2.88281e-06
3.46608e-06
5.07369e-06
5.02825e-06
8.12887e-06
7.38476e-06
9.59276e-06
8.2888e-06
2.08759e-06
1.69852e-06
1.74722e-05
2.47779e-05
5.63838e-06
4.55356e-05
2.82564e-05
7.47669e-06
6.70746e-06
1.14198e-05
1.15488e-05
9.44864e-06
7.03581e-06
7.6613e-06
6.15586e-06
5.07532e-06
1.34663e-05
2.05374e-05
1.50134e-05
8.31714e-06
6.66533e-06
4.9525e-06
1.95627e-05
1.93033e-05
1.06141e-05
5.49228e-05
1.36408e-05
8.99254e-06
1.75795e-05
6.43285e-06
9.82598e-06
1.25092e-05
8.73702e-06
6.46431e-06
1.38961e-05
4.27087e-06
4.92649e-06
7.77549e-06
5.92678e-06
4.21164e-06
6.47195e-06
9.0378e-06
3.83812e-05
1.29013e-05
3.88142e-05
3.16115e-05
1.34976e-05
5.94533e-06
1.37218e-05
1.74793e-05
9.88206e-06
8.6855e-06
1.71245e-05
1.02202e-05
2.58421e-06
2.51107e-06
5.05572e-06
5.07427e-06
5.66864e-06
1.05907e-05
3.68063e-06
3.71175e-06
4.56255e-06
1.71943e-05
2.56681e-05
2.47248e-06
5.60826e-06
6.4201e-06
4.93936e-06
3.6482e-06
4.26432e-06
1.91941e-05
2.11849e-05
3.15318e-06
2.78844e-06
1.86e-06
2.96777e-06
3.93277e-06
2.35692e-06
6.95538e-06
3.51149e-06
1.5255e-05
6.29014e-06
1.63274e-05
4.15221e-06
8.34274e-07
5.42313e-06
4.75843e-06
2.79385e-06
4.19637e-06
1.7476e-05
9.81556e-06
6.73564e-06
2.50733e-06
4.26285e-07
5.9053e-07
5.49925e-06
7.38905e-06
3.02064e-06
3.99842e-06
1.11697e-06
6.66291e-06
2.36222e-06
3.32138e-06
1.71933e-06
3.88802e-06
3.98198e-06
2.25036e-06
8.95857e-06
1.08753e-05
8.73678e-06
5.06809e-06
3.6833e-06
4.31642e-07
1.59509e-06
7.74461e-06
1.00803e-05
2.70033e-06
1.30547e-06
2.33402e-06
4.64486e-07
3.31946e-07
1.86352e-07
3.31466e-07
5.91759e-07
2.86162e-07
2.52904e-07
6.27625e-07
9.85277e-07
8.05511e-07
6.96704e-07
7.05964e-07
3.03018e-07
6.8989e-08
1.10407e-07
5.85035e-08
1.26173e-07
2.90505e-07
4.5847e-07
5.36014e-08
7.56963e-08
8.37701e-08
6.64378e-08
1.13455e-07
9.67167e-08
5.97508e-08
3.17169e-08
5.31695e-08
1.06771e-07
9.54397e-08
1.29856e-07
1.76379e-07
1.05504e-07
1.96649e-08
1.47452e-08
3.08256e-08
8.6107e-08
1.65967e-07
5.1552e-08
1.14218e-08
3.26083e-08
4.35298e-08
1.95875e-08
2.47902e-08
4.06819e-08
1.78363e-08
9.15715e-09
1.92779e-08
4.19031e-08
3.98641e-08
4.64602e-08
5.89038e-08
6.20847e-08
1.05619e-08
4.57694e-09
9.53506e-09
3.64327e-08
7.36374e-08
3.70409e-08
3.62337e-09
8.18806e-06
4.80977e-06
4.56658e-06
3.77291e-06
3.24579e-06
2.26885e-06
4.27918e-06
5.60258e-06
1.03987e-05
2.19536e-05
2.29892e-05
1.79115e-05
1.72445e-05
1.51131e-05
5.05652e-06
7.39781e-06
4.90756e-06
5.35056e-06
5.11714e-06
1.00374e-05
2.38178e-06
2.97041e-06
4.34023e-06
1.20328e-05
7.98846e-06
3.07903e-06
5.33114e-06
1.34031e-05
3.30523e-05
2.52457e-05
1.77403e-05
5.009e-06
9.44995e-06
8.96204e-06
4.30833e-06
4.12554e-06
8.75376e-06
8.56646e-06
3.33353e-06
4.26733e-06
8.09025e-06
8.15698e-06
8.74257e-06
6.08928e-06
4.44086e-06
6.00689e-06
1.52318e-05
1.65144e-05
1.04508e-05
7.8133e-06
1.29993e-05
2.41635e-05
6.12244e-06
6.18365e-06
2.30019e-06
3.33967e-06
1.62535e-05
5.39525e-06
6.97467e-06
5.94421e-06
1.89844e-05
1.80446e-05
1.74651e-05
2.00882e-05
7.53232e-06
5.19721e-06
1.10916e-05
4.6532e-06
3.68537e-06
3.19396e-06
5.20695e-06
7.93962e-06
5.78866e-06
1.10438e-05
1.82006e-05
1.58055e-05
2.67532e-05
8.08491e-06
1.30343e-05
5.34057e-06
3.16332e-05
1.70051e-05
3.1178e-05
5.13856e-05
2.10597e-05
9.51544e-06
1.47814e-05
1.06223e-05
1.11023e-05
9.88544e-06
1.73842e-05
1.67632e-05
1.04775e-05
7.37035e-06
6.75733e-06
2.56021e-06
3.65977e-06
3.07926e-06
5.01624e-06
1.701e-05
7.49345e-06
2.83438e-06
1.93277e-05
2.82459e-05
1.1332e-05
1.00955e-05
1.98303e-05
1.60326e-05
6.87716e-06
3.64451e-06
4.45748e-06
5.90722e-06
4.28474e-06
6.01573e-06
1.38842e-06
5.89367e-06
4.38678e-06
2.60343e-06
7.43196e-06
6.30549e-06
6.71046e-06
4.52411e-06
6.23941e-06
5.34458e-06
3.54056e-06
5.46609e-06
1.35501e-05
1.18151e-05
2.98224e-06
1.93942e-06
2.13523e-06
3.22194e-06
8.52845e-06
4.96631e-06
3.97483e-06
3.10809e-06
5.0764e-06
1.04407e-05
1.51445e-05
1.19832e-05
8.16028e-06
6.62999e-06
1.6249e-06
4.37732e-06
8.67644e-06
5.10798e-06
3.56543e-06
7.3921e-07
4.27777e-07
6.8666e-07
9.27447e-07
2.1629e-06
2.01136e-06
5.41006e-07
7.8976e-07
2.78167e-06
4.88848e-06
8.62872e-06
7.9043e-06
2.7888e-06
5.93579e-06
7.61123e-07
3.67189e-06
9.73552e-06
8.70316e-06
4.65885e-06
1.58245e-06
3.57441e-07
7.67793e-08
1.69306e-07
2.78268e-07
1.76026e-07
3.87127e-08
1.81021e-07
3.32171e-07
1.36342e-06
4.11508e-06
5.7595e-06
4.83634e-06
4.25187e-06
1.78532e-07
1.00079e-07
2.99712e-07
3.60364e-07
2.62326e-08
7.36607e-08
8.24775e-08
2.87194e-08
1.33873e-08
3.89558e-08
2.54166e-08
3.20692e-09
1.18496e-09
9.69527e-09
4.20593e-08
1.51791e-07
2.47915e-07
2.20408e-07
2.20945e-07
3.98127e-07
5.1662e-08
3.4099e-09
8.69354e-09
3.41546e-09
1.68607e-08
3.20725e-08
3.77638e-08
1.57645e-08
9.08337e-09
1.73062e-08
1.27019e-08
7.52899e-10
4.00101e-10
7.94248e-10
7.1707e-09
1.6278e-08
2.92414e-08
1.43551e-08
2.86742e-08
7.88906e-08
1.50245e-08
1.16377e-09
1.2068e-09
9.69726e-10
5.05398e-09
1.54059e-08
1.93101e-08
8.0915e-09
4.44489e-09
8.49237e-09
5.97946e-09
9.22178e-10
1.01823e-10
5.2949e-11
5.06874e-10
3.87707e-09
6.81773e-09
2.16396e-09
5.40223e-09
1.90271e-08
7.95816e-06
8.99222e-06
6.58565e-06
1.65006e-06
2.44843e-06
3.66991e-06
5.95109e-06
2.93292e-06
5.00573e-06
8.11922e-06
7.73357e-06
1.06353e-05
2.51071e-05
2.81055e-05
1.0823e-05
7.09162e-06
1.02374e-05
1.50946e-05
3.35065e-06
4.37904e-06
4.18113e-06
7.7149e-06
7.27369e-06
3.41076e-06
3.0662e-06
4.3132e-06
6.49643e-06
1.21391e-05
1.99451e-05
4.85592e-06
3.97556e-06
2.91213e-06
6.51191e-06
4.61803e-06
1.05328e-05
9.61328e-06
1.27076e-05
4.89071e-06
3.62672e-06
5.16713e-06
6.41838e-06
1.34494e-05
1.39217e-05
7.22074e-06
4.92047e-06
1.01501e-05
1.83483e-05
1.87559e-05
2.04854e-05
5.33223e-06
4.06794e-06
3.81189e-06
4.12408e-06
5.43967e-06
8.34011e-06
1.05588e-05
1.30832e-05
3.78474e-06
3.91807e-06
4.20131e-06
8.08604e-06
8.88611e-06
1.05432e-05
2.45026e-05
3.928e-05
3.85193e-05
3.14536e-05
1.09433e-05
1.54179e-05
5.01974e-06
1.33501e-05
4.88915e-06
7.0941e-06
2.86377e-06
2.17921e-05
2.32816e-05
3.89226e-05
7.7005e-06
1.10385e-05
8.43664e-06
3.93965e-05
2.03344e-05
1.26997e-05
6.26936e-05
4.18091e-05
2.53836e-05
9.00673e-06
5.73741e-06
1.34515e-05
8.82992e-06
3.04994e-05
6.26546e-06
3.76206e-06
8.90339e-06
1.42874e-05
6.54819e-06
1.25549e-05
1.74046e-05
4.90462e-06
1.26785e-05
4.90338e-05
4.09858e-06
9.95056e-06
2.05815e-05
3.91584e-06
2.25242e-06
7.03359e-06
6.91988e-06
4.1713e-06
6.08223e-06
6.99724e-06
2.58634e-06
3.59463e-06
7.09148e-06
5.50309e-06
9.92198e-06
1.23252e-05
1.33274e-05
3.98833e-06
7.74471e-06
5.85049e-05
5.27247e-06
1.52659e-05
1.099e-05
1.68728e-06
9.36844e-07
3.73482e-06
2.59618e-06
2.0795e-06
2.16155e-06
1.89021e-06
4.38826e-06
5.67784e-06
3.80177e-06
7.40307e-06
8.15938e-06
4.09114e-06
2.71545e-06
2.16917e-06
3.16846e-05
5.6723e-06
5.78568e-06
5.0726e-06
1.56928e-06
7.29976e-07
3.04775e-07
1.84019e-07
1.026e-06
3.24574e-07
4.03414e-07
1.27717e-06
1.4352e-06
8.93973e-07
6.68061e-07
1.16401e-06
5.10622e-07
6.42125e-07
1.30104e-06
2.48515e-06
2.67616e-05
4.00338e-06
1.2374e-06
5.07531e-07
1.72936e-07
5.60804e-07
6.25428e-07
4.39841e-07
1.57408e-07
1.00953e-07
1.50278e-07
2.98379e-07
1.48307e-07
4.87008e-08
1.75929e-08
2.5084e-08
7.38939e-08
1.41052e-07
8.86948e-07
3.90231e-06
8.13021e-06
4.33857e-07
1.51062e-07
2.71092e-08
7.07327e-08
1.59095e-07
2.99847e-07
1.62675e-07
8.81269e-09
8.90028e-09
4.22476e-08
5.50044e-08
9.66444e-09
3.07589e-09
2.09302e-09
4.95073e-09
1.34474e-08
6.34828e-08
3.68438e-07
5.28169e-07
8.65741e-07
1.56645e-07
1.33217e-08
1.38587e-08
3.41244e-08
6.53547e-08
6.33752e-08
1.54655e-08
5.16814e-09
3.9778e-09
1.18107e-08
1.1736e-08
1.21463e-09
5.99698e-10
6.47405e-10
2.49039e-09
2.70573e-09
2.85748e-09
1.77278e-08
9.05325e-08
2.66862e-07
5.86487e-08
1.2473e-08
5.13962e-09
9.24736e-09
1.73541e-08
2.25876e-08
1.11441e-08
2.38226e-09
9.61634e-10
2.83923e-09
3.89532e-09
1.02932e-09
1.48272e-10
1.09405e-10
6.42615e-10
1.11632e-09
4.87643e-10
2.87554e-09
3.68051e-08
1.04838e-07
1.55806e-05
9.02922e-06
5.19725e-06
9.47187e-06
3.22131e-06
6.67617e-06
6.71127e-06
5.7729e-06
4.5581e-06
7.46831e-06
5.88822e-06
1.02733e-05
1.82855e-05
1.2081e-05
4.95177e-06
3.9394e-06
3.84475e-06
3.36812e-06
2.4463e-06
8.81304e-06
7.06332e-06
3.90395e-06
5.63691e-06
6.21632e-06
5.61471e-06
9.71203e-06
1.01958e-05
1.92973e-05
6.2965e-06
4.92616e-06
3.92812e-06
2.73481e-06
4.76911e-06
5.75032e-06
1.36456e-05
8.10017e-06
7.51822e-06
8.41982e-06
3.53273e-06
5.13224e-06
8.82818e-06
5.47934e-06
7.89664e-06
9.65882e-06
5.47001e-06
1.07277e-05
1.99689e-05
2.8038e-05
1.19275e-05
3.1596e-06
3.05349e-06
2.9319e-06
6.77697e-06
3.55402e-06
6.11512e-06
1.03548e-05
1.5784e-05
3.33281e-06
3.41568e-06
9.62868e-06
6.80643e-06
6.06953e-06
8.12246e-06
8.38597e-06
1.80465e-05
3.01309e-05
1.9845e-05
1.25247e-05
1.01786e-05
4.81186e-06
4.68271e-06
7.99123e-06
1.33691e-05
8.03675e-06
3.28633e-05
6.0336e-05
1.88109e-05
5.9658e-06
5.1534e-06
6.84242e-06
7.5215e-06
8.08882e-06
5.93875e-06
1.18011e-05
8.20122e-06
8.62342e-06
3.50385e-06
5.33174e-06
2.35224e-05
4.30291e-06
7.21734e-06
4.81682e-06
7.62211e-06
3.43275e-05
3.59499e-05
2.38874e-05
4.43692e-06
1.33074e-05
7.46719e-06
6.23381e-06
9.99462e-06
5.58941e-06
3.90038e-06
7.21714e-06
6.01563e-06
5.44127e-06
1.5446e-05
2.4163e-05
3.53641e-06
2.62625e-06
4.92982e-06
2.2898e-06
4.42432e-06
2.22869e-05
1.59132e-05
6.56186e-06
1.23961e-05
1.63442e-05
7.8484e-06
7.13968e-06
7.24465e-06
5.30434e-06
5.75358e-06
3.74818e-06
4.36879e-06
4.85459e-06
1.72101e-05
2.0039e-05
1.03059e-06
1.1377e-06
3.14734e-06
2.10878e-06
4.41901e-06
8.0512e-06
4.62157e-06
8.96384e-06
1.04065e-05
9.08174e-06
8.67514e-06
1.80635e-05
5.8366e-06
4.23197e-06
1.53304e-06
2.58519e-06
2.59283e-06
2.32529e-06
1.9372e-06
4.84023e-07
3.05838e-07
4.94438e-07
9.56761e-07
5.328e-07
1.39502e-06
7.58482e-07
2.25551e-06
6.16955e-07
1.45253e-06
3.57858e-06
1.00454e-05
8.98044e-06
2.82539e-06
2.6358e-06
3.92847e-07
1.126e-06
3.71736e-06
4.19027e-06
4.36997e-06
2.76315e-06
1.77719e-06
1.77462e-06
8.48814e-07
1.28564e-07
5.69582e-08
9.70213e-08
1.25472e-07
5.11986e-08
1.22166e-07
9.03198e-07
1.07788e-06
3.38639e-06
8.80413e-07
1.60398e-07
2.36638e-08
1.86942e-07
3.42833e-07
2.8161e-07
8.49401e-08
2.68573e-08
1.48159e-08
3.70256e-08
6.39442e-08
3.01809e-08
1.43806e-08
3.61764e-09
2.22267e-09
1.61719e-09
2.64218e-08
1.16545e-07
5.43536e-07
1.68053e-06
3.88787e-07
5.1255e-08
5.21922e-09
5.19831e-09
1.2368e-08
1.32015e-08
4.41859e-09
3.20061e-09
5.95887e-09
2.32558e-08
2.82228e-08
9.49014e-09
1.20988e-09
3.82749e-10
2.73572e-10
4.29803e-10
2.33639e-09
1.07772e-08
5.72728e-08
1.43115e-07
1.97695e-07
7.01475e-08
2.98414e-09
9.08517e-10
1.85508e-09
3.54594e-09
2.71719e-09
1.85077e-09
3.20836e-09
1.10171e-08
1.16255e-08
2.92828e-09
3.58951e-10
1.69207e-10
1.51649e-10
2.00177e-10
7.65724e-10
3.12302e-09
1.37389e-08
6.77735e-08
9.08304e-06
2.86656e-05
1.08545e-05
1.7e-05
1.97248e-05
4.3881e-06
5.04077e-06
3.33268e-06
2.7878e-06
2.00179e-05
1.28604e-05
3.09176e-06
4.12594e-06
6.22458e-06
2.96553e-06
3.93469e-06
1.36989e-05
3.62823e-06
5.6398e-06
5.69376e-06
4.53516e-06
1.17977e-05
3.59693e-05
2.30627e-05
2.17817e-05
8.43767e-06
3.49364e-05
1.57287e-05
3.4151e-06
2.80005e-06
3.7325e-06
3.18676e-06
4.49584e-06
4.42467e-06
5.25871e-06
2.53673e-06
1.04746e-05
1.15214e-05
5.8995e-06
1.00548e-05
2.63328e-05
4.44085e-06
5.7064e-06
6.54749e-06
1.12183e-05
8.57378e-06
2.75836e-06
6.06542e-06
1.72123e-06
1.29397e-06
7.46324e-06
1.54099e-06
1.6691e-06
6.74251e-06
2.86016e-06
1.89914e-06
6.14691e-06
2.302e-06
6.52724e-06
1.37169e-05
1.8439e-05
5.08991e-06
9.60521e-06
4.13464e-06
2.44096e-06
3.82548e-06
1.55013e-05
1.4727e-05
5.08582e-06
3.78054e-06
2.01634e-06
9.75444e-07
3.70887e-06
6.1657e-06
3.98832e-06
3.20296e-06
4.09935e-06
4.21021e-06
2.17717e-05
2.33467e-05
7.73247e-06
4.34363e-06
6.08523e-06
4.8409e-06
1.11384e-06
1.61316e-06
1.21182e-06
2.73476e-06
1.61019e-05
1.13173e-05
5.55933e-06
5.73831e-06
2.93902e-06
2.56866e-05
1.20722e-05
1.32239e-05
8.53621e-06
9.39166e-06
2.31349e-05
2.36738e-05
9.22624e-06
7.79071e-06
3.93763e-06
5.41319e-06
5.85677e-06
6.81818e-06
5.62598e-06
1.21163e-05
3.75051e-06
5.60946e-06
7.29253e-06
2.32594e-06
1.99772e-06
3.31507e-05
7.60796e-06
9.99299e-06
1.2583e-05
3.11516e-05
1.73075e-05
4.4865e-06
1.44543e-05
5.95939e-06
2.46059e-06
3.66152e-06
3.68087e-06
1.18116e-05
3.50647e-06
1.52302e-06
2.15322e-06
3.63235e-06
1.95147e-05
1.00532e-05
1.12936e-05
6.40916e-06
2.68648e-06
5.44965e-06
2.80843e-05
3.00922e-05
1.56598e-05
3.37853e-06
1.14232e-05
2.19022e-06
1.58603e-06
1.23811e-06
2.18133e-06
1.62214e-06
1.8433e-06
9.3102e-07
3.28272e-06
2.79383e-06
3.44456e-06
1.08947e-05
4.2051e-06
1.69287e-06
2.54276e-06
5.84553e-06
7.02198e-06
2.7529e-06
2.87345e-06
3.78352e-06
1.75008e-06
6.64502e-07
2.4351e-07
3.24914e-07
3.07741e-07
8.01983e-08
8.97545e-07
2.20706e-06
2.5114e-06
4.12836e-06
1.90044e-06
1.88026e-06
9.35986e-07
5.9206e-07
4.17883e-07
1.517e-06
4.39954e-07
7.48585e-07
1.61038e-06
9.91868e-07
8.54255e-08
7.57894e-08
3.05307e-09
9.08869e-10
9.29649e-10
2.0338e-09
1.60313e-08
2.95043e-08
3.2708e-08
1.0573e-07
1.76659e-07
8.50277e-08
7.56804e-09
9.27762e-10
1.4264e-09
6.11908e-09
5.52103e-09
4.16985e-08
1.46891e-07
1.31802e-07
5.01844e-09
5.63188e-09
5.42228e-10
1.01781e-10
1.7208e-09
6.72925e-09
3.53403e-09
1.09704e-08
1.05955e-08
1.74378e-08
2.31186e-08
1.37708e-08
3.80649e-09
4.98197e-10
3.26396e-10
2.82606e-10
1.20608e-09
6.1137e-09
5.648e-08
2.22825e-08
4.20726e-09
2.54906e-09
5.60993e-11
3.54076e-11
5.6692e-11
3.74629e-10
1.37488e-09
1.67882e-09
2.55118e-09
4.59211e-09
7.78179e-09
8.04604e-09
1.59599e-09
9.27992e-11
3.08627e-11
1.0014e-10
1.47069e-09
3.59945e-09
1.51904e-08
1.74295e-08
1.81425e-05
2.21698e-05
1.41288e-05
4.91825e-06
4.38614e-06
6.16271e-06
4.89606e-06
1.8238e-05
1.65488e-05
7.63831e-06
5.50329e-06
7.55913e-06
8.43557e-06
4.58172e-06
4.4586e-06
3.84536e-06
3.83755e-06
9.95996e-06
2.11828e-05
3.43435e-05
5.47465e-05
2.68086e-05
4.67714e-05
7.2554e-06
1.18307e-05
6.88434e-06
1.57909e-05
2.91657e-05
2.67745e-05
1.1445e-05
6.40403e-06
1.71927e-05
8.11976e-06
1.12595e-05
9.59048e-06
6.26574e-06
9.03623e-06
2.32518e-05
1.90528e-05
5.83869e-06
6.42333e-06
2.06267e-05
1.89023e-05
7.61136e-06
3.83204e-06
4.25466e-06
2.30332e-05
3.41167e-05
1.06048e-05
5.35031e-06
4.30371e-06
1.33623e-05
3.56853e-05
5.02826e-05
1.0172e-05
1.15133e-05
1.39818e-05
1.56723e-05
1.96788e-05
1.3818e-05
1.73476e-05
1.51708e-05
1.90503e-06
3.42208e-06
2.56033e-06
3.98654e-06
4.82145e-06
7.57568e-06
3.98518e-06
7.77002e-06
8.2569e-06
8.1392e-06
1.59753e-05
1.06323e-05
9.85009e-06
6.27015e-06
1.21544e-05
1.0946e-05
9.76017e-06
6.56786e-06
3.99747e-05
1.18085e-05
3.00663e-06
5.54817e-06
5.39601e-06
5.51964e-06
1.91879e-06
1.52935e-06
2.06645e-06
3.25429e-06
1.92482e-06
1.03546e-05
4.09349e-06
6.67171e-06
1.8133e-06
3.6362e-06
6.08717e-06
3.31575e-06
5.81289e-06
4.1221e-06
9.09169e-06
2.4429e-06
3.6172e-06
5.20529e-06
3.21065e-06
2.44133e-06
1.32278e-06
1.83664e-06
1.01985e-06
2.10458e-06
2.22947e-06
2.37772e-06
3.67111e-06
1.03874e-05
4.0366e-06
5.26809e-06
2.85765e-06
4.07226e-06
3.7085e-06
7.87122e-06
1.12974e-05
1.61935e-06
6.55262e-07
1.363e-06
2.2206e-06
1.31108e-06
1.3739e-06
7.28089e-07
2.26258e-07
4.95794e-07
6.25193e-07
1.01006e-05
1.03369e-05
4.53035e-06
3.23623e-06
4.96318e-06
4.19826e-06
2.28515e-06
6.20445e-06
1.2303e-05
1.16241e-05
7.56073e-06
1.52659e-06
1.79924e-06
1.03187e-06
5.02906e-07
6.01675e-07
2.21925e-07
4.57321e-07
1.40761e-06
3.70793e-06
1.03131e-05
1.034e-05
2.25308e-06
3.01672e-06
5.71888e-06
2.59283e-06
2.2732e-06
2.80856e-06
6.15483e-06
2.76407e-06
1.17729e-06
4.31223e-07
3.42925e-07
1.85303e-07
3.55856e-07
2.53305e-07
2.07594e-06
2.49697e-06
6.36664e-06
7.83724e-06
6.87384e-06
3.32108e-06
2.64701e-06
2.33247e-06
2.43612e-06
4.371e-07
5.60708e-07
1.65551e-06
1.16911e-06
1.27542e-08
1.7919e-08
3.30068e-08
3.84106e-08
2.45525e-08
8.38112e-08
3.13089e-07
5.15748e-07
8.18505e-07
1.5731e-07
1.21244e-07
1.36373e-07
1.52759e-07
2.03903e-07
1.12176e-07
1.2636e-07
8.67505e-09
1.8916e-08
6.96858e-08
2.81091e-08
3.29831e-09
4.69109e-09
6.85616e-09
6.37791e-09
1.23166e-08
3.70437e-08
7.32715e-08
4.88419e-08
1.08972e-08
1.20166e-08
2.9522e-08
2.521e-08
9.62274e-09
2.62972e-08
1.5168e-08
4.42892e-09
3.8032e-10
1.04799e-08
2.04352e-08
1.06054e-08
9.25833e-10
1.5675e-09
2.18286e-09
1.47169e-09
1.71355e-09
1.12372e-08
1.5957e-08
6.44423e-09
2.06787e-09
3.49105e-09
1.56964e-08
2.25428e-08
3.27287e-09
9.87406e-09
6.16732e-09
5.74583e-10
1.4713e-10
2.05333e-09
7.76371e-09
3.27125e-09
5.18907e-06
1.28446e-05
7.78188e-06
3.5293e-06
3.90509e-06
8.98882e-06
9.51742e-06
2.23883e-05
5.95337e-06
5.86619e-06
7.12684e-06
1.2692e-05
1.35739e-05
7.90735e-06
4.69732e-06
3.97033e-06
3.06267e-06
4.1546e-06
1.60954e-05
2.80688e-05
3.0943e-05
2.03804e-05
3.83514e-05
9.48344e-06
6.84435e-06
6.41731e-06
1.13109e-05
2.4788e-05
2.58018e-05
1.05854e-05
1.71278e-05
4.48171e-05
5.27331e-06
1.2136e-05
2.17684e-05
6.66605e-06
1.29643e-05
2.04862e-05
2.05513e-05
1.40197e-05
6.76238e-06
6.09018e-05
6.57433e-06
5.61532e-06
3.77101e-06
3.44728e-06
1.19883e-05
3.15844e-05
1.15324e-05
4.29265e-06
1.58272e-05
3.85008e-05
5.50072e-06
2.95195e-05
1.03324e-05
2.45907e-05
2.26608e-05
2.56485e-05
3.28626e-05
1.0503e-05
1.91611e-05
1.90173e-05
3.24267e-06
6.05743e-06
5.47922e-06
1.44886e-05
1.29069e-05
2.20731e-05
1.62404e-05
1.51777e-05
2.38803e-05
1.15658e-05
2.63488e-05
1.01723e-05
1.48999e-05
1.12019e-05
1.01803e-05
9.78261e-06
7.67649e-06
6.41366e-06
1.56697e-05
1.17804e-05
1.32074e-05
1.56119e-05
1.13764e-05
8.23134e-06
5.218e-06
3.87189e-06
6.08611e-06
1.50725e-05
5.02954e-06
1.88909e-05
1.87151e-05
3.4034e-06
1.17608e-05
2.74366e-06
5.55211e-06
4.58325e-06
4.17299e-06
4.61786e-06
4.83452e-06
3.68781e-06
1.16926e-05
8.47358e-06
2.67228e-06
1.80823e-06
1.05356e-06
6.41996e-07
2.75116e-06
1.16455e-06
7.43541e-06
4.37956e-06
3.17026e-06
9.75882e-06
6.32477e-06
3.62975e-06
7.08828e-06
5.29997e-06
3.2856e-06
1.14608e-05
4.56669e-06
1.93451e-06
2.5111e-06
1.76403e-06
2.72688e-06
2.65071e-06
7.66061e-07
5.03476e-07
2.80633e-07
3.84135e-06
2.97801e-06
4.18658e-06
2.54959e-06
3.46902e-06
3.03418e-06
3.92834e-06
7.01638e-06
2.8211e-06
4.06973e-06
7.97615e-06
5.56401e-06
5.75564e-06
1.5808e-06
1.79012e-06
5.19248e-07
1.86536e-06
3.29845e-07
1.26927e-06
3.26869e-06
2.50857e-06
3.92048e-06
1.42053e-05
5.37436e-06
2.45785e-06
4.3639e-06
3.65454e-06
5.13776e-06
3.553e-06
3.05898e-06
3.03142e-06
8.98595e-07
3.27624e-06
6.38519e-07
3.12274e-07
1.0222e-07
3.2465e-07
5.81237e-07
6.62283e-06
8.34571e-06
7.41938e-06
6.49194e-06
4.36826e-06
8.58077e-07
7.80224e-07
1.16919e-06
2.94633e-07
3.82224e-07
7.85211e-07
1.04964e-06
2.20071e-07
5.33688e-08
3.58702e-08
2.54007e-08
3.07035e-08
4.37098e-08
2.62037e-07
3.41411e-07
4.09484e-07
3.30126e-07
9.2619e-08
1.10029e-07
3.23203e-08
8.79761e-08
4.20957e-08
1.52284e-08
1.68163e-08
8.51513e-09
1.14839e-07
7.15062e-08
6.65525e-08
1.60583e-08
2.9401e-09
5.66587e-09
2.06273e-09
1.32135e-08
3.21615e-08
5.97971e-08
6.48388e-09
3.30274e-08
4.16577e-08
1.81755e-08
8.69092e-09
8.33932e-09
3.71703e-09
1.29459e-09
7.7276e-10
3.26024e-09
1.63939e-08
4.91361e-09
2.39385e-08
5.02569e-09
6.60147e-10
1.60014e-09
3.2084e-10
1.76913e-09
1.25404e-08
2.07997e-08
2.0108e-09
8.69558e-09
1.89314e-08
6.11876e-09
4.12737e-09
3.00644e-09
1.3953e-09
5.71909e-10
1.74411e-10
1.18522e-09
5.50994e-09
1.13949e-09
8.06452e-09
3.84589e-06
4.27114e-06
5.22473e-06
3.50907e-06
7.95815e-06
3.57176e-06
3.33875e-06
2.04347e-05
1.86833e-05
5.72261e-06
6.3317e-06
7.75767e-06
8.42694e-06
7.81044e-06
6.20098e-06
4.68419e-06
3.96363e-06
7.0399e-06
7.92804e-06
1.26283e-05
9.49609e-06
5.03808e-06
7.48984e-06
6.6009e-06
1.28498e-05
3.15131e-06
1.25966e-05
4.70188e-05
7.2076e-06
1.70482e-05
1.92629e-05
5.03505e-05
1.91002e-05
7.3492e-06
1.75975e-05
2.06818e-06
3.42701e-06
5.58792e-06
5.11561e-06
5.13338e-06
7.81938e-06
1.32477e-05
7.60385e-06
1.57827e-05
1.32545e-05
2.58678e-06
2.44626e-05
5.09076e-06
4.76221e-06
7.61745e-06
2.57964e-05
2.24888e-05
5.48062e-06
5.77255e-06
7.82507e-06
1.07764e-05
5.41785e-06
1.90217e-05
5.89422e-05
2.89477e-05
8.62266e-06
2.04234e-05
8.24995e-06
3.45274e-06
6.57799e-06
3.83333e-05
3.19739e-05
9.31074e-06
9.28153e-06
3.16121e-06
9.14995e-06
1.06457e-05
1.01682e-05
3.30973e-05
1.0915e-05
7.45642e-06
1.34485e-05
3.05093e-05
9.8158e-06
1.06889e-05
2.04344e-05
1.01887e-05
6.64977e-06
5.42499e-06
4.02651e-05
2.27067e-05
2.13108e-05
1.11243e-05
1.77411e-05
1.34288e-05
7.31533e-06
6.2553e-06
4.72753e-05
2.23131e-05
1.23687e-05
6.23914e-06
1.12784e-05
9.56108e-06
7.88763e-06
5.83144e-06
8.18039e-06
1.23965e-05
3.93549e-06
3.22095e-06
7.72997e-06
7.50692e-06
2.6321e-06
2.08275e-05
1.01404e-05
8.89742e-06
6.75012e-06
3.42098e-05
2.87709e-05
8.27258e-06
4.91154e-06
1.05365e-05
1.56079e-05
8.36127e-06
6.7873e-06
4.8819e-06
5.56692e-06
4.34071e-06
2.16792e-05
9.14244e-06
3.98249e-06
2.04228e-06
1.08315e-06
1.40227e-05
3.58989e-06
8.87703e-06
7.30219e-06
1.76779e-05
1.54365e-05
7.9943e-06
9.9856e-06
5.87501e-06
1.97335e-06
3.18827e-06
1.56837e-06
1.84259e-06
1.02187e-05
5.89403e-06
6.21146e-06
1.15354e-05
3.36015e-06
4.64273e-06
1.23948e-05
3.25244e-06
1.4757e-06
2.81801e-06
1.84892e-06
1.25988e-05
6.85346e-06
2.76535e-06
1.57061e-06
7.9861e-07
3.15381e-07
1.01063e-07
6.65003e-07
6.167e-06
1.39301e-05
1.93355e-06
1.58669e-06
2.9222e-06
9.84012e-07
5.14754e-07
4.40862e-07
1.07723e-06
7.76149e-07
5.03676e-07
4.13327e-06
9.58668e-06
4.69325e-06
2.41775e-07
2.50972e-07
1.7665e-07
2.91438e-07
2.39014e-06
5.31692e-06
9.00682e-06
3.25561e-08
1.40204e-08
1.15193e-08
2.80425e-08
3.22442e-08
1.43483e-08
9.55265e-08
8.82453e-08
2.82068e-07
5.37117e-07
2.56148e-06
5.65485e-07
2.52614e-07
2.51849e-08
1.52623e-08
1.05278e-08
7.6259e-08
5.15569e-08
2.27024e-08
2.25839e-08
3.63241e-09
8.56176e-10
2.51743e-09
3.13755e-09
1.78253e-09
2.3041e-08
1.61384e-08
9.05212e-09
6.04633e-08
2.43834e-08
7.00025e-08
8.99527e-08
3.18117e-08
1.12985e-08
7.07375e-09
5.38826e-10
3.59484e-09
1.02098e-08
1.92928e-08
4.99126e-09
9.57662e-10
4.4141e-10
5.72877e-10
1.10072e-09
6.50984e-10
4.535e-09
9.4285e-09
3.49342e-09
3.7339e-09
1.09781e-08
4.76236e-08
4.58831e-08
1.08929e-08
2.89711e-09
1.72724e-09
2.29326e-10
4.38718e-10
9.41263e-10
1.34725e-09
1.64994e-09
2.8061e-05
1.94808e-05
7.23428e-06
6.53053e-06
9.19363e-06
2.2294e-06
4.04792e-06
7.12454e-06
6.87441e-06
7.67562e-06
1.09287e-05
1.25942e-05
1.56777e-05
5.5137e-06
3.04762e-06
3.05064e-06
1.72953e-05
6.89438e-06
2.49524e-05
6.19323e-06
3.33173e-05
2.08101e-05
3.02617e-06
3.14391e-06
2.6661e-06
4.13236e-06
1.51015e-05
1.64322e-05
2.51893e-05
3.19818e-05
1.42636e-05
3.94372e-05
5.53646e-05
5.99393e-06
4.52933e-06
5.05901e-06
2.12697e-05
8.60417e-06
1.33124e-05
5.63666e-06
8.84155e-06
1.46034e-05
5.14589e-06
5.63139e-06
6.4305e-06
1.22212e-05
1.59566e-05
7.92957e-06
1.5927e-05
1.40768e-05
4.67881e-06
7.28899e-06
2.18644e-05
8.32032e-06
4.8005e-06
5.27348e-06
6.84524e-06
4.91167e-06
9.40922e-06
6.48239e-06
2.32344e-05
2.07928e-05
5.69014e-06
1.20166e-05
2.91486e-05
6.60579e-06
6.44197e-06
1.84202e-05
2.02991e-05
8.24942e-06
5.73422e-06
7.80753e-06
1.29795e-05
2.01284e-05
1.80606e-05
7.14426e-06
7.37256e-05
3.14453e-05
4.78174e-06
4.70087e-06
5.58128e-06
7.43196e-06
2.24253e-05
9.40725e-06
1.94064e-05
9.82288e-06
8.76835e-06
1.02254e-05
6.41215e-06
3.20323e-06
5.46651e-06
1.57202e-05
3.81292e-06
4.15301e-06
2.04947e-05
1.03303e-05
2.15172e-05
6.24093e-06
1.12839e-05
1.2395e-05
7.7112e-06
9.94454e-06
6.43497e-06
1.12326e-05
6.48622e-06
5.72161e-06
5.00558e-06
4.79234e-06
1.51354e-06
2.46787e-06
8.03618e-06
1.17838e-05
1.52393e-05
8.85309e-06
1.32581e-05
4.97001e-06
3.55294e-06
4.34159e-06
2.24397e-05
6.4354e-06
4.02787e-06
6.31703e-06
4.40936e-06
6.78135e-06
2.368e-06
2.05892e-06
2.15719e-06
3.31023e-06
2.0456e-06
2.66158e-06
5.29227e-06
1.25462e-05
5.68392e-06
3.04271e-06
3.36851e-06
3.89757e-06
4.04838e-06
2.06783e-06
2.39113e-06
3.2751e-06
9.02086e-06
5.25758e-06
1.19808e-06
2.06014e-06
5.51846e-06
4.41005e-06
9.25647e-07
7.55734e-07
2.05678e-07
5.62502e-07
2.4297e-06
6.00247e-06
5.0153e-06
3.9823e-06
1.88803e-06
1.64074e-06
9.70283e-07
2.02682e-07
1.01421e-06
3.55667e-06
2.23794e-06
9.49391e-07
1.26716e-06
8.40232e-06
1.0906e-05
5.16779e-06
7.96424e-07
4.09223e-07
4.96286e-07
9.94448e-07
2.28454e-06
4.82537e-06
3.28862e-06
1.54348e-06
8.22372e-07
2.266e-07
9.20999e-08
1.22176e-07
1.676e-06
3.79875e-06
8.64307e-08
7.07567e-08
1.03113e-07
1.26791e-07
9.22006e-08
4.41785e-08
8.45381e-08
3.57963e-08
5.67061e-08
8.39733e-07
1.46551e-06
1.23731e-06
1.72859e-07
6.36291e-08
1.62274e-08
9.68762e-09
3.47233e-09
6.68161e-08
3.15908e-07
1.57454e-07
6.53484e-09
5.91247e-09
8.49317e-09
3.53168e-08
2.8574e-08
1.28754e-08
2.20795e-08
1.31316e-08
1.58449e-08
1.57352e-07
3.94114e-07
2.09002e-07
2.61319e-08
4.8558e-09
3.06243e-09
2.82742e-09
3.89597e-10
1.44299e-08
7.51919e-09
4.26807e-09
1.20527e-09
1.32484e-09
3.07045e-09
1.74693e-08
2.01388e-08
5.01877e-09
8.41243e-09
5.37527e-09
3.9074e-09
4.2825e-08
1.18305e-07
5.10777e-08
4.92624e-09
1.49186e-09
1.22193e-09
1.26891e-09
1.75599e-10
7.14992e-10
9.81437e-10
4.70514e-10
)
;

boundaryField
{
    bottomWall
    {
        type            zeroGradient;
    }
    topWall
    {
        type            zeroGradient;
    }
    sides1_half0
    {
        type            cyclic;
    }
    sides1_half1
    {
        type            cyclic;
    }
    sides2_half0
    {
        type            cyclic;
    }
    sides2_half1
    {
        type            cyclic;
    }
    inout1_half0
    {
        type            cyclic;
    }
    inout1_half1
    {
        type            cyclic;
    }
    inout2_half0
    {
        type            cyclic;
    }
    inout2_half1
    {
        type            cyclic;
    }
}


// ************************************************************************* //
