/*--------------------------------*- C++ -*----------------------------------*\
| =========                 |                                                 |
| \\      /  F ield         | OpenFOAM: The Open Source CFD Toolbox           |
|  \\    /   O peration     | Version:  5.0                                   |
|   \\  /    A nd           | Web:      www.OpenFOAM.org                      |
|    \\/     M anipulation  |                                                 |
\*---------------------------------------------------------------------------*/
FoamFile
{
    version     2.0;
    format      ascii;
    class       volScalarField;
    location    "0";
    object      p;
}
// * * * * * * * * * * * * * * * * * * * * * * * * * * * * * * * * * * * * * //

dimensions      [0 2 -2 0 0 0 0];

internalField   nonuniform List<scalar> 
7200
(
3.90086e-05
0.000142131
0.000207706
0.000198478
0.00012308
0.000195215
0.00025501
0.000180115
0.00010865
4.16289e-05
5.27957e-05
0.000167134
0.000213929
0.000192528
0.000250478
0.000272104
0.000268482
0.000246339
0.000174037
3.00069e-05
3.50971e-05
0.000140915
0.000207156
0.00016354
0.00013072
0.000195073
0.000256484
0.000180823
8.00922e-05
2.75582e-05
5.10883e-05
0.000198598
0.000212624
0.000190992
0.00025056
0.000272807
0.000266123
0.000244843
0.000171581
-6.64004e-06
6.51543e-05
0.000134149
0.000201532
0.000195631
0.000127892
0.000239714
0.000240042
0.000184153
7.89929e-05
2.19724e-05
8.73225e-05
0.000187256
0.000195514
0.000197191
0.000250672
0.000276334
0.00027533
0.000219344
9.91877e-05
-2.94462e-05
2.57972e-05
0.000142685
0.000190655
0.000153867
0.000122967
0.00018924
0.000273242
0.000164698
7.95976e-05
6.49405e-06
3.09567e-05
0.000165591
0.000158218
0.000140509
0.000240325
0.00027818
0.000289261
0.00025592
0.000196835
-1.54899e-05
-1.56215e-05
8.56969e-05
0.000168229
0.00016644
0.000115185
0.000169258
0.000261318
0.000208205
7.99896e-05
1.67224e-05
3.36664e-05
0.000201745
0.000155805
9.5167e-05
0.000220774
0.000267954
0.00028601
0.000246678
0.00019623
3.04748e-05
-5.12692e-05
9.58209e-05
0.000134051
0.000155816
0.000109045
0.000147571
0.000213139
0.000169064
8.83163e-05
1.98563e-05
5.99147e-05
0.000291996
0.000221029
8.63717e-05
0.000181861
0.000248699
0.000292676
0.000254963
0.000254623
7.96337e-06
-2.82581e-05
7.3967e-05
0.000136116
0.00013671
0.000110543
0.000140377
0.000195854
0.000142257
0.00011999
4.02336e-05
8.83529e-05
0.000330954
0.000308043
0.000137177
0.000144144
0.00021972
0.000307703
0.000283368
0.000269758
0.000200469
6.1225e-05
8.82099e-05
0.000123206
0.000119899
0.00010893
0.000139238
0.000201053
0.000161892
9.22135e-05
5.75664e-05
0.000114748
0.000291558
0.000293216
0.000190162
0.000137825
0.000221116
0.00029331
0.000277543
0.000246732
0.000225121
0.000140257
0.000135989
0.000146436
0.000105422
8.3748e-05
0.000127244
0.000212697
0.000165444
0.000112709
7.17523e-05
0.000175326
0.000249137
0.000282883
0.000214393
0.000134693
0.000206936
0.000278612
0.000287903
0.000223927
0.00019725
0.000153472
0.000153243
0.00014615
0.000108766
6.33054e-05
7.52548e-05
0.000151013
0.000187808
0.000156959
0.000113038
0.000150108
0.000232214
0.000276517
0.000193248
0.000120516
0.000158805
0.000258852
0.000262056
0.000196071
0.000151218
0.000137499
0.000145835
0.000140397
0.000103091
8.57573e-05
7.34823e-05
9.02973e-05
0.000142826
0.000164488
0.000155515
0.000133116
0.000185786
0.000264521
0.000124509
7.02974e-05
0.000123536
0.000238336
0.000236838
0.000207368
0.000162567
0.000102986
0.000103273
0.000129646
0.000134297
0.000119427
0.000105706
0.000114388
0.000147182
0.000177044
0.000170681
0.000156304
0.000161953
0.000208766
0.000187687
9.90529e-05
0.00014142
0.000203347
0.000209274
0.000213735
0.000176455
6.52159e-05
7.04929e-05
0.000135093
0.000169112
0.000121085
0.000139377
0.000140955
0.000102774
9.53975e-05
7.03381e-05
9.68893e-05
0.000215948
0.000289141
0.000275222
0.000290066
0.000340987
0.000347735
0.000298006
0.000259359
0.000164725
0.000162118
0.000122072
0.000133385
0.000149835
0.000123167
0.00013889
0.00014051
0.000100056
9.52106e-05
9.51823e-05
9.57278e-05
0.000258191
0.000289355
0.000269733
0.000290329
0.000340654
0.000253322
0.000218855
0.000222896
0.000164131
3.37071e-05
7.38207e-05
0.000141941
0.000145074
0.000108648
0.00011246
7.76651e-05
0.000100259
8.5119e-05
9.96508e-05
0.000158281
0.000247374
0.000276428
0.000268027
0.000318142
0.000340712
0.000256655
0.000221413
0.000220597
0.00024625
0.000143624
7.59147e-05
9.8815e-05
0.000111563
8.71848e-05
6.99229e-05
5.40837e-05
6.49497e-05
8.98614e-05
5.58731e-05
6.85289e-05
0.000225671
0.000270106
0.000250943
0.000257637
0.000321323
0.000232071
0.000334789
0.000206362
0.0002297
0.000147048
1.57168e-06
6.59281e-05
9.38289e-05
6.75319e-05
7.14163e-05
6.73601e-05
9.21531e-05
9.89269e-05
6.48916e-05
4.09133e-05
0.000193513
0.000240477
0.000232984
0.000243293
0.000296418
0.000231712
0.000236271
0.000242654
0.000118383
1.35716e-06
-3.72989e-06
5.0916e-05
5.11332e-05
1.20775e-05
5.34165e-06
-2.78483e-05
7.6713e-05
9.80767e-05
6.56911e-05
5.16964e-05
9.48928e-05
0.000218521
0.000195658
0.000236764
0.000260837
0.000289728
0.000365445
0.000312434
0.000222206
0.000209509
0.000100578
8.06049e-05
7.3379e-05
5.08929e-05
2.13263e-05
6.55096e-05
5.32805e-05
0.000102672
7.64431e-05
5.26241e-05
7.5877e-05
0.000242397
0.000241028
0.00019528
0.000233909
0.000223567
0.000284799
0.00037467
0.000319089
0.00013714
6.94542e-05
7.90892e-05
0.000103505
8.01719e-05
0.000112924
0.000125564
5.29833e-05
8.50551e-05
5.25599e-05
5.69533e-05
7.22377e-05
0.000200097
0.000260123
0.000144003
0.000214519
0.000262227
0.000309783
0.000355694
0.000342421
0.000213864
0.000160807
0.000117503
3.85248e-05
1.67438e-05
0.000118796
0.000163789
0.000119325
6.94326e-05
8.69756e-05
0.000114038
0.00011615
0.000205293
0.00021133
0.000122987
0.000168313
0.000202221
0.00027366
0.00026614
0.00032013
0.000253786
0.000224426
0.000183288
5.25283e-05
3.24138e-05
7.42278e-05
0.000116391
0.000119484
0.000119922
0.000103292
0.000139544
0.000193505
0.000187037
0.000160299
0.000129159
0.000160181
0.00021422
0.000209001
0.000216607
0.000254654
0.000217904
0.000215269
0.000196226
9.28286e-05
8.29467e-05
7.26128e-05
8.77439e-05
0.000116213
0.000147696
0.000138119
0.000139507
0.000191097
0.000194267
0.000165852
0.000129722
0.000163922
0.00023033
0.000216788
0.000235562
0.000214893
0.000176257
0.000149307
0.000139989
0.000139575
0.00013757
0.000120561
0.000131056
0.000137423
0.000156786
0.000142838
0.000134375
0.000145113
0.000178739
0.000167849
0.000139962
0.000160723
0.000199027
0.000219607
0.000222923
0.000210184
0.00047405
0.00031219
0.000195889
0.000177206
0.000135605
9.61729e-05
6.82088e-05
8.28106e-05
0.000125212
0.000138368
0.000162014
0.000223446
0.000271085
0.000207073
0.000150804
0.000101536
4.6121e-05
0.000107833
0.000208196
0.000405948
0.000478019
0.000254171
0.000196373
0.000164927
0.000135076
9.56961e-05
6.49037e-05
8.21192e-05
0.000132358
0.000137692
0.000161322
0.000253387
0.000257472
0.000176508
0.000136974
9.92363e-05
5.54695e-05
0.000105011
0.000205091
0.000405287
0.000438636
0.000323741
0.000197418
0.000162945
0.000132046
9.30786e-05
6.43715e-05
8.05962e-05
0.000132402
0.000134955
0.000154449
0.000220583
0.000275122
0.000199248
0.000137037
8.91742e-05
4.37835e-05
9.42643e-05
0.000263359
0.000404992
0.000541984
0.000354935
0.000200437
0.000156577
0.000105582
7.34841e-05
5.56113e-05
8.1027e-05
0.000141225
0.000134812
0.000135533
0.0002205
0.000247283
0.000170828
8.49787e-05
6.84605e-05
2.33077e-05
8.08318e-05
0.000163602
0.000403435
0.000562917
0.000299938
0.000204316
0.000163326
0.000102682
7.52388e-05
5.66723e-05
0.000107089
0.000136466
0.000140273
0.000126776
0.000185684
0.000226555
8.47313e-05
4.94677e-05
7.36011e-05
4.55067e-05
8.05427e-05
0.00014725
0.000366026
0.000524596
0.000316013
0.000204011
0.000140132
9.62007e-05
7.89134e-05
5.23833e-05
5.37163e-05
9.72817e-05
0.000116152
0.000103659
0.000115945
0.000212152
5.02438e-05
2.05017e-05
7.48178e-05
8.30733e-05
8.93046e-05
0.000143835
0.000406494
0.000434417
0.000392034
0.000212507
0.00010743
8.63553e-05
0.000102086
4.90125e-05
4.21738e-06
6.93619e-06
8.62164e-05
7.18144e-05
6.8992e-05
0.000176812
0.000120542
3.25606e-05
7.13605e-05
9.92748e-05
0.000110277
0.000147923
0.000261604
0.000352908
0.000328054
0.000160796
6.92746e-05
5.63899e-05
0.000131825
0.000103114
9.93132e-06
-8.34757e-07
8.89667e-05
9.05206e-05
7.14349e-05
0.000142077
6.84959e-05
7.32336e-05
7.98707e-05
0.000117047
0.000126359
0.000176515
0.000295981
0.000307553
0.000296011
0.000240555
8.2543e-05
5.58384e-05
0.000107475
0.000141445
9.49829e-05
5.75496e-05
7.00539e-05
0.000136942
0.000148678
0.000126858
5.15556e-05
7.55229e-05
0.000136237
0.000151947
0.000148932
0.000168365
0.000269773
0.000269354
0.000248228
0.000233271
0.000131735
0.000106574
0.000117089
0.000123455
0.00014611
0.000142288
8.36664e-05
0.000100627
0.000174723
0.000139231
0.000116121
0.000121293
0.000168048
0.000169474
0.000164484
0.000178183
0.000206464
0.000227492
0.000219587
0.000218271
0.000154156
0.000101599
0.000109095
0.000141027
0.000161648
0.000183655
0.000174823
0.000139376
0.000143904
0.000153644
0.00015173
0.000155634
0.000175565
0.000203566
0.000206101
0.000205223
0.000187335
0.000203047
0.000192994
0.000179566
0.000159277
0.000146475
0.000134665
0.000150503
0.000178009
0.000195832
0.000179414
0.000133392
0.000145344
0.000158611
0.000148378
0.000139678
0.000170364
0.000210809
0.000218873
0.000215717
0.000199103
0.000425266
0.000268009
0.000178776
0.000193839
0.000163117
0.000107507
7.85013e-05
0.000117444
0.00016357
0.000165797
0.000165634
0.000197711
0.00021954
0.000155722
8.55855e-05
5.75887e-05
5.61624e-05
0.000158514
0.000305998
0.000464443
0.000370945
0.000268759
0.000178765
0.000193921
0.000162671
0.000107287
7.83035e-05
0.000117642
0.000168027
0.00016564
0.000172897
0.000197523
0.000203122
0.000155187
8.30316e-05
4.6687e-05
5.32256e-05
0.000209977
0.00030481
0.00046664
0.000436079
0.000272114
0.000178594
0.000191512
0.000136573
0.000106502
8.51029e-05
0.00011848
0.000168277
0.000159374
0.000167116
0.000212994
0.000202063
0.000113125
5.78523e-05
4.61965e-05
7.61237e-05
0.00015031
0.000300152
0.000475884
0.000398732
0.0002236
0.000177349
0.000196074
0.000162731
9.25796e-05
7.86719e-05
0.000151998
0.000173823
0.000162725
0.000143488
0.000195847
0.000197943
9.503e-05
4.84581e-05
3.83412e-05
7.08974e-05
0.000146976
0.000292839
0.000532446
0.000419488
0.000225476
0.000168307
0.000199857
0.000141059
0.00011794
9.00443e-05
0.000166384
0.000184054
0.000167027
0.000130314
0.000181635
0.000190866
9.36008e-05
4.97589e-05
5.0214e-05
3.66551e-05
9.86365e-05
0.000338555
0.000501847
0.000427369
0.000223359
0.000138489
0.000185849
0.00013855
0.000127202
9.29048e-05
0.000160864
0.000181826
0.000154483
0.000110182
0.000171164
0.000208289
8.9034e-05
4.89285e-05
6.87664e-05
2.20767e-05
7.31512e-05
0.000161938
0.000502115
0.00040786
0.000256638
9.38904e-05
0.000152597
0.000125619
0.000133107
6.09382e-05
0.000109907
0.000132572
0.000143067
0.000121267
0.000153978
0.000180275
0.00011268
5.32876e-05
6.25694e-05
5.25922e-05
3.16374e-05
9.46671e-05
0.000375877
0.000365018
0.000353744
7.96029e-05
8.98069e-05
0.000112862
0.000156269
6.8688e-05
4.88476e-05
7.17234e-05
0.000126026
0.000122178
0.000124684
0.000113965
5.55985e-05
8.50813e-05
8.83414e-05
8.71438e-05
6.01659e-05
8.57892e-05
0.000256307
0.000311215
0.000280044
0.000202217
0.000104669
0.000122078
0.000108493
0.000154329
0.000121547
8.10638e-05
8.09458e-05
0.000120571
0.00015241
8.18088e-05
3.01417e-05
0.000123252
0.000152714
0.000148164
0.000100082
8.37382e-05
0.000243528
0.000244013
0.00021966
0.000195018
0.000138687
0.000140882
0.000115659
0.000154775
0.000183805
0.000121782
6.20172e-05
6.13724e-05
0.000168061
0.000114011
8.87972e-05
0.000127461
0.000161084
0.00020678
0.000158181
0.000130108
0.000206994
0.000242736
0.000229339
0.000218916
0.000171788
0.000106191
0.000122415
0.000143919
0.000201061
0.000202169
0.000101258
7.59891e-05
0.000130585
0.000128638
0.000127862
0.000143845
0.000186452
0.00023315
0.000212941
0.000162266
0.000178218
0.000221106
0.000216502
0.000190129
0.000171361
0.000157135
0.000125011
0.000171251
0.000199404
0.000216815
0.000168663
0.000121618
0.000134065
0.000143522
0.000128602
0.000130923
0.000172685
0.000207657
0.000215409
0.000214963
0.000199398
0.000226754
0.000134244
0.000108896
0.000227624
0.000230448
0.000105388
6.65857e-05
0.000151183
0.000218364
0.000238642
0.000220804
0.000177788
0.000117493
0.000108238
0.000152555
0.000195581
0.000188258
0.000219566
0.00029102
0.000305184
0.000145274
0.000132978
0.000107134
0.000228361
0.000232338
0.000105247
8.9824e-05
0.000151571
0.000232313
0.000239181
0.000260956
0.000188413
8.8647e-05
0.000123003
0.000152903
0.000236314
0.000211096
0.000219412
0.000291577
0.000305403
0.000221192
0.000100262
0.000101246
0.000231743
0.000179026
4.73048e-05
4.63539e-05
0.000160265
0.000261067
0.000278922
0.000261757
0.000143002
8.38356e-05
9.7289e-05
0.00017827
0.000241613
0.000220366
0.000242469
0.000306506
0.000285237
0.000124688
6.49842e-05
8.96328e-05
0.000263977
0.000184873
9.82661e-05
2.64403e-05
0.000205114
0.000228552
0.000281201
0.000265382
0.000144638
9.63038e-05
9.37117e-05
0.000166581
0.00024838
0.000201858
0.000234929
0.000297403
0.000177188
0.000117964
9.0184e-05
0.000105516
0.00020845
0.000198944
8.15248e-05
7.93217e-07
0.000154553
0.00026389
0.000243563
0.000268497
0.000145205
0.00011453
0.00011751
0.00020295
0.000261513
0.000183318
0.00016407
0.000231288
0.000170255
0.000106559
8.06519e-05
0.00010449
0.000195703
0.000229594
9.45301e-05
-5.9868e-06
0.000206677
0.000230694
0.00023056
0.000246612
0.00015461
0.000121721
0.000118945
0.000215528
0.000265116
0.000200512
0.000155094
0.000229751
0.000120139
0.000172411
7.24801e-05
7.00387e-05
0.000223385
0.000183567
6.53551e-05
-6.18305e-07
0.000144131
0.000205332
0.000201124
0.000231454
0.000154076
4.34264e-05
9.4071e-05
0.000212625
0.000203338
0.000211609
0.000104404
0.000203686
0.00022386
0.000149257
0.00011198
6.10255e-05
0.00014785
0.000189657
0.000140251
4.08452e-05
-2.29217e-05
0.000179754
0.000202253
0.00019839
0.000152242
5.4267e-05
7.19714e-05
0.000196768
0.000200501
0.000147932
0.000116301
0.00016852
0.000172851
0.000208183
0.000179182
9.89489e-05
0.000119023
0.000187044
0.00011302
5.39019e-05
-3.51909e-05
9.66053e-06
0.000138286
0.000127283
0.000192731
0.000143052
8.61354e-05
0.000135102
0.000221127
0.000209331
0.000128236
7.93404e-05
0.000191527
0.00014954
0.000185374
0.000188744
0.000200735
0.000202198
0.000157534
8.65271e-05
5.92137e-05
-2.66186e-05
-3.47165e-05
4.95791e-05
0.000216575
0.00021152
9.89704e-05
0.000145449
0.000226627
0.000247648
0.000156356
8.6301e-05
0.000141269
0.000241748
0.000248219
0.000212538
0.000196168
0.000148616
0.000115309
0.000152678
0.000179074
0.000100971
-4.68894e-05
-0.000130465
-4.03356e-05
1.69153e-05
9.10516e-05
0.000153423
0.00021178
0.000259114
0.000234647
8.10064e-05
5.47649e-05
0.000205169
0.000220651
0.000198094
0.00019633
0.000192144
0.000120979
0.000136938
0.000208741
0.000211725
0.000180722
9.5399e-05
7.59446e-05
3.63992e-05
6.52182e-05
0.000153727
0.000193369
0.000214041
0.000213066
0.000202178
0.000188209
0.000123521
0.000144085
0.000136291
0.000180352
0.000159057
8.60224e-05
0.000129212
0.000153581
0.000235201
0.000326184
0.000326888
0.000251102
9.21055e-05
8.07164e-05
0.000179495
0.000253157
0.00025615
0.000190988
0.000132125
9.80927e-05
0.000122121
0.000138073
0.000151937
0.000180159
0.00012371
8.59428e-05
0.000131013
0.000169373
0.000284951
0.000326873
0.000327291
0.000251401
6.12505e-05
0.000117282
0.000214535
0.000266399
0.000257564
0.000165322
0.000131447
9.74069e-05
0.000115732
0.000139642
0.000136153
0.000185971
0.000122917
8.48375e-05
0.000136082
0.000163466
0.000233107
0.000330037
0.000326585
0.0002505
5.32838e-05
7.39e-05
0.00021645
0.00025791
0.000238972
0.000162672
0.000125671
8.83662e-05
0.000116715
0.000143283
0.000135007
0.000173662
0.000118304
6.99035e-05
0.000107351
0.00011865
0.0002262
0.000323955
0.000299185
0.000233133
5.3932e-05
5.46879e-05
0.000180794
0.000269994
0.000246518
0.000188259
0.00010779
6.03826e-05
0.000106179
0.00014273
0.000142229
0.00017715
0.00010251
4.51283e-05
6.33475e-05
9.67453e-05
0.000213086
0.00031022
0.00027883
0.000196772
1.26326e-05
8.68582e-05
0.000229646
0.000303946
0.000253973
0.000182501
7.35528e-05
4.73815e-05
0.000113646
0.000144434
0.000147287
0.000156051
8.45633e-05
-1.92907e-05
1.33726e-05
3.89914e-05
0.000285858
0.000318599
0.000276114
0.00016985
-3.92261e-05
-1.26388e-05
0.000167393
0.000309857
0.000311241
0.000177676
7.2591e-05
4.76636e-05
9.01896e-05
0.000149152
0.000146133
0.000156764
0.000118281
-8.33699e-05
-2.01834e-05
5.92024e-05
0.000269789
0.000324286
0.000295814
0.000191754
-8.13485e-05
-2.82219e-05
0.000215883
0.000346495
0.00033674
0.000125204
5.89624e-05
4.01781e-05
9.18646e-05
0.000168925
0.000149778
0.000122953
9.41248e-05
7.31027e-05
-3.5291e-06
-5.06437e-07
0.000238262
0.000299029
0.000298456
0.000132055
-2.10874e-05
9.67361e-06
0.000153207
0.00026491
0.000291264
0.000215033
9.29597e-05
4.59578e-05
0.000117233
0.000175663
0.000182985
0.000144906
0.000128757
0.00014658
9.50999e-05
6.31503e-05
0.000119447
0.000252735
0.000271244
0.000217566
7.63253e-05
3.86807e-05
0.000151094
0.000237255
0.000288371
0.000222571
0.000124991
8.08663e-05
0.000125989
0.000209037
0.000165871
0.000157259
0.000147382
0.000158224
0.0001205
8.07505e-05
0.000122052
0.000165586
0.000192367
0.000171638
9.25433e-05
9.02678e-05
0.000187644
0.000219722
0.000268263
0.000210598
0.000134806
0.000117128
0.000165134
0.00021862
0.000173177
0.000157919
0.000156706
0.000128966
0.000119389
0.000119385
0.000141945
0.000122781
0.000124908
0.000119882
9.98318e-05
0.000106353
0.000184201
0.000209399
0.000233881
0.000221376
0.000191274
0.00010964
0.000141338
0.000178788
0.000192445
0.00018063
0.000173802
0.000128523
0.000134722
0.000166829
0.000180047
0.000176199
0.000112593
0.000103595
0.000113043
0.000100237
0.00014337
0.000196537
0.000219063
0.000214726
0.000194046
0.000157429
0.00013875
0.000157591
0.000150963
0.000185057
0.000123012
2.59555e-05
0.000144439
0.000176128
0.00024645
0.000362776
0.000374585
0.000310933
0.000136147
9.25282e-05
0.000171287
0.000228244
0.000230939
0.000147392
8.12672e-05
7.88176e-05
0.000137517
0.000148805
0.000150196
0.000184941
7.31425e-05
2.37808e-05
0.000146581
0.000177521
0.000310948
0.000363414
0.000371561
0.000312167
9.37076e-05
9.13587e-05
0.00017093
0.000239918
0.000232121
0.000113969
7.97857e-05
7.60476e-05
0.000130803
0.000159005
0.000145659
0.000183305
0.000123336
1.66445e-05
0.000152471
0.00018376
0.000310541
0.000366759
0.000375665
0.000241361
0.000129611
8.53855e-05
0.000168741
0.000228964
0.000236287
0.000108332
5.7073e-05
5.88786e-05
0.000125579
0.000161004
0.00014771
0.000166534
0.000123188
6.91908e-06
0.000168804
0.000169543
0.000308004
0.000368819
0.000365949
0.000227248
5.81702e-05
6.20318e-05
0.000154716
0.00025234
0.000228278
0.000152358
2.32254e-05
2.19694e-05
9.056e-05
0.000167154
0.000159733
0.000170676
7.94746e-05
7.75572e-06
8.2536e-05
0.000106091
0.000289052
0.000364376
0.00036643
0.000200258
6.68232e-05
6.24907e-05
0.00011774
0.00026116
0.000266135
0.00011546
3.82423e-05
-2.61198e-05
2.85585e-05
0.000158242
0.000166019
0.000149848
7.36913e-05
-1.79718e-05
8.41433e-05
0.000116442
0.000237839
0.000336271
0.000346788
0.000173894
-4.3413e-05
6.32594e-06
9.34903e-05
0.000191371
0.000321276
0.000235204
5.89241e-05
-3.1166e-05
9.94065e-05
0.000168375
0.000178704
0.000129486
1.4087e-05
-0.000149232
8.35624e-05
0.000125575
0.000152189
0.000284435
0.000358687
0.000174785
-8.23482e-05
-5.90122e-05
5.48411e-05
0.000251236
0.000319441
0.000271386
0.000119681
1.63043e-05
0.000149078
0.000191203
0.000187101
0.000157813
1.05508e-05
-5.37802e-05
-0.000134237
5.92857e-05
0.000207273
0.000291475
0.000359006
0.000195037
-3.78999e-05
-1.00059e-05
0.000107098
0.000246849
0.000293027
0.000251753
0.000157955
5.7345e-05
0.00013569
0.000228755
0.000201381
0.00010976
3.61934e-05
9.10391e-05
4.65778e-05
8.30022e-05
0.000199569
0.000239127
0.000274459
0.000189563
4.98799e-05
6.80165e-05
0.000173378
0.000254069
0.000280881
0.000223208
0.000147583
8.53685e-05
0.000151449
0.000201311
0.000172471
0.000143296
0.00011161
0.000119403
0.000111254
0.000106183
0.000143525
0.000201651
0.000216881
0.000161434
5.47718e-05
5.81239e-05
0.000192594
0.000218669
0.000261254
0.000201145
0.000157953
0.00013655
0.000176071
0.000197698
0.000187684
0.000148826
0.000142164
0.00013144
0.000124105
0.000120832
0.000158045
0.000149737
0.000165249
0.000154913
0.000118332
0.000122848
0.000194643
0.000200399
0.00022616
0.000228119
0.000203406
0.000158168
0.000171143
0.00017409
0.000190115
0.000178669
0.000168071
0.000131603
0.000141716
0.000157829
0.000188519
0.000175272
0.000124444
0.000123296
0.000144765
0.000136496
0.000191446
0.000213051
0.000215578
0.000213026
0.000208669
0.000215639
0.0002261
0.00018256
0.000376689
0.000371045
5.65057e-05
-9.63514e-05
-0.000140518
8.39811e-05
0.00038865
0.0004962
0.000395658
0.000334592
0.00020674
0.000156884
0.000200843
0.0002194
0.00016378
0.000123217
0.000148696
0.000219048
0.000203439
0.000202177
0.000375374
0.000227677
5.27499e-05
-0.00010097
-0.000145001
8.10914e-05
0.000478465
0.000453179
0.000381732
0.000280667
0.000206411
0.000157204
0.000201388
0.000219198
0.000162657
0.000121635
0.000147667
0.000218866
0.000203994
0.000194884
0.000370536
0.000394032
4.18863e-05
-0.000167951
-9.53868e-05
7.01616e-05
0.000378851
0.000456419
0.000382138
0.000278305
0.00020477
0.000170872
0.00022013
0.000204028
0.000162395
0.000119113
0.000165494
0.000242371
0.000204121
0.000178561
0.000444467
0.00041992
4.402e-05
-0.000183322
-0.00014758
2.39487e-05
0.000312175
0.000415975
0.000366638
0.000324093
0.000191026
0.000158943
0.000226977
0.000224395
0.000147434
0.000108946
0.000123743
0.000225086
0.000224834
0.000184766
0.000355956
0.000368
-2.50114e-05
-7.28725e-05
-0.000210744
-3.98756e-05
0.000324705
0.000391167
0.000309635
0.000281902
0.000150783
0.000153623
0.000229579
0.000222725
0.000163498
0.000113396
0.000120129
0.000202617
0.000227812
0.00021305
0.000281201
0.000204213
3.0149e-05
-6.37397e-06
-0.000106958
-2.46861e-05
0.000268831
0.000325348
0.00025492
0.000230401
9.71263e-05
0.000145918
0.000243364
0.000215424
0.000188815
0.000122409
0.000137491
0.000245497
0.00024378
0.000215233
0.00023318
0.000229997
2.24334e-05
3.56439e-05
-2.27022e-07
3.46566e-05
0.000178743
0.000333194
0.000264244
0.000161174
6.39455e-05
0.000113218
0.000269725
0.000204889
0.000167361
0.000139859
0.000148498
0.000244444
0.000223776
0.000211028
0.000198056
0.000192289
2.78146e-06
-5.54608e-05
-1.89986e-06
0.000112176
0.000194359
0.000308202
0.00030619
0.000190101
2.73346e-05
0.000101288
0.000220073
0.000241142
0.000217086
0.000149439
0.000149072
0.000203137
0.000198608
0.000199533
0.000191028
0.000158856
4.8028e-05
5.97534e-06
3.723e-05
0.000150565
0.000223683
0.000274463
0.000295492
0.000180957
4.11814e-05
3.00013e-05
0.000151224
0.000226639
0.000246271
0.00018927
0.000178464
0.000185428
0.000185773
0.000179566
0.000171891
0.000150733
5.79923e-05
5.62667e-05
7.30283e-05
0.000109556
0.000187193
0.000242483
0.000247372
0.000190888
4.48719e-05
5.71032e-05
0.000153374
0.000205704
0.000232552
0.000197997
0.000204501
0.000168433
0.000143246
0.000176023
0.000163815
0.000139022
9.87027e-05
9.44425e-05
0.000109344
0.00013761
0.000195983
0.000209111
0.000204334
0.000181303
0.000111447
0.000116783
0.000173021
0.000230143
0.000213938
0.000193155
0.000207154
0.000148914
0.000189355
0.000198014
0.000205797
0.000180053
0.000156649
0.000142227
0.00013696
0.000168339
0.000189103
0.000178018
0.000157245
0.000148292
0.000141188
0.000118446
0.000169569
0.000225882
0.000211531
0.000205858
0.000209365
0.000208933
0.000214515
0.000221221
0.000182251
0.000106614
0.000191408
0.000157605
-5.74558e-05
0.00010833
0.000308605
0.000317122
0.000319665
0.000350528
0.000186092
0.000108139
0.000181213
0.000295198
0.000222492
8.85343e-05
0.00013072
0.000228964
0.000214092
0.000215498
0.000181574
0.000102311
0.000232564
0.000163178
-5.85491e-05
0.000106287
0.000336344
0.000298834
0.000359199
0.000291501
0.000184661
0.000114325
0.000239519
0.000297645
0.0002237
8.52675e-05
0.000128381
0.000230034
0.000204933
0.0002175
0.000142294
9.6114e-05
0.000182031
0.000185334
-6.87429e-05
9.11695e-05
0.000300561
0.000296429
0.000321437
0.000289032
0.000177804
0.000102152
0.000178715
0.000306235
0.000160946
6.57416e-05
0.00011866
0.000244015
0.000212587
0.000210233
0.000173945
4.75386e-05
0.000143987
8.98089e-05
-0.000114507
1.79051e-05
0.000303142
0.000264652
0.000307961
0.000273144
0.000113686
0.000117494
0.000249692
0.000319291
0.000187247
8.88618e-05
0.000172469
0.000241073
0.000221429
0.000180556
0.000106225
5.49691e-05
0.000215324
0.000145224
-0.000137781
-7.38915e-05
0.000228362
0.000171367
0.000213652
0.000309283
8.67502e-05
8.98068e-05
0.000261108
0.000320942
0.000193497
0.000117197
0.000158352
0.000269597
0.000207306
0.000173114
0.000118528
0.00010595
0.000130781
0.000298587
-9.60182e-05
1.00889e-07
0.000128586
4.44308e-05
1.56977e-05
0.000144503
5.31855e-05
9.49107e-05
0.000227695
0.000331004
0.000251549
0.000111772
0.000169405
0.000279878
0.000230813
0.000178029
0.000181807
0.000161399
0.000144948
0.000178053
4.55826e-06
4.68095e-05
0.000160861
0.000141163
2.6435e-05
5.41544e-05
-2.33443e-05
-5.11995e-05
0.000257602
0.000321924
0.000236385
9.97436e-05
0.000142547
0.000282203
0.000176899
0.00017296
0.000192144
0.0001859
0.000139712
6.91186e-05
6.35929e-05
0.000135317
0.000198355
0.000342136
0.000275049
5.9785e-05
-1.11071e-05
4.18002e-06
0.000217385
0.000353861
0.000159958
8.51192e-05
0.000191912
0.000249334
0.000149484
0.000143759
0.000174682
0.000179536
6.92514e-05
5.28901e-05
6.05895e-05
0.000144729
0.000211503
0.000290214
0.000312054
0.000153566
2.32095e-05
4.17975e-05
0.000167269
0.000351644
0.000161019
0.000123137
0.000163526
0.00019487
0.000155001
0.00015553
0.000163294
0.000116968
5.52303e-05
4.99668e-05
6.53577e-05
0.000149682
0.000203342
0.000224303
0.000241724
0.000224974
7.20773e-05
8.43116e-05
0.000159824
0.000247255
0.000218785
0.000150588
0.000181489
0.000157981
0.000166442
0.000155346
0.000157606
0.000143992
0.000102178
8.00708e-05
9.44747e-05
0.000126506
0.000193321
0.0002042
0.000193452
0.000172216
0.000113278
0.000121791
0.000219346
0.000245869
0.000192979
0.000166876
0.000190786
0.000175064
0.000193653
0.000197722
0.000193873
0.000180469
0.00015589
0.000140098
0.000122067
0.000139682
0.000160878
0.000156109
0.000150627
0.00018959
0.000169879
0.000149069
0.000208842
0.00022435
0.000206569
0.000193506
0.000190695
0.000181002
0.000229855
0.00020323
0.000105951
9.44863e-05
0.000241863
8.99944e-05
-4.21834e-05
0.000179368
0.000244334
0.000143665
0.000226113
0.000365211
0.000234221
0.000130437
0.000143765
0.000280187
0.000274588
0.000133125
0.000128458
0.000207983
0.000230684
0.000172499
0.00010323
9.07852e-05
0.00024645
9.13479e-05
-4.45207e-05
0.000176787
0.000211666
0.000138731
0.000222859
0.000329237
0.000233881
0.000112772
0.000141562
0.000281324
0.000217019
0.000130979
0.000124464
0.000207014
0.000234404
0.000170747
5.81727e-05
0.000142624
0.000259989
-3.83033e-05
4.02803e-05
0.000192132
0.000204456
0.000109391
0.000308984
0.000330205
0.000178224
0.00010726
0.000136941
0.000320958
0.000220834
9.79878e-05
0.000139873
0.000202773
0.000227686
0.000163137
3.65673e-05
0.000113925
0.000238845
-4.76608e-05
-8.69134e-05
0.000154416
8.10901e-05
6.90621e-05
0.000194921
0.000366193
0.00015737
0.000104016
0.000204856
0.000313379
0.000219288
9.0947e-05
0.000120492
0.000218925
0.000216648
0.00018071
9.54558e-06
2.51612e-05
0.000263854
0.000151182
-0.00012956
0.000156412
-6.14534e-06
-5.47273e-05
0.00024929
0.000355648
0.000218587
0.000104516
0.000159895
0.000303605
0.000207435
0.000101521
0.000125481
0.000214873
0.000218548
0.000157758
9.125e-05
3.333e-05
0.000225181
0.000155216
-0.000126026
0.000178621
-1.5923e-05
-0.000174142
9.66674e-05
0.000276304
0.00021721
0.000116633
0.00022748
0.000305278
0.000217352
7.42976e-05
0.00012172
0.000236466
0.000199697
0.000161627
0.000129473
8.6522e-05
0.000171832
4.58612e-05
2.5177e-05
0.000183223
9.76477e-05
-2.96995e-05
-6.57254e-05
0.000103781
0.00011819
0.000133347
0.000261476
0.000296033
0.000275712
7.67099e-05
0.0001044
0.000242474
0.000182281
0.000187675
0.000154436
0.000124881
0.00012942
5.96162e-05
1.40507e-05
0.000174445
0.000109815
0.000120201
0.000120085
8.10617e-05
-5.18045e-05
8.15902e-05
0.000197126
0.000367671
0.000177494
7.7734e-05
0.000129349
0.000227879
0.000112323
0.000184872
0.000160735
0.000131245
5.80351e-05
4.70454e-05
6.70702e-05
0.000154909
0.00018373
0.000210484
0.000255849
0.000131478
1.08242e-05
0.000125233
0.000203843
0.000388762
9.80582e-05
9.10056e-05
0.000154003
0.000167425
0.000154129
0.000180946
0.000158211
0.00010058
4.21927e-05
5.25576e-05
6.82915e-05
0.000158024
0.00019265
0.000184171
0.000214029
0.000206325
9.93402e-05
0.000121826
0.000204341
0.000265381
0.000123978
0.000115864
0.000167023
0.000135408
0.000182106
0.000176943
0.000168667
0.000168071
0.000113397
6.79286e-05
8.30873e-05
0.000141034
0.000183826
0.000182634
0.000180175
0.000167038
0.000135294
0.000144361
0.000247135
0.000257988
0.000174739
0.000161732
0.000188648
0.000161198
0.000193449
0.000195938
0.000193965
0.000183336
0.000152434
0.000134854
0.000111794
0.000129832
0.000146832
0.000132448
0.000145908
0.000180533
0.000165793
0.000157265
0.000211771
0.00022782
0.000209124
0.000192583
0.000180772
0.000175796
0.000169721
0.000155099
0.000136618
0.000168928
0.000143494
5.3066e-05
9.52933e-06
0.000248562
0.000371609
0.000296331
0.000270001
0.000269014
0.000282948
0.000283419
0.000271677
0.000157644
0.000133679
0.000273044
0.000361061
0.000248186
0.000168417
0.00013524
0.000153988
0.000165651
0.000104064
5.28713e-05
9.4539e-05
0.000315178
0.00029605
0.000290284
0.000270425
0.000247313
0.000293792
0.000283368
0.000273587
0.000156424
0.000175092
0.000272076
0.000364128
0.00020638
0.000131111
0.000179365
0.000226926
0.000163046
0.000137557
5.20794e-05
0.000133779
0.000213813
0.000291631
0.000294219
0.000259124
0.000239886
0.000315778
0.000330579
0.000248426
0.000109867
0.000126469
0.000338866
0.000381388
0.000251396
0.000129346
0.000169937
0.000227976
0.000217063
0.000124557
5.8752e-05
3.41826e-06
0.000197157
0.000235857
0.000229346
0.000291406
0.000266854
0.000254815
0.000291545
0.000323277
0.000168313
0.000152066
0.00033802
0.00039869
0.000258962
0.000139778
0.000153883
0.000195838
0.000201886
0.000101114
4.09173e-05
0.000122828
0.00024784
0.000224232
0.000241743
0.000271614
0.000243866
0.000236419
0.000252567
0.000231639
0.000184764
0.000100817
0.000148349
0.000371389
0.000208575
4.22581e-05
0.000124402
0.000129329
0.000160991
0.000122036
3.80223e-05
0.000111673
0.000195728
0.000210322
0.000195665
0.00022078
0.000250298
0.000220597
0.000231773
0.000200084
0.000200431
0.000113751
0.000149938
0.000327905
0.000288994
0.000168818
0.000148494
9.09982e-05
8.32734e-05
0.000121835
5.41497e-05
4.54919e-05
0.000202421
0.000200797
0.000148026
0.00021045
0.000203107
0.000180597
0.00019788
0.000249385
0.000153593
0.000157928
8.87041e-05
0.000228678
0.00028727
5.47469e-06
9.43293e-05
9.85249e-05
4.63697e-06
4.38441e-05
3.94207e-05
5.01372e-05
0.000211627
0.000186839
0.000134959
0.000193094
0.00018719
0.000186302
0.000166163
0.000265838
0.000144237
0.000157287
-7.90554e-05
0.000137877
0.000282476
0.000141706
8.50896e-05
0.000153616
4.03337e-05
-1.00365e-05
2.79332e-05
3.34802e-05
0.000137732
0.000183691
0.000118093
0.000201539
0.000185074
0.000144114
0.000172249
0.000210644
0.000251289
0.000107525
5.36835e-05
0.000123964
0.000192819
0.000144062
0.000184702
0.000189404
8.73236e-05
-3.33093e-05
-3.80554e-05
2.38587e-05
9.54475e-05
0.00015734
0.000169268
0.000187567
0.000175409
0.000143817
0.000175002
0.000191037
0.000255084
0.00020026
0.000157655
0.000118869
0.000135669
0.000195204
0.000195355
0.000204878
0.000183149
0.000123964
1.55487e-05
3.64123e-05
7.9037e-05
0.000180751
0.00019319
0.000214376
0.000145451
0.000145231
0.000165923
0.0002086
0.000237132
0.000212639
0.00019448
0.000146952
0.000153769
0.000186068
0.000191705
0.000205884
0.000202107
0.000143237
0.000117264
9.08497e-05
8.89845e-05
0.000143778
0.000150965
0.000196903
0.000182135
0.000143141
0.000149904
0.000193013
0.000215497
0.000222635
0.000199948
0.000180894
0.000179209
0.000133617
0.00024311
0.000290472
0.000196535
0.000125231
8.46061e-05
8.72696e-05
0.000201169
0.000210494
0.000185332
0.000248903
0.000281794
0.000307484
0.000287686
0.000156546
8.20984e-05
0.000186945
0.000356456
0.000302116
0.000176683
0.000161927
0.00024337
0.000291939
0.000161773
0.000125257
8.2933e-05
8.49291e-05
0.000201587
0.00019235
0.000200619
0.000249018
0.000287364
0.000306691
0.000235086
0.000116783
8.01407e-05
0.000185323
0.000357462
0.000301816
0.000143629
0.000158571
0.000245924
0.000297258
0.000198854
0.000123593
7.648e-05
0.000123247
0.000202438
0.000187172
0.000194936
0.000273649
0.000282347
0.000315137
0.000231858
0.000104697
7.42608e-05
0.000175386
0.000360476
0.000299512
0.000139092
0.00010831
0.000248232
0.000311496
0.000153753
9.11523e-05
4.88974e-05
6.99621e-05
0.000202635
0.000177565
0.000178166
0.000251532
0.000278376
0.000254824
0.000221866
6.76134e-05
-5.00557e-06
0.000232292
0.00035603
0.000295773
0.000134132
8.84123e-05
0.000218218
0.000300266
0.000137145
0.00010018
4.91104e-05
5.04914e-05
0.000198179
0.000186886
0.000181232
0.000256994
0.00034247
0.00022584
0.000220258
7.52209e-05
-1.96374e-05
0.000143644
0.000332052
0.000295523
0.000138711
7.64098e-05
0.000156368
0.000235304
0.000148973
0.000103463
2.45737e-05
2.28842e-05
0.000171976
0.000200756
0.000192986
0.00024443
0.000339064
0.000202911
0.000164903
0.000117253
-7.80843e-05
-0.000128308
0.000318258
0.000277942
0.000199703
3.18698e-05
9.37535e-05
0.000167671
9.29152e-05
9.80475e-05
4.33364e-05
3.27771e-05
0.000203816
0.00020153
0.000181704
0.000275617
0.000304718
0.000205282
0.000157277
0.000149819
-3.66717e-05
-0.000165452
0.000119078
0.000192526
0.000161864
2.76352e-05
0.000138768
0.000261135
0.000136069
7.23422e-05
6.67046e-05
6.67933e-05
0.000145323
0.000214799
0.000202058
0.000267917
0.000266291
0.000253971
0.000147277
0.000147664
0.000174425
-0.000272312
4.2119e-05
3.18969e-05
1.13237e-07
3.77228e-05
6.44852e-06
0.000235838
0.000207976
2.61562e-05
4.00209e-05
5.97718e-05
0.00010634
0.000184395
0.000193367
0.000247477
0.000219734
0.000218534
0.000118604
0.000144276
0.000230565
-0.000155417
-0.000136164
-4.9391e-05
-9.20201e-05
0.0001392
0.000111052
0.000218646
0.000169655
9.06567e-05
-1.7968e-05
2.37956e-05
6.64022e-05
0.000120821
0.000124576
0.000161995
0.000149499
0.000174771
0.000157707
0.00018571
0.000218735
0.00018165
3.95941e-05
0.000127873
7.40949e-05
0.000166147
0.00018861
0.000237994
0.000252598
0.000181739
1.60939e-05
1.80264e-05
5.08278e-05
0.000143273
0.000166168
0.000177771
0.000138036
0.000140301
0.000152386
0.000164423
0.000202277
0.000209087
0.000149342
0.000160802
0.000154673
0.000180329
0.000195793
0.000224999
0.000229297
0.000210583
0.000146825
8.43152e-05
7.0566e-05
9.93655e-05
0.000185654
0.000206471
0.000188882
0.000128012
0.00015669
0.000185373
0.000200246
0.000223208
0.000211479
0.000187955
0.000180503
0.000187204
0.00027903
0.000229365
0.000115101
0.000118729
0.000174858
0.000155236
0.000190648
0.000169706
0.00011655
0.000204534
0.000331757
0.000319344
0.000204947
7.84107e-05
6.88805e-05
0.000251379
0.000410903
0.000289664
0.000159966
0.00022919
0.000279908
0.000228773
9.59068e-05
0.000149044
0.000175841
0.000161867
0.000191279
0.000136683
0.000114408
0.00020385
0.000345145
0.000319493
0.000143289
7.52605e-05
0.000108613
0.000250755
0.000413861
0.000289382
0.000158023
0.000233247
0.000292949
0.000223676
9.04214e-05
0.000141875
0.000171563
0.000154521
0.000193655
0.000172094
0.00012742
0.000200791
0.000348769
0.000280399
0.000196945
6.24454e-05
5.29443e-05
0.000356289
0.000425874
0.000290161
0.000151878
0.000166731
0.000316736
0.000150408
6.46179e-05
7.98104e-05
0.000124717
0.000127827
0.000189109
0.000146614
0.000125642
0.000192941
0.000361657
0.000310206
0.000123049
-8.07865e-06
2.4967e-05
0.000358722
0.000464066
0.000305653
0.000161266
0.000203125
0.000328695
0.000253789
5.19207e-05
6.78128e-05
8.1649e-05
9.85281e-05
0.000157754
0.000161816
0.000141776
0.000260557
0.000354752
0.000322724
0.000176401
-1.44417e-05
-6.52177e-05
0.000301959
0.000490072
0.000330933
0.000162205
0.000188577
0.000275186
0.000249555
4.58674e-05
8.76246e-05
7.5667e-05
2.42421e-05
9.31821e-05
0.000167002
0.000145949
0.000202847
0.000341693
0.000329352
0.000144871
8.14443e-06
-4.02232e-05
-4.74989e-05
0.000487546
0.000367617
0.000222894
0.000162319
0.000222219
0.000218342
5.99991e-05
6.13095e-05
7.17329e-05
1.91684e-05
8.18687e-05
0.000155755
0.000169176
0.000204036
0.000296455
0.000291212
0.000156507
7.96884e-05
6.70944e-05
-0.000190166
0.000342969
0.000376996
0.00020171
0.000108917
0.00011346
0.000236453
9.8874e-05
5.72116e-05
0.000104434
0.000108442
9.50074e-05
0.00014893
0.000173973
0.000215493
0.000236693
0.00022017
0.000125564
0.000100186
2.79176e-05
-0.000238958
0.000307152
0.000327681
0.000111482
6.28464e-05
0.000125086
0.000255964
0.000144567
1.83507e-05
9.60628e-05
0.000118437
0.000128243
0.000132391
0.00018538
0.000212055
0.000201043
0.000206635
0.000130457
0.000100937
0.000111362
-0.000107339
6.75701e-05
0.000259527
5.55552e-05
0.000120564
0.000118901
0.000191579
0.000163342
3.87603e-05
-7.03257e-06
7.25044e-05
7.70723e-05
8.6812e-05
0.000106252
0.000165443
0.000166911
0.000176402
0.000131171
0.000125731
0.000151789
0.000141191
3.42159e-05
0.000196484
0.000136984
0.000142567
0.000191794
0.000219779
0.000215782
0.000121821
5.68149e-06
3.97844e-05
5.26216e-05
0.000106522
0.000131149
0.00017758
0.000130315
0.000153825
0.000144624
0.000145059
0.000179211
0.000196524
0.000164934
0.000175126
0.000162421
0.000167159
0.000216392
0.000235593
0.00022796
0.000189371
0.000142954
9.2564e-05
8.4601e-05
0.000118483
0.000179371
0.000192945
0.000175679
0.000142238
0.00015749
0.000180299
0.000194572
0.000220062
0.000199307
0.000192967
0.000180875
0.000151785
0.000140737
0.000243196
0.000190406
6.80933e-05
0.00018865
0.000206246
0.000150953
0.000145549
0.000133936
0.000179099
0.000281992
0.00034533
0.000236465
0.000147027
0.000115202
0.000200449
0.000350513
0.000305584
0.000199876
0.000140884
0.000161645
0.000240497
0.000191329
9.90452e-05
0.000186707
0.00017446
0.000143745
0.000143838
0.000143554
0.000179171
0.000281743
0.00034726
0.000238039
0.000158239
0.000119104
0.000200002
0.000362142
0.000305816
0.000178459
0.000161184
0.000186833
0.000327852
0.000331024
9.74036e-05
0.000143044
0.000206546
0.000142608
0.000137883
0.00012365
0.000160909
0.000290205
0.000316824
0.000190108
0.000156657
9.78795e-05
0.000220645
0.000360753
0.000291942
0.000230731
0.000122291
0.000155067
0.000177156
0.000205897
0.000128521
0.000161889
0.000194346
0.000147934
0.000151645
0.000134461
0.000183742
0.000277356
0.000314219
0.000194286
0.000159023
7.26075e-05
0.000249281
0.000299609
0.000290517
0.000229119
0.000162317
0.000162653
0.000284954
0.000304569
0.000130627
0.000146716
0.000170723
0.000146064
0.000163194
0.000140974
0.00015097
0.000217157
0.000344667
0.000275964
0.000144991
3.8649e-05
8.4451e-05
0.000311447
0.000156414
0.000180752
0.000177719
0.000179393
0.000236146
0.000241932
0.000161523
0.00018466
0.000145051
0.000138949
0.000156778
0.000134865
0.000131889
0.000236653
0.000296393
0.000208181
0.000128732
6.31308e-05
3.17911e-05
0.000326058
0.000211827
6.19628e-05
0.000176583
0.000189804
0.000213006
0.000157949
0.000103904
0.000170569
0.000171427
0.00012885
0.000131189
0.000149049
9.43679e-05
0.000142539
0.000283397
0.000210509
0.000143574
7.26317e-05
5.95342e-05
0.000303419
0.000220769
4.0381e-05
0.000142837
0.000193757
0.000212209
0.000132727
0.000101863
0.000130772
0.000154273
0.000144156
0.000115307
0.000105213
4.97868e-05
0.000132605
0.000270394
0.000198664
0.000165044
0.000168045
0.000130902
0.000185088
0.000296984
5.40283e-05
0.000100791
0.000144832
0.000199542
0.000166009
1.39213e-05
0.000100369
0.000177341
0.000209009
0.000111768
8.84954e-05
4.95806e-05
0.000138035
0.000230748
0.000163916
0.000117303
0.000146737
0.000142368
0.000146771
0.000170903
0.000141364
0.000130971
0.000146828
0.00016872
0.000135323
4.77671e-05
5.82203e-05
0.000130053
0.000201546
0.000131878
0.000123272
0.000127542
0.000124595
0.000173683
9.60509e-05
7.02767e-05
0.000104464
0.000195628
0.000172382
0.000164244
0.000134774
0.000153129
0.000151667
0.000181462
0.000154546
0.000100935
5.83303e-05
8.35501e-05
0.000105561
0.000114653
0.000131366
0.000168882
0.000219888
0.000248529
9.75778e-05
8.73369e-05
0.000136403
0.000210905
0.000215149
0.00021205
0.000169797
0.000123767
0.000150581
0.000198097
0.000183291
0.000132744
0.000111833
9.73966e-05
0.000128336
0.000114253
0.000176909
0.000182066
0.000175145
0.000214759
0.000164471
0.000152697
0.000147983
0.000213344
0.000211532
0.000215597
0.000171917
0.000215744
0.000242307
0.000271483
0.000243029
0.000136872
0.000188697
0.00027107
0.000191383
0.000128063
7.68087e-05
7.07068e-05
0.000148648
0.00015809
0.000120319
0.000187598
0.000168404
0.000161187
0.000262025
0.000226946
0.000155854
0.000230326
0.000243886
0.000276424
0.000243009
0.000136061
0.000236589
0.000273134
0.000192329
0.000128152
7.65004e-05
6.9326e-05
0.00016431
0.000155173
0.000116742
0.00019535
0.000143506
0.000158666
0.000260007
0.000224622
0.000161422
0.000215499
0.000244193
0.000268361
0.000242495
0.000134081
0.00023824
0.000282201
0.000163141
0.000127635
7.43113e-05
8.89561e-05
0.000152133
0.000119243
0.000103227
0.0001885
0.000137843
0.000155803
0.000256082
0.000215407
0.00015555
0.000198441
0.000225646
0.000254912
0.000198163
0.000134965
0.000234118
0.00030394
0.000165842
0.000106093
7.19311e-05
6.48987e-05
0.000145682
9.17918e-05
0.000100235
0.000160528
0.000117137
0.000227398
0.000279728
0.000160306
0.00012254
0.000166814
0.000202609
0.000209437
0.000194211
0.000131769
0.00016235
0.000295015
0.000172514
0.000101424
5.38185e-05
8.56007e-05
0.00020568
0.000109842
8.65419e-05
0.000150046
0.000119629
0.000171484
0.000287114
0.000156404
0.000104368
0.000139015
0.000175201
0.000187307
0.000179277
0.000144006
0.000191604
0.000254163
0.000217012
9.97089e-05
6.9866e-05
9.40638e-05
0.00030541
0.000229543
9.99612e-05
0.000138485
0.000150886
0.000192571
0.000266392
0.000160859
8.85236e-05
0.00010545
0.00017164
0.00017579
0.000172193
0.000135017
0.000158442
0.000209843
0.000173985
8.94164e-05
7.07024e-05
0.000150391
0.000388021
0.000303377
0.000156014
0.000148601
0.000187308
0.000212935
0.000245066
0.000203072
8.24592e-05
9.25258e-05
0.000164421
0.000175285
0.000148151
0.000112993
0.000147267
0.00019605
0.000169564
0.00010494
7.51448e-05
9.76251e-05
0.000288174
0.000259075
0.000163334
0.000141739
0.000206341
0.000234357
0.00023455
0.000203917
0.000123945
0.00010547
0.000121094
0.00018263
0.000110439
8.24149e-05
0.000152997
0.000196375
0.000180417
0.000140909
9.90811e-05
0.000133628
0.000217205
0.000281775
0.000177997
0.000116914
0.000175143
0.000254961
0.000244711
0.000189547
0.000160129
0.000119905
0.000127902
0.000164224
0.000138493
6.43282e-05
0.000100551
0.000167326
0.00018323
0.00018481
0.000130409
0.000151423
0.000192572
0.000237205
0.000153346
9.44282e-05
0.000173439
0.000226855
0.000222414
0.000168318
0.000150625
0.000118684
0.000113336
0.000144079
0.000134914
9.47098e-05
8.5004e-05
0.00012244
0.000164143
0.000184323
0.000169087
0.000134864
0.000242367
0.000310537
0.000117548
3.8764e-05
0.000138339
0.000206885
0.00021608
0.000221354
0.00020984
8.96928e-05
9.27764e-05
0.000149901
0.000149521
0.000122327
0.000105824
0.000118096
0.000156548
0.000188561
0.000197334
0.000174423
0.000175671
0.000247466
0.000162734
9.83327e-05
0.000114482
0.000204556
0.000213549
0.000221425
0.000174344
9.58488e-05
0.000107423
0.000155147
0.000163308
0.000140867
0.000127703
0.00010731
0.000154049
0.000222693
0.000151121
6.98309e-05
6.95707e-05
0.000116219
0.000137308
0.000167953
0.00016885
0.000181985
0.000196685
0.000205263
0.000168018
8.67473e-05
0.000138036
0.000180796
0.000186466
0.000135955
0.000122033
8.67013e-05
0.000112409
0.000165096
0.000102682
0.000108221
0.000110082
3.67752e-05
0.000127267
0.000146139
0.000160216
0.000181936
0.000196497
0.000194033
0.000187816
6.11819e-05
0.000176887
0.000247005
0.00013504
7.41241e-05
8.54608e-05
8.01701e-05
0.000122497
0.000205472
0.000204283
0.000223974
0.000153852
0.000119658
0.000112454
0.000110914
0.000152506
0.000164115
0.000266942
0.000355535
0.000255053
4.17456e-05
0.00016473
0.000198545
0.000112803
-1.54366e-05
3.75148e-05
1.60281e-05
9.8134e-05
0.000227013
0.00024
0.000233825
0.000235393
0.000229247
0.000169414
6.34494e-05
6.78773e-05
0.000125203
0.000293785
0.000393204
0.000177141
6.77665e-05
0.000121942
0.000142808
-7.29655e-06
-9.96297e-05
-7.04209e-06
6.33775e-07
0.000169466
0.000270418
0.000260788
0.000189403
0.000234657
0.000305225
0.000218592
-8.30296e-05
3.40882e-05
0.000287366
0.0004055
0.000295968
5.78651e-05
0.000119239
0.000128984
0.00013452
-1.56568e-05
-9.82122e-05
2.13363e-05
-2.31278e-06
0.000143309
0.000288076
0.000193625
0.000111745
0.000371387
0.000431453
0.000268449
-2.4452e-05
-5.82894e-05
0.000338027
0.000347169
0.000110577
7.12086e-05
0.000145971
0.000132885
0.000113799
8.36451e-05
-2.08235e-06
3.88889e-05
-5.64561e-05
0.000107748
0.000234642
0.000150463
0.000135097
0.000366002
0.000437129
0.000259938
4.80398e-05
-1.26194e-05
0.000270543
0.000210898
0.000138298
0.000101111
0.000219428
0.000191826
0.00012742
8.91642e-05
0.000101648
-2.22027e-05
-4.84636e-05
8.79966e-05
0.000194123
0.000167685
0.000249535
0.000393053
0.000361013
0.00023023
1.80601e-05
9.28356e-05
0.000207052
0.000191605
0.000140793
0.000145708
0.000229528
0.000183593
0.000139005
0.000117061
0.000115247
4.57557e-05
-2.48617e-05
8.63122e-05
0.000178519
0.00016497
0.000209577
0.000436221
0.000415395
0.000246651
5.43604e-05
0.000108441
0.000221182
0.000206506
0.00014208
0.000171348
0.000236724
0.000204141
0.000150265
0.00012596
0.000118917
4.10458e-05
1.74905e-05
8.46446e-05
0.00016393
0.000180349
0.000307254
0.00043849
0.000372246
0.000300553
8.3871e-05
0.000117789
0.000184329
0.000163678
0.000141981
0.000168783
0.000223868
0.000206729
0.000175116
0.000120115
0.000118678
8.07815e-05
2.70294e-05
5.8456e-05
0.000136451
0.000189309
0.000252329
0.000432168
0.000404984
0.000296726
0.000141353
8.55539e-05
0.000179796
0.000180278
0.000148077
0.00017163
0.000223681
0.000226189
0.000175613
0.000127928
0.000118153
8.12291e-05
2.88424e-05
5.92535e-05
0.000136312
0.000178949
0.000254477
0.000408419
0.000403106
0.000295564
0.00014182
8.7318e-05
0.000178818
0.000178607
0.000140712
0.000172032
0.000101974
8.80379e-05
0.000135196
0.000145522
0.000144659
0.000140554
0.000125889
0.000171841
0.000204812
0.000154131
9.5738e-05
9.10981e-05
0.000130985
0.000128188
0.000158985
0.000156829
0.000182184
0.000206161
0.000217681
0.000185189
9.05174e-05
0.000100429
0.000150709
0.000138123
0.000131981
0.000128017
0.000113673
0.000166667
0.000173984
0.000135876
0.000153762
0.000159912
0.000126686
0.000125228
0.000137749
0.000137892
0.00015384
0.00018319
0.000201198
0.000199025
3.33142e-05
0.000142351
0.000190183
0.000125714
9.07659e-05
0.000119166
0.000107563
0.000128686
0.000195245
0.000188684
0.00020869
0.000184134
0.00017213
0.000149863
0.000114438
8.08622e-05
0.000135394
0.000193124
0.000233768
0.000166528
6.99749e-05
0.000146881
2.66042e-06
-9.37807e-06
9.27889e-05
8.97404e-05
8.21402e-05
0.000133502
0.000173435
0.000215989
0.00021743
0.000212053
0.000232261
0.00015591
5.00595e-05
1.72236e-05
0.000101464
0.00025696
0.000191161
0.000115456
8.52896e-05
9.80767e-05
4.45234e-05
2.65205e-05
7.39943e-05
0.000143026
0.00012588
0.000147877
0.000159333
0.000212061
0.000186571
0.000169846
0.000244895
0.000244394
4.14941e-05
-5.77771e-05
0.000146921
0.000242198
0.000143429
3.01439e-05
0.000117348
0.000106772
6.62651e-05
4.05278e-05
6.47334e-05
0.000175555
0.000116516
9.18635e-05
9.16655e-05
0.000200114
0.00017599
0.000261894
0.000326451
0.000197739
1.28839e-05
1.00041e-05
0.000135693
0.000143646
-1.75593e-05
-4.95431e-05
0.000212109
0.000148255
6.03189e-05
2.45511e-05
8.61161e-05
0.000184502
0.000106924
3.20683e-05
0.000103597
0.000197854
0.000133344
0.000286487
0.000324977
0.000260967
-3.90102e-06
8.82583e-06
5.53447e-05
-4.40144e-05
-0.000109253
9.27045e-06
0.000201374
0.000159343
8.55849e-05
5.87803e-05
0.000146551
0.000166951
0.000107097
3.30032e-05
0.000175129
0.000181417
0.000109735
0.000282407
0.000347295
0.000268776
7.52397e-05
1.076e-05
-3.39667e-07
-5.12625e-05
-0.000118757
2.6066e-06
0.000251518
0.000222215
0.000142585
4.09706e-05
0.000144326
0.000156069
9.27326e-05
9.93686e-05
0.000134046
0.000168406
0.000305816
0.000323228
0.000306558
0.000227936
8.61703e-05
4.29363e-05
3.81844e-05
-4.53085e-05
-2.05947e-05
0.00016675
0.000264005
0.000296786
0.000193362
0.000126031
0.000127584
0.000125549
5.75122e-05
0.000123281
0.000191493
0.000170834
0.000256213
0.000350643
0.000307542
0.000226631
8.62076e-05
6.23061e-05
7.4323e-05
1.98206e-05
5.83288e-05
0.000186953
0.000274845
0.000269964
0.000201465
7.80039e-05
0.000151049
0.000141143
8.22694e-05
5.52439e-05
0.000169092
0.000289679
0.000283685
0.0003484
0.000308324
0.000256805
4.88375e-05
3.17921e-05
8.58339e-05
2.61088e-05
7.82529e-05
0.000200017
0.000263636
0.000292937
0.000198999
9.63958e-05
0.000101515
0.000143084
8.29549e-05
5.70873e-05
0.000132266
0.000237804
0.000400549
0.000412546
0.000347598
0.000256519
0.000108886
6.47422e-05
8.68966e-05
4.46266e-05
4.83677e-05
0.000147674
0.000177597
0.00015524
0.000132427
0.000137781
0.000157794
0.000164607
0.00014232
0.000151698
0.000201094
0.000197708
0.000156236
0.000151577
0.000158994
0.000133826
0.000140903
0.000166165
0.000194673
0.000209594
0.000218831
0.000223162
0.00018547
0.000160818
0.000127607
0.000127466
0.000144254
0.000163555
0.000161525
0.00017031
0.000211006
0.00017653
0.000190083
0.000189138
0.000139193
0.000111134
0.000131856
0.000132073
0.000159625
0.000200197
0.000218991
0.000223115
0.000134913
0.000139529
0.000118543
0.000134466
0.000178332
0.000159559
0.000184981
0.000180206
0.000193823
0.000164898
0.000197306
0.00019833
0.000100412
0.000107416
0.000120806
8.21321e-05
0.000153843
0.000172223
0.00020509
0.00018351
8.53668e-05
0.000112287
0.000107344
0.000121875
0.000144116
0.000171029
0.000210283
0.000200975
0.000176809
0.000140647
0.000155938
0.000178556
0.000109675
9.09119e-05
6.88798e-05
4.03356e-05
8.908e-05
0.000140475
0.0001778
0.000162689
7.31901e-05
9.26724e-05
0.00013668
0.000179739
0.000125271
0.000210626
0.000222094
0.000210802
0.000176127
0.000115897
0.000127192
0.000143873
7.25981e-05
0.000128497
6.6214e-05
1.7929e-05
8.93267e-05
9.25689e-05
0.000136614
0.000151062
0.000122828
0.000120901
0.000175846
0.000189691
0.000168038
0.000210502
0.000177849
0.000178574
0.000187469
0.000188912
0.000160132
0.000175442
4.47124e-05
0.000156346
6.94513e-05
3.34628e-05
7.35046e-05
8.38333e-05
0.000104515
0.000166548
0.000162043
0.000147817
0.000185411
0.000269908
0.0002407
0.000215521
0.000161204
0.000136159
0.000178641
0.000139655
0.000170779
9.86098e-05
0.00014082
0.000188932
7.9315e-05
1.66975e-05
6.79007e-05
5.82866e-05
0.00010523
0.00021167
0.00020803
0.000210528
0.000249796
0.00036166
0.000244286
0.000183257
0.000145946
0.000155476
0.000174323
0.000138237
0.000159607
0.000153212
0.000190974
0.000201385
6.91448e-05
-4.22342e-06
9.16214e-05
8.28138e-05
0.000208906
0.00024086
0.000253038
0.000271091
0.000366794
0.000372533
0.00027899
0.000212073
0.000155762
0.00018222
0.000190429
0.000159594
0.000175773
0.000201198
0.000256585
0.000241466
5.29074e-05
1.82338e-06
5.92058e-05
9.83742e-05
0.000183926
0.000270706
0.000320388
0.00031798
0.00034717
0.000386349
0.000283441
0.000200866
0.000173472
0.000192796
0.000193002
0.000172946
0.000245374
0.000220585
0.00023575
0.00023001
5.8791e-05
2.90864e-05
6.96952e-05
0.000103742
0.000210657
0.000329726
0.000332948
0.000323421
0.00034591
0.000375543
0.000260325
0.000227258
0.000176047
0.000192055
0.000194339
0.000181786
0.000242195
0.000224865
0.000236127
0.000188669
0.000110252
3.27049e-05
5.30168e-05
0.000108835
0.000273077
0.000346228
0.000342045
0.000323577
0.000345605
0.000372744
0.000284869
0.00022721
0.000176177
0.000191605
0.000204612
0.000182937
0.000244069
0.00023858
0.0002371
0.000226939
0.00011077
3.39062e-05
5.45658e-05
0.000110351
0.000221703
0.00033262
0.000206482
0.000161196
0.00014274
0.000143336
0.000162326
0.000166787
0.000154613
0.000156069
0.000197053
0.000202404
0.000164993
0.00015901
0.000169222
0.000139987
0.000139066
0.000164544
0.000199837
0.000213759
0.00023394
0.000226132
0.000218007
0.000204786
0.000124429
0.000142977
0.000168141
0.000169291
0.000169282
0.000178615
0.000198182
0.000197046
0.000211962
0.00020071
0.00012726
0.000109076
0.000111441
0.000117978
0.000181174
0.000204308
0.000232886
0.000219838
0.000182947
0.000105441
8.17886e-05
0.000152084
0.000179024
0.000165687
0.000189397
0.000202172
0.000164266
0.000189118
0.000214831
0.000194923
0.000106999
5.8759e-05
7.14146e-05
8.11814e-05
0.000129313
0.000205343
0.000230494
0.000196091
0.000114775
6.27693e-05
0.000133869
0.000169169
0.000134658
0.000168623
0.000237209
0.000212639
0.000193102
0.000158926
0.000227801
0.00021381
7.64074e-05
1.17405e-05
4.46729e-05
3.34155e-05
0.000117204
0.000172695
0.000206971
0.000190121
9.33553e-05
9.55817e-05
0.000171293
0.000190509
0.000143669
0.000182931
0.000242882
0.000195088
0.00019415
0.000132882
0.000260148
0.000191499
1.08378e-06
7.58742e-05
4.79765e-05
2.06458e-05
0.000105957
0.000127653
0.000172739
0.000190589
0.000167545
0.000145781
0.00017024
0.000217277
0.000201476
0.000297936
0.000291612
0.000157042
0.000214097
0.000114922
0.000356959
0.000350275
2.9592e-05
0.000126982
0.000120074
5.71167e-05
7.66682e-05
9.03641e-05
0.000178736
0.00021996
0.000199854
0.000179017
0.000226498
0.000280334
0.000282863
0.000331715
0.000290867
0.000186042
0.000194686
0.000104692
0.000304758
0.000223691
0.000121877
0.000154811
0.000109516
7.10925e-05
7.09776e-05
6.76331e-05
0.000222037
0.000270218
0.000236496
0.000214012
0.00025088
0.000349025
0.000337455
0.000300845
0.000190846
0.000229027
0.000171217
9.54587e-05
0.000450701
0.000353693
0.000212733
0.000197808
0.000100764
6.38325e-05
7.23351e-05
7.64439e-05
0.000194504
0.000285948
0.000239042
0.000257909
0.000352941
0.000385566
0.000340642
0.000302728
0.000207564
0.000218695
0.000164795
0.000168028
0.00035205
0.000283237
0.000251349
0.000169876
7.79701e-05
6.0807e-05
8.39251e-05
0.000116353
0.000260173
0.000298985
0.000282088
0.00028313
0.000372944
0.000386149
0.000365461
0.000251811
0.000207543
0.000221458
0.000169145
0.00014498
0.0003632
0.00031254
0.000259808
0.00019639
7.91597e-05
8.12792e-05
8.93651e-05
0.000127937
0.000221604
0.000330235
0.000293567
0.000301194
0.000372385
0.000387609
0.000338388
0.000285012
0.000207803
0.000231732
0.000172715
0.000205369
0.000324743
0.000273974
0.000238936
0.000157664
0.000105659
8.96779e-05
7.86163e-05
9.33083e-05
0.00028874
0.000341514
0.000310094
0.000289184
0.000339954
0.000395556
0.000361525
0.00028343
0.00020782
0.000222057
0.000208766
0.000157195
0.000323559
0.00030699
0.000254221
0.00019346
0.000106938
9.07383e-05
8.87541e-05
9.51607e-05
0.000231515
0.000343008
0.000186267
0.000178848
0.000164285
0.000154345
0.000172079
0.00016351
0.000163979
0.000182162
0.000205432
0.000184488
0.00014167
0.000157594
0.000177797
0.00014696
0.000135483
0.000154569
0.000195291
0.000230433
0.000240542
0.000221387
0.000219288
0.000204532
0.000127215
0.000137268
0.000178183
0.00016934
0.000177718
0.000186228
0.000219331
0.000232491
0.000182158
0.000193118
0.000219291
0.000156093
7.52519e-05
7.59455e-05
0.000158534
0.000200618
0.00023647
0.00023252
0.000224471
0.00015155
0.000124629
0.000158669
0.000173138
0.000153425
0.000164904
0.000214972
0.000270646
0.00026116
0.000210698
0.000295358
0.000237339
4.54209e-05
-7.44925e-06
3.12134e-05
0.000136643
0.00020695
0.000237249
0.000218796
0.000195374
0.000148502
0.000149117
0.000181507
0.000175107
0.000139951
0.000202615
0.000219055
0.000274838
0.000237481
0.000210075
0.000325162
0.000141465
-2.03115e-05
-8.40734e-06
2.00813e-05
9.26327e-05
0.000174532
0.000208391
0.000218026
0.00016297
0.000156728
0.000110203
0.000159833
0.0001998
0.000183309
0.000218456
0.00026018
0.000294732
0.000114402
0.000347605
0.000307743
2.61224e-05
-4.33124e-05
1.7083e-05
3.38595e-05
6.34811e-05
0.000121564
0.000228195
0.00023731
0.00011994
0.000119442
4.17663e-05
0.000119596
0.000219867
0.000165785
0.000232041
0.000253425
0.00029838
0.000191405
0.00014719
0.000221181
-5.62424e-05
-5.26267e-05
0.000121102
7.87739e-05
7.97035e-05
9.43406e-05
0.000189873
0.000237086
0.00010744
8.35705e-05
2.82594e-05
0.000162585
0.000242406
0.00015049
0.000223003
0.000362211
0.000221463
0.000199066
0.0003242
0.000153739
-9.65584e-05
4.76636e-05
0.000163137
0.000142221
9.60883e-05
0.00011723
0.000247497
0.000181497
9.69273e-05
8.94337e-05
8.6361e-05
0.00027884
0.000229655
0.00020404
0.000219283
0.000335128
0.000259723
0.000312687
0.00024168
3.20249e-06
2.37756e-05
0.000105799
0.000152638
0.000136198
8.20554e-05
7.74191e-05
0.000254521
0.000231555
0.000143183
2.70346e-05
2.5542e-05
0.00024755
0.000170938
0.000193758
0.000216566
0.000325976
0.000249125
0.000186745
0.000271215
1.94406e-05
6.0007e-05
0.000123708
0.000134501
0.000118011
5.52766e-05
0.000103219
0.000219564
0.0001887
0.000118107
5.18328e-05
6.47834e-05
0.000224851
0.000276337
0.000196816
0.00032533
0.000325392
0.000312952
0.00033357
0.000316918
0.000159813
5.82953e-06
9.49665e-05
0.000186483
0.000156025
7.65908e-05
0.000103602
0.000229131
0.000199228
0.000163305
0.000146709
0.000120549
0.000318645
0.000280206
0.000201342
0.000237627
0.000290313
0.000251233
0.000355964
0.000244042
0.000161488
9.45669e-05
0.000102774
0.000184577
0.00011541
6.65821e-05
7.59524e-05
0.000211016
0.000235257
0.000166343
0.000137541
0.000220629
0.000316535
0.000280248
0.000202719
0.000238851
0.000288875
0.000257301
0.0002316
0.000297592
0.000233759
9.58526e-05
0.00010423
0.000120749
0.000115961
8.15459e-05
7.79374e-05
0.000189412
0.000244021
0.000187675
0.000176064
0.000155222
0.000175521
0.00017294
0.00015799
0.000172561
0.000187519
0.000188813
0.000161298
0.000131545
0.000128629
0.000148767
0.000125965
0.000131433
0.000165752
0.000175336
0.000198952
0.000211937
0.000215344
0.000214006
0.000193994
0.000157063
0.000170697
0.000177158
0.000135171
0.000140495
0.000178668
0.00019428
0.000160703
0.000126147
0.000173416
0.000203081
0.00011625
9.78522e-05
0.000109438
0.000141116
0.000198316
0.000221936
0.000235716
0.000260891
0.000218431
0.000130396
0.0001419
0.000158701
0.000100565
8.4869e-05
0.000212629
0.000259802
0.000231818
0.000170465
0.000198283
0.0002366
0.000129094
8.37867e-05
5.14866e-05
6.26679e-05
0.000150275
0.000200945
0.00024274
0.000300468
0.000240143
0.000106882
9.0964e-05
0.000113175
1.23536e-05
6.62702e-05
0.000249122
0.000281298
0.000298324
0.000164239
0.000202788
0.000195621
0.000133989
9.48817e-05
6.53195e-05
5.21279e-05
0.000128096
0.00021235
0.000269558
0.000287733
0.000235405
4.63135e-05
6.53545e-05
7.38628e-05
-5.91657e-05
0.000123718
0.000273085
0.000249196
0.000253866
0.000170183
5.41628e-05
8.43067e-06
-1.18889e-05
3.99059e-05
9.37385e-05
6.6506e-05
0.00016477
0.000201654
0.000289581
0.00029647
0.000137431
3.05304e-06
1.39441e-05
7.33121e-06
-4.95145e-05
0.000178396
0.000254871
0.000208837
0.000364703
0.000238072
-5.85983e-05
-8.38234e-05
1.43225e-05
0.000125174
0.000115438
6.63013e-05
0.000106058
0.000187524
0.00029619
0.000293155
6.22798e-05
-3.38963e-05
1.20297e-05
1.40752e-05
7.35783e-06
0.000233233
0.000230406
0.000237889
0.000401833
0.000230724
-7.38266e-05
-7.73084e-05
3.57403e-05
0.000152717
0.000109358
4.29554e-05
0.000108968
0.000182664
0.000333756
0.000235795
8.60518e-05
-5.86113e-05
2.01642e-05
8.1055e-05
0.000107945
0.000329017
0.000208752
0.000346772
0.000432294
-4.11914e-05
-0.000139449
-7.5134e-05
0.000155651
0.000178122
0.000118541
4.37367e-05
0.000132648
0.000296636
0.00038789
0.000207195
-6.44987e-07
-5.97767e-05
-8.86965e-06
0.000167944
0.000203054
0.000330886
0.000241227
0.0004189
0.000440975
6.92349e-05
-0.000128069
-1.14769e-05
0.000167511
0.000188538
0.000139753
6.538e-05
0.000210472
0.000325428
0.000405211
0.000273131
8.31168e-05
-5.60464e-05
3.01007e-05
0.000213874
0.000234692
0.000302664
0.000271662
0.000331785
0.00031015
9.24981e-06
-4.48398e-05
0.000142357
0.000208912
0.000232102
0.000120776
0.000115681
0.000277625
0.000382359
0.000387115
0.000212138
9.15408e-05
-4.57007e-05
4.17039e-05
0.000215277
0.00023129
0.000292909
0.000267427
0.000398082
0.000313439
4.42224e-05
-1.11449e-06
8.85038e-05
0.000234027
0.000223157
0.000125523
0.000122453
0.000281095
0.000380167
0.000378944
0.000272079
9.37137e-05
-4.86022e-05
4.41852e-05
0.00021454
0.000230233
0.000290459
0.00027054
0.000324976
0.000393249
0.000139822
-6.30899e-06
9.15685e-05
0.000215753
0.000239354
0.00016756
0.00010149
0.000209747
0.000378645
0.000410196
0.000189321
0.000176394
0.000159522
0.000183175
0.000181613
0.000161584
0.000161621
0.000177316
0.000165733
0.000130993
0.000114193
0.000120555
0.000131554
0.000112873
0.000133147
0.000174204
0.00017801
0.00020098
0.000212499
0.000207621
0.000214973
0.000184779
0.000168058
0.000171736
0.000179211
0.000115109
0.000123405
0.00016801
0.000173732
0.000170105
0.0001138
0.000185675
0.00017671
0.000126048
0.000138188
0.000139606
0.000134809
0.000191336
0.000210919
0.000221588
0.000271529
0.000220118
0.000162969
0.000150001
0.00015116
6.20523e-05
4.5941e-05
0.000199321
0.000253578
0.000246125
0.00020713
0.000183769
0.000198338
0.000169507
0.000150985
9.99689e-05
8.33192e-05
0.000160973
0.000203079
0.000243342
0.000337056
0.000295172
0.000110533
5.36776e-05
7.15334e-05
-0.000122677
-1.30885e-05
0.000251958
0.000265707
0.000283014
0.000156585
0.000171147
0.000186443
0.000180117
0.000177459
0.000122862
9.43176e-05
0.000125421
0.000193306
0.00026871
0.00034438
0.000281005
-2.84424e-05
1.91437e-05
-4.76513e-05
-0.00021401
0.000156743
0.000265805
0.00019592
0.0002399
0.000140271
0.000115071
8.83472e-05
8.59093e-05
0.000140239
0.000142138
0.000115317
0.000146313
0.000253679
0.000337561
0.000339764
0.000256442
-8.76625e-05
5.20581e-05
-0.000117729
-0.000145053
8.05118e-05
0.000288274
0.000179741
0.000245818
0.000146208
7.83116e-05
6.34241e-06
6.96667e-05
0.000168685
0.000133671
0.000116977
0.00016214
0.000264523
0.000336527
0.000358509
7.23951e-05
-0.000125382
4.98077e-05
-0.000105773
-2.71421e-05
0.000149431
0.000250038
0.000151411
0.000202925
0.000170926
3.54968e-05
2.35035e-05
0.000134598
0.000190909
0.000108008
8.76671e-05
0.000152201
0.000286606
0.000339145
0.000325578
0.000193531
-8.25277e-05
2.23079e-05
-3.43811e-05
7.92563e-05
0.000227461
0.000226461
0.00019258
0.000135669
3.97925e-05
7.16169e-05
0.000125494
0.000217914
0.000165355
0.000112954
4.60401e-05
0.000104561
0.000270403
0.000427211
0.000347599
7.98451e-05
-6.71431e-05
-2.80151e-05
5.45203e-05
0.000150506
0.00021641
0.000222071
0.000234539
0.000103369
4.38698e-05
0.00011041
0.000187393
0.000224599
0.000157559
0.000100017
3.24751e-05
0.000211023
0.000374134
0.000433642
0.000312607
0.000103178
-4.16545e-05
9.51144e-07
0.000129061
0.000170094
0.000201091
0.000235618
0.000249141
0.000179835
8.49257e-05
0.000116852
0.000241924
0.000239214
0.000164009
7.18821e-05
5.51866e-05
0.000246811
0.000343553
0.000405509
0.000344363
0.000111967
2.29199e-07
7.29793e-05
0.000144037
0.000151157
0.000197458
0.0002213
0.000251416
0.000197216
0.000106886
0.000150735
0.000240772
0.00022459
0.000196547
8.0242e-05
8.90718e-05
0.000250127
0.000383225
0.000398193
0.000343481
0.000205076
2.44799e-06
1.30632e-05
0.000138666
0.000151674
0.000196495
0.000220426
0.000249816
0.00020156
0.000113441
0.000134038
0.000210478
0.000238301
0.000197804
0.000117649
6.6435e-05
0.000180361
0.000340705
0.000407282
0.00020063
0.00019766
0.000193325
0.000199373
0.000190062
0.000178722
0.000160459
0.000144325
0.00012309
8.98745e-05
9.52565e-05
0.000131194
0.000105075
0.00011072
0.000165736
0.000180113
0.000185939
0.000204077
0.000217466
0.00020578
0.000187203
0.000178989
0.000172663
0.000165172
0.000154683
0.000136663
0.000118995
8.41977e-05
7.22303e-05
0.00010593
0.000132599
0.00018955
0.000161598
0.000147523
0.000189673
0.000184433
0.000149778
0.000193465
0.000243676
0.000190062
0.000195204
0.000190538
0.000174037
0.000130562
0.000146789
0.000107362
3.24057e-05
6.01061e-05
0.000169907
0.000204448
0.000144343
0.000111394
0.000178565
0.000174641
0.000218353
0.000186001
0.000123423
0.000236428
0.000197058
0.000173672
0.000190398
0.000188567
0.000125744
5.19271e-06
0.000151075
0.000102226
-3.95121e-05
0.000162269
0.00022383
0.000253099
0.000127166
3.75316e-05
0.000127438
0.000188495
0.000202406
0.000171202
0.000119552
0.0001735
0.000108873
0.000202849
0.000118246
0.000193207
8.19459e-05
-0.000114914
3.72747e-05
-1.86028e-05
-9.35708e-05
0.00012545
0.000226746
0.000296775
0.000143173
6.82056e-05
0.000118973
0.000208404
0.00023024
0.000201376
0.000128576
0.000132844
0.000110141
0.000199725
0.000130667
0.000260735
-3.35106e-05
-8.96126e-05
8.07912e-05
5.32792e-05
-8.1041e-05
4.02801e-05
0.000238467
0.000277793
0.000225839
0.000137949
0.00014067
0.00019367
0.000250086
0.000151957
0.000114282
0.000112108
0.000134975
0.000201658
0.00024795
0.000335922
-4.36763e-05
-5.46707e-05
9.99456e-05
5.92524e-05
-6.5601e-06
8.44595e-05
0.000256752
0.000266414
0.000270244
0.000187267
0.000155302
0.000196812
0.000240735
0.000131231
8.84343e-05
0.000102876
0.000141713
0.000181757
0.00036501
0.000374191
0.000173932
-3.07291e-05
6.94751e-05
3.26867e-05
7.61511e-05
0.000173064
0.000235481
0.000255947
0.00028156
0.000203576
0.000166849
0.000243188
0.000250813
0.000122148
8.51395e-05
0.000101758
0.000146632
0.000233296
0.000435328
0.000391691
0.000190619
-1.63602e-05
5.79342e-05
4.53271e-05
7.44182e-05
0.000142423
0.000220267
0.000223451
0.000265241
0.000243022
0.00017686
0.000235933
0.000237294
0.000121374
7.23458e-05
8.61137e-05
0.000169539
0.000288198
0.000459071
0.000388317
0.000191493
-3.85422e-05
5.54904e-05
6.41153e-05
8.16464e-05
0.000138601
0.000205373
0.000216537
0.000254654
0.000210787
0.000181757
0.000228312
0.000204171
0.000123809
8.82464e-05
0.00013207
0.00019834
0.00036408
0.000430872
0.000385035
0.000191424
-2.92333e-05
6.72291e-05
6.57407e-05
8.36981e-05
0.000137356
0.000203499
0.000215484
0.00024374
0.000209223
0.000183249
0.000225828
0.000201806
0.000154603
9.03126e-05
0.000104386
0.000200281
0.000365535
0.00043136
0.000455332
0.000191236
-2.66632e-05
5.69982e-05
6.70199e-05
8.44184e-05
0.000137169
0.000203175
0.000215416
0.000242588
0.000231984
0.000183607
0.000209125
0.00022298
0.00015424
9.05594e-05
0.000104985
0.000199876
0.00032575
0.000206355
0.000203398
0.000196484
0.000183487
0.000186381
0.000178206
0.000127382
0.000129179
0.000132353
0.000133102
0.000139943
0.000146988
0.000125396
0.000110302
0.000157046
0.000182299
0.000190972
0.000194323
0.000218301
0.000213133
0.000183448
0.000176733
0.000178786
0.000167177
0.000161294
0.000165513
0.000114816
3.07281e-05
6.19273e-05
0.000172565
0.000195397
0.000197524
0.000163429
0.00017513
0.000194172
0.000181482
0.000163575
0.000197116
0.000257451
0.000225007
0.000136305
0.000151741
0.000167218
0.000131976
0.000118003
9.35135e-05
1.27038e-05
-6.167e-05
3.91931e-05
0.000201311
0.000205526
0.000182523
0.000180799
0.00021682
0.000203368
0.000111481
0.000103245
0.000243176
0.00028044
0.000175306
3.35613e-05
0.000269338
0.000127564
-4.44404e-05
-1.88601e-05
-2.42459e-06
-4.01634e-05
-5.78025e-05
0.000135404
0.000216966
0.000111568
0.000131499
0.000203574
0.000243393
0.000109883
6.41792e-05
7.92031e-05
0.000209467
0.000219143
0.00012458
-9.17511e-05
0.000252683
0.000257706
-0.000143688
-1.44659e-05
2.53342e-05
-3.50617e-05
-3.64721e-05
0.000121191
0.000254996
7.47783e-05
6.9112e-05
0.000243583
0.000250714
0.000134855
0.000127604
8.66698e-05
0.000153039
0.000211845
0.000105167
8.84013e-05
0.000466736
0.000279903
-0.000102976
3.15734e-06
5.34315e-05
-2.66317e-05
-4.50522e-05
0.000270416
0.000231696
5.15232e-05
0.000113161
0.000195531
0.000245417
0.000193844
0.000117351
9.7e-05
0.000133277
0.000206493
9.3863e-05
0.000112575
0.000566024
0.000302805
-4.24347e-05
5.36712e-05
6.80601e-05
1.10438e-05
2.74607e-05
0.000256066
0.00014553
8.11576e-05
0.00010741
0.000193387
0.000207405
0.000169173
9.75428e-05
0.000130251
0.000159854
0.00015581
3.15109e-05
0.000559007
0.000591131
0.000141309
1.93904e-05
8.29069e-05
7.37781e-05
-1.51716e-05
5.26523e-05
0.00023268
0.000151839
9.49609e-05
0.000134121
0.00016281
0.000203334
0.00019486
0.000151339
0.000150807
0.000160606
8.71075e-05
6.70812e-05
0.000630502
0.000584039
0.000322673
3.52192e-05
0.000103274
8.57153e-05
3.29899e-05
6.99857e-05
0.000212734
0.000157548
0.000116797
0.000145633
0.000177792
0.000199701
0.000195173
0.000172817
0.000154311
0.000124735
5.86746e-05
0.000161813
0.000623743
0.000650371
0.000173699
5.8114e-05
9.47382e-05
9.47808e-05
4.75653e-05
8.11919e-05
0.000196794
0.000163924
0.000135842
0.000157896
0.000170442
0.000192406
0.000195737
0.000177492
0.000147758
0.000107261
7.90568e-05
0.000306627
0.000519549
0.000547589
0.000322801
6.2168e-05
0.000104234
9.53027e-05
3.31079e-05
4.39458e-05
0.000191919
0.000165123
0.000141054
0.000161563
0.00017213
0.000197989
0.000186129
0.000177156
0.000159574
0.000125061
8.77171e-05
0.000308637
0.000518196
0.000631029
0.000322257
6.60225e-05
9.36287e-05
9.49313e-05
5.15069e-05
4.5567e-05
0.000162276
0.000185702
0.000141996
0.000154616
0.000172448
0.000191861
0.0001955
0.000177093
0.000158969
0.00012481
8.98428e-05
0.000222705
0.000194132
0.000210519
0.000201092
0.000168684
0.000187946
0.000165621
0.00012946
0.000122361
0.000117894
0.000134436
0.000147587
0.000154251
0.000135882
0.000125943
0.000167424
0.000190229
0.000194071
0.000209423
0.000218503
0.000209411
0.000184285
0.000188728
0.000177362
0.00016745
0.000165479
0.000167695
0.000108256
2.5521e-05
8.95372e-05
0.000161332
0.00019742
0.000181125
0.000159967
0.000166926
0.000176483
0.000168344
0.000168825
0.000198537
0.000255491
0.000203369
0.000156876
0.000202105
0.000206858
0.000168032
0.00013803
0.000103763
-1.06189e-05
-6.30009e-05
5.92238e-05
0.000176306
0.000207849
0.000190673
0.000171344
0.000221127
0.000152616
9.22186e-05
0.000120243
0.000219289
0.000260118
0.000154998
0.000127317
0.000359583
0.000321997
6.00055e-05
4.82426e-05
1.2972e-05
-2.9617e-05
-9.23561e-05
8.87599e-05
0.000208868
0.000191146
0.000157711
0.000194014
0.000217111
0.000112098
4.63364e-05
0.000102963
0.000189631
0.000204655
0.000122865
7.18761e-05
0.000482602
0.000384924
2.65651e-05
2.34597e-05
3.78257e-05
-5.73334e-05
-9.19387e-05
2.0213e-05
0.000192596
0.000145135
0.000136903
0.000161337
0.000159069
9.3797e-05
0.000124219
0.000130133
0.000111165
0.000185414
0.000138484
0.000146805
0.00054785
0.000407807
1.14984e-05
4.33767e-05
5.12572e-05
-5.85627e-05
-0.000112915
0.000146892
0.000173924
8.92889e-05
0.000144469
0.000196872
0.000171876
0.000135546
0.000113505
0.000100589
0.000111209
0.000155334
0.000165606
0.000354105
0.000635847
0.000268486
9.01266e-05
8.39969e-05
8.48158e-05
2.26232e-06
-8.46983e-05
0.000167923
0.000155983
5.36205e-05
0.00015092
0.000164131
0.000151761
0.000163596
0.000114713
0.000128404
0.000139166
0.000123071
0.00014919
0.000317422
0.000720092
0.000274959
9.21082e-05
0.000114184
7.09945e-05
-1.8537e-05
1.20967e-05
0.000127697
9.46752e-05
7.2222e-05
0.00012372
0.00015456
0.000164226
0.000171115
0.000157706
0.000165784
0.000146894
3.8583e-05
0.000136797
0.000590551
0.000753618
0.000428267
0.000128792
0.000117021
0.000101113
3.70604e-05
6.458e-07
0.000164183
0.000143511
6.25329e-05
0.000127975
0.00016496
0.000171931
0.000175589
0.000180384
0.000161952
0.000106697
3.97126e-05
0.000153762
0.000619219
0.000643161
0.000412557
0.000135776
0.000110947
8.79107e-05
2.61682e-05
2.21106e-05
0.000128545
0.000146545
9.30866e-05
0.000166432
0.000177529
0.000178939
0.000180068
0.000184665
0.000158058
8.8967e-05
3.27625e-05
9.26988e-05
0.000613481
0.000623864
0.000405934
0.000137343
0.000114699
0.000105467
3.1329e-05
2.84318e-05
0.000128806
0.000149121
0.000104338
0.000155505
0.000180348
0.000180367
0.000180868
0.00017845
0.000176151
0.000118707
4.14313e-05
0.000108132
0.000466643
0.000693817
0.000404094
0.000137681
0.000110462
0.000105276
5.5074e-05
2.97975e-05
0.000128642
0.000149125
0.000106408
0.000156535
0.00018077
0.000180515
0.00018098
0.000178803
0.000175925
0.000119224
4.50542e-05
0.000112903
0.000180365
0.00015472
0.000162269
0.000159787
0.000163164
0.000193175
0.000188292
9.34842e-05
8.51616e-05
0.000109367
0.000139887
0.00016285
0.000156895
0.00017263
0.000188872
0.000194433
0.00018811
0.000210997
0.000217612
0.000203975
0.000187445
0.000158992
0.00014639
0.000180691
0.000174812
0.000200712
7.08254e-05
2.04968e-05
9.55216e-05
0.000155656
0.000153715
0.000148481
0.000142413
0.000160783
0.000191391
0.000185889
0.000180225
0.000197199
0.000232475
0.000231227
0.000143862
0.000203846
0.0002279
0.000265984
0.000183426
0.000166359
8.42062e-05
-1.50561e-06
8.99567e-05
0.000145896
0.000159098
0.000146684
0.000132307
0.00018687
0.000185495
0.00015154
0.000161226
0.000206064
0.000206668
0.000161086
0.00015672
0.000270505
0.000276692
0.000195518
0.00020016
0.000114701
2.07097e-05
2.08768e-05
0.00010907
0.000162229
0.000155398
0.000137607
0.000159842
0.000221142
0.000149037
0.000156189
0.00014715
0.000151074
0.000160458
0.000144877
0.000110715
0.000329525
0.000333952
0.000172652
0.000155853
0.000136644
4.59446e-05
1.75819e-05
9.27605e-05
0.000151656
0.000166833
0.0001303
0.000166933
0.000123504
0.000118055
0.000124797
0.000121235
0.000124618
0.000129388
0.000177827
0.000125692
0.000332685
0.000421075
0.000192014
0.000129332
0.000115156
4.68788e-05
-3.48341e-05
0.000128049
0.000169167
0.00012989
0.000105447
0.000125653
8.70067e-05
0.000127408
0.000130113
0.000105769
8.71537e-05
0.00015193
0.000205382
0.000205569
0.000357184
0.00041997
0.000203131
0.000145431
0.000105222
5.97687e-05
7.16246e-05
7.86862e-05
0.000158821
0.000124558
0.000122953
0.000136018
0.000154311
0.000178986
0.000146055
9.74451e-05
8.50861e-05
0.000143884
0.000237742
0.000155497
0.000428002
0.000364613
0.000218377
0.000131009
0.000113028
5.75477e-05
7.87929e-05
0.000139072
0.000139135
0.000123701
0.000166009
0.000176059
0.000157343
0.000187138
0.000163924
0.000143397
0.000109311
0.000188349
0.00021604
0.000228579
0.000379765
0.000309348
0.000193335
0.000131232
0.00011038
8.05007e-05
7.24892e-05
0.000143878
0.00014044
0.000150288
0.000217545
0.00022911
0.000161939
0.00019524
0.00019475
0.000190053
0.000124603
0.000279367
0.000205393
0.000206075
0.000403088
0.000303183
0.000155531
0.00012462
0.000110671
6.64952e-05
9.26136e-05
0.000107576
0.000143763
0.000166219
0.000253199
0.000206188
0.000179566
0.000198988
0.000217549
0.000192962
0.000138003
0.000166076
0.000311792
0.000204511
0.000309912
0.00035645
0.000188489
0.000121412
0.000101445
8.15112e-05
8.21869e-05
0.000132978
0.000150399
0.000196625
0.000250069
0.000205531
0.000162651
0.0002079
0.000214269
0.000212527
0.000143296
0.000219898
0.000210352
0.000229609
0.00040607
0.000377235
0.000189012
0.000124806
0.000111702
8.17374e-05
6.11127e-05
0.000111896
0.000148655
0.000170328
0.000239306
0.000228327
0.000178144
0.000196683
0.000203245
0.000206471
0.00015583
0.000174446
0.000232036
0.000146735
0.000140716
0.000183148
0.000217916
0.000197112
0.000194974
0.000156692
3.68994e-05
2.48447e-05
0.000147569
0.000171728
0.000156043
0.000139263
0.000181205
0.000202299
0.000208262
0.00020104
0.000202306
0.000195852
0.000178613
0.000136955
8.26847e-05
0.000132027
0.000215707
0.000185252
0.000169836
5.49019e-05
-5.25546e-05
5.59725e-05
0.000112339
0.000137209
8.07839e-05
9.26724e-05
0.000162259
0.000196621
0.000213713
0.000181125
0.000181771
0.000200271
0.000235507
0.000191604
3.63218e-05
0.000163295
0.000285638
0.000211952
0.00015659
-2.68669e-05
-6.06892e-05
9.36258e-05
0.000130023
0.000132609
8.82191e-05
7.749e-05
0.000107041
0.000200983
0.000194402
0.000170372
0.000169524
0.000185938
0.000310265
-7.90505e-05
-7.55216e-06
0.00028168
0.000301484
0.000210269
0.000126956
3.66079e-05
6.67325e-05
0.000103327
0.00011623
0.00013993
0.000104095
4.08326e-05
0.000155753
0.000201936
0.000208861
0.000164293
0.000151376
0.00020062
0.000401834
-9.43254e-05
7.31487e-05
0.000276141
0.000245726
0.000189143
9.26659e-05
3.42896e-05
0.000108046
0.00012458
0.000123288
0.000165501
7.04514e-05
0.00012425
0.000193305
0.000218037
0.000188004
0.00015915
0.000134607
0.000339579
0.000376703
-1.00476e-05
0.000119836
0.000305587
0.000274361
0.000177371
9.30658e-05
5.72195e-05
0.000100079
0.000134128
0.000142183
0.00018282
0.000125989
0.00015929
0.000213877
0.000238735
0.000192753
0.000156868
0.000120692
0.000226022
0.000299841
4.84355e-05
0.000214478
0.000302738
0.000242104
0.000174452
8.416e-05
7.07073e-05
0.000108813
0.00013634
0.00017433
0.000200954
8.97136e-05
8.75885e-05
0.000234705
0.000233888
0.000182087
0.000170733
0.000112855
0.000293539
0.000201946
0.000106966
0.000146159
0.000300341
0.00024806
0.000144424
9.81546e-05
7.41397e-05
8.06978e-05
0.000133352
0.000178915
0.000202587
0.000109555
3.34207e-05
0.000234744
0.000250712
0.000205779
0.000215003
0.000118571
0.000228603
0.000301482
0.000111141
0.000156678
0.000291067
0.000291212
0.000145512
0.000113748
6.31138e-05
9.03871e-05
0.00013309
0.000157293
0.000198345
0.000103621
2.51421e-05
0.000241326
0.000247514
0.000239949
0.000192704
0.000103084
0.000249024
0.000330046
0.000133742
0.000163828
0.00028118
0.000245691
0.000173756
0.000108634
6.29458e-05
9.02048e-05
0.000137635
0.000188922
0.000191439
0.000118557
9.53093e-05
0.00020348
0.00027107
0.000258571
0.000225311
0.000112283
0.000265585
0.000290804
0.000168821
0.000168638
0.000281048
0.000281664
0.000141081
0.000108391
6.43738e-05
7.27872e-05
0.000140665
0.000192473
0.000209202
8.23618e-05
6.98626e-05
0.000206425
0.000262776
0.00025743
0.000223514
0.000133338
0.000348531
0.000351665
0.000170122
0.000170069
0.000281385
0.000280557
0.000172258
0.00010807
6.44275e-05
7.27437e-05
0.000121165
0.000171263
0.000209076
0.000129705
7.41045e-05
0.000207037
0.000269021
0.000256964
0.000223139
0.000120753
0.000265972
0.000350517
0.000185019
0.000190333
0.000213757
0.000245843
0.000203911
0.000173089
8.10174e-05
-1.79598e-06
8.24879e-05
0.000187025
0.000191077
0.000130856
0.000135737
0.000157792
0.000203952
0.000207223
0.000206423
0.000218372
0.000187855
0.000178217
0.000155169
0.000117149
0.000142583
0.000228118
0.000180517
9.9451e-05
2.74329e-05
-4.38118e-05
6.89279e-05
0.000129248
0.000118635
1.89603e-05
0.000103647
0.000161043
0.000202423
0.000220379
0.000185661
0.000178429
0.000175652
0.000219106
0.000222505
-6.016e-05
0.000242146
0.000288021
0.000164852
0.000113528
-1.61124e-05
-7.96315e-05
9.39891e-05
0.000137928
0.000116201
4.84798e-05
9.59433e-05
0.000146735
0.000224432
0.000205131
0.00017959
0.000136455
0.000146128
0.000353662
-4.82847e-05
-9.87319e-05
0.000241682
0.00025103
0.00018885
3.9618e-05
-2.62884e-05
-3.00889e-06
8.4436e-05
0.000122603
0.000119916
0.000107168
7.55338e-05
0.000151401
0.00022477
0.000234881
0.000176695
0.000102081
0.000181846
0.000480158
-4.87048e-05
9.04923e-05
0.000196317
0.000257152
0.000177548
7.18764e-05
1.11974e-05
6.71949e-05
9.26343e-05
0.000115725
0.000171338
0.000111759
0.000106942
0.000207275
0.000209125
0.000230179
0.000192637
0.000111508
0.000221842
0.000418257
3.75238e-05
0.000186973
0.000272455
0.000271903
0.000138953
5.50664e-05
4.64011e-05
0.000101673
0.000110273
0.000145405
0.000189852
0.000111374
0.00012061
0.000242822
0.000229589
0.000203724
0.000175906
0.000134926
0.000220158
0.000292658
9.15662e-05
0.000144799
0.000305152
0.000293067
0.000180577
6.16114e-05
4.98196e-05
0.000104497
0.000113241
0.000177716
0.000212516
0.000128156
0.000137115
0.000282594
0.000234212
0.000181443
0.000174606
0.000142669
0.00027906
0.000254681
0.000127482
0.000139167
0.000281813
0.000301656
0.000135579
6.02483e-05
5.64703e-05
9.08404e-05
0.000117681
0.000178246
0.000212284
0.000107682
0.000144073
0.000282524
0.000258174
0.000214206
0.000187852
0.000149523
0.000247009
0.000227397
0.000107025
0.000178856
0.000306955
0.000309164
0.000184802
5.45252e-05
3.78964e-05
5.85223e-05
0.000120211
0.000180611
0.000206422
0.000137831
0.000154591
0.000295959
0.000231156
0.000237303
0.000228808
0.000160382
0.000264557
0.000290353
0.000106277
0.000166028
0.000258342
0.000302717
0.000178952
5.38427e-05
3.63433e-05
6.93615e-05
0.00010695
0.000172031
0.000223156
0.000156822
0.000153314
0.000262555
0.000255323
0.000235685
0.00022639
0.000167954
0.000261787
0.000246466
0.000140759
0.000168929
0.000257655
0.000296791
0.000130749
7.88779e-05
3.91387e-05
7.05979e-05
0.000139302
0.000204763
0.000228536
0.000168086
0.000195084
0.000271256
0.000239144
0.000236875
0.000225937
0.000155443
0.000308511
0.000247754
0.000141869
0.000123845
0.000257855
0.000295256
0.00017672
7.94509e-05
4.00554e-05
5.2082e-05
0.000112995
0.000179232
0.000229181
0.000170734
0.000158116
0.000253843
0.000254546
0.000237248
0.000225878
0.000156178
0.000257516
0.000294446
0.000163538
0.000198934
0.00023798
0.000232581
0.000167973
0.00013936
8.43004e-05
6.31871e-05
0.000191108
0.000271332
0.000234531
9.92026e-05
0.000123915
0.000171835
0.000181374
0.000197079
0.00021051
0.000222787
0.000209636
0.000188205
0.000193887
0.000186645
0.000212476
0.000239456
0.000158874
8.63271e-05
-1.08587e-05
-3.61871e-05
0.000128809
0.000175224
0.000124759
-4.59056e-05
7.45632e-05
0.000143595
0.0001995
0.000226156
0.00022684
0.000225569
0.000212584
0.000209156
0.000234407
0.000117906
0.000219408
0.000173568
0.00012863
2.88552e-06
-0.00011014
1.31406e-05
0.0001105
0.000177485
9.6704e-05
6.29198e-05
0.000105455
0.000165771
0.000226194
0.000273015
0.00022979
8.67499e-05
4.83267e-05
0.000136362
0.000330637
5.91272e-05
0.000153645
0.000215145
0.000134671
-7.00377e-05
-7.44553e-05
1.05407e-05
0.00016869
0.000265488
0.000216038
0.000228176
0.000128162
0.000123457
0.000223463
0.000247823
0.000155836
7.08173e-05
0.000112291
0.000279788
0.000134119
5.71012e-05
0.000195817
0.000258748
-2.97724e-05
-3.57774e-05
-2.98519e-05
6.47824e-05
0.000153075
0.000269354
0.000250929
0.000229887
8.23169e-05
0.000156469
0.000220684
0.000181934
0.000129309
0.000113838
0.000155659
0.000310434
0.000108586
6.75667e-05
0.000176653
0.000258962
0.000121491
3.75168e-05
6.52066e-05
9.1067e-05
0.000171017
0.000257017
0.000248557
0.000103189
6.86399e-05
0.000121729
0.000189344
0.0001878
0.000158484
0.000141918
0.000188364
0.000262016
0.000105488
9.2698e-05
0.000121975
0.00023625
0.00010829
6.4323e-05
7.58377e-05
9.47629e-05
0.00018604
0.000181871
0.000218884
7.58008e-05
0.000113076
0.000200654
0.000218377
0.000198558
0.000178939
0.000161741
0.000224414
0.000245843
0.000127764
0.000122854
0.00022455
0.000187657
7.79906e-05
6.66562e-05
9.59331e-05
0.000136454
0.000131877
0.00010409
0.000195106
0.000157891
0.000195353
0.000245221
0.000235063
0.000217796
0.000187779
0.000156479
0.000191431
0.000239252
0.000115316
0.000104519
0.000207845
0.000179791
8.78996e-05
6.87129e-05
7.84778e-05
0.000119108
9.01281e-05
9.44358e-05
0.000220055
0.000282142
0.000261063
0.000258967
0.000223123
0.000221448
0.000193235
0.000154256
0.00019204
0.000208553
0.000119404
0.000153067
0.000221197
0.000195487
0.000127205
6.35588e-05
8.73668e-05
0.000131032
8.35861e-05
0.000103899
0.000273
0.000338886
0.000306926
0.000265611
0.000246119
0.000212665
0.000194539
0.00014646
0.000229141
0.000237899
0.000151563
0.000135227
0.000255227
0.000251717
0.000140252
6.38285e-05
9.91065e-05
9.77002e-05
8.17179e-05
0.000114446
0.000289268
0.00037595
0.000308664
0.000257705
0.000230328
0.000228212
0.000213402
0.000161219
0.00022082
0.000219637
0.00015214
0.000123799
0.000221865
0.000251333
0.000140601
6.64702e-05
8.78141e-05
9.74038e-05
8.752e-05
0.000117722
0.00029153
0.000366448
0.000307894
0.00027117
0.00024332
0.00022763
0.000211592
0.000148988
0.000199442
0.000240308
0.0001124
0.000133688
0.000174148
0.000200046
0.000163541
0.000117629
8.54465e-05
0.000138305
0.000215909
0.000258588
0.00015465
7.48959e-05
0.000112938
0.000161008
0.000173019
0.000178632
0.000190317
0.000204979
0.000203636
0.000170969
0.000107025
0.000129739
0.000196406
0.000217986
0.000162735
9.92815e-05
2.05068e-05
6.47887e-05
0.000154119
0.000120742
0.000123836
-2.28334e-05
4.75328e-06
0.000147787
0.00018068
0.000205811
0.000200552
0.000210484
0.000229947
0.000204602
0.000117093
0.000124989
0.000212433
0.000193663
5.83401e-05
3.13643e-05
1.77317e-05
0.000130598
0.000166213
0.000207954
0.00020252
0.000129592
7.76467e-05
0.000157822
0.000173655
0.00022218
0.000189742
0.000170889
0.000309883
0.00019114
0.000135884
0.000127123
0.000215495
0.000125625
-5.36443e-05
-3.20139e-05
2.17257e-05
0.000137654
0.000225417
0.000253449
0.000264056
0.000229572
0.00018657
0.000153182
0.000101337
0.000142955
1.66189e-05
0.000129797
0.000314039
0.000237902
0.000142945
0.000109603
0.000180832
0.000153163
-6.10422e-05
-8.29158e-05
2.6301e-05
0.000123749
0.000274023
0.000298262
0.000235994
0.000223207
0.000249354
0.000164199
2.73148e-05
9.67112e-05
0.000122308
0.000240519
0.000242532
0.000225978
8.81188e-05
4.82873e-05
0.000174539
7.29006e-05
-4.51277e-05
-1.89056e-05
3.50928e-05
0.000252651
0.000337371
0.00030547
0.000185834
0.00029394
0.000312281
0.000101044
-1.76089e-05
0.000140121
0.000239425
0.000252495
0.000170564
0.000236044
0.000185536
9.30681e-05
0.000174605
9.56875e-05
-5.36439e-06
-5.70772e-05
4.14708e-05
0.000246343
0.0003039
0.00020187
0.000172605
0.000257894
0.000277098
0.000169633
7.31456e-05
8.89314e-05
0.000245465
0.000207838
0.000186735
0.000274614
0.000162543
0.000123834
0.000161066
0.00017306
-3.05149e-05
-3.3848e-05
8.03946e-05
0.000206274
0.000236384
0.000201157
0.000185879
0.000304101
0.000295379
0.000218339
0.000126801
0.000138657
0.000219465
0.000201363
0.00022694
0.000264435
0.000174237
0.0001488
0.000180378
0.000178809
-4.53045e-06
-3.58308e-05
4.48842e-05
0.00017909
0.000193445
0.000174088
0.000211492
0.00030632
0.000341849
0.000277358
0.000148256
0.000142131
0.000233421
0.000192402
0.0002144
0.000243981
0.000201385
0.000163578
0.000188312
0.000184885
7.20279e-05
1.90299e-05
6.01877e-05
0.000157217
0.000171829
0.000181045
0.000234209
0.000349252
0.000335793
0.000282449
0.00016404
0.000121652
0.000202884
0.000200943
0.000183474
0.000231516
0.00020051
0.000165597
0.000189082
0.000184231
4.60203e-05
2.29413e-05
6.38911e-05
0.000132089
0.000166288
0.000169113
0.000244023
0.000357236
0.000361176
0.000282565
0.000167809
0.000126141
0.000200042
0.000181229
0.000201077
0.000226633
0.000200168
0.000166003
0.000188734
0.000183176
8.15057e-05
2.62048e-05
6.48568e-05
0.000131114
0.000164837
0.000168343
0.000245153
0.000357926
0.000360874
0.000282266
0.000168302
0.000127163
0.000199482
0.000195875
0.000181749
0.000225531
)
;

boundaryField
{
    bottomWall
    {
        type            zeroGradient;
    }
    topWall
    {
        type            zeroGradient;
    }
    sides1_half0
    {
        type            cyclic;
    }
    sides1_half1
    {
        type            cyclic;
    }
    sides2_half0
    {
        type            cyclic;
    }
    sides2_half1
    {
        type            cyclic;
    }
    inout1_half0
    {
        type            cyclic;
    }
    inout1_half1
    {
        type            cyclic;
    }
    inout2_half0
    {
        type            cyclic;
    }
    inout2_half1
    {
        type            cyclic;
    }
}


// ************************************************************************* //
