/*--------------------------------*- C++ -*----------------------------------*\
| =========                 |                                                 |
| \\      /  F ield         | OpenFOAM: The Open Source CFD Toolbox           |
|  \\    /   O peration     | Version:  5.0                                   |
|   \\  /    A nd           | Web:      www.OpenFOAM.org                      |
|    \\/     M anipulation  |                                                 |
\*---------------------------------------------------------------------------*/
FoamFile
{
    version     2.0;
    format      ascii;
    class       faceList;
    location    "constant/polyMesh";
    object      faces;
}
// * * * * * * * * * * * * * * * * * * * * * * * * * * * * * * * * * * * * * //


321
(
4(4 5 7 6)
4(8 9 11 10)
4(12 13 15 14)
4(16 17 19 18)
4(20 21 23 22)
4(24 25 27 26)
4(28 29 31 30)
4(32 33 35 34)
4(36 37 39 38)
4(40 41 43 42)
4(44 45 47 46)
4(48 49 51 50)
4(52 53 55 54)
4(56 57 59 58)
4(60 61 63 62)
4(64 65 67 66)
4(68 69 71 70)
4(72 73 75 74)
4(76 77 79 78)
4(80 81 83 82)
4(84 85 87 86)
4(88 89 91 90)
4(92 93 95 94)
4(96 97 99 98)
4(100 101 103 102)
4(104 105 107 106)
4(108 109 111 110)
4(112 113 115 114)
4(116 117 119 118)
4(120 121 123 122)
4(124 125 127 126)
4(128 129 131 130)
4(132 133 135 134)
4(136 137 139 138)
4(140 141 143 142)
4(144 145 147 146)
4(148 149 151 150)
4(152 153 155 154)
4(156 157 159 158)
4(160 161 163 162)
4(164 165 167 166)
4(168 169 171 170)
4(172 173 175 174)
4(176 177 179 178)
4(180 181 183 182)
4(184 185 187 186)
4(188 189 191 190)
4(192 193 195 194)
4(196 197 199 198)
4(200 201 203 202)
4(204 205 207 206)
4(208 209 211 210)
4(212 213 215 214)
4(216 217 219 218)
4(220 221 223 222)
4(224 225 227 226)
4(228 229 231 230)
4(232 233 235 234)
4(236 237 239 238)
4(240 241 243 242)
4(244 245 247 246)
4(248 249 251 250)
4(252 253 255 254)
4(0 4 6 2)
4(4 8 10 6)
4(8 12 14 10)
4(12 16 18 14)
4(16 20 22 18)
4(20 24 26 22)
4(24 28 30 26)
4(28 32 34 30)
4(32 36 38 34)
4(36 40 42 38)
4(40 44 46 42)
4(44 48 50 46)
4(48 52 54 50)
4(52 56 58 54)
4(56 60 62 58)
4(60 64 66 62)
4(64 68 70 66)
4(68 72 74 70)
4(72 76 78 74)
4(76 80 82 78)
4(80 84 86 82)
4(84 88 90 86)
4(88 92 94 90)
4(92 96 98 94)
4(96 100 102 98)
4(100 104 106 102)
4(104 108 110 106)
4(108 112 114 110)
4(112 116 118 114)
4(116 120 122 118)
4(120 124 126 122)
4(124 128 130 126)
4(128 132 134 130)
4(132 136 138 134)
4(136 140 142 138)
4(140 144 146 142)
4(144 148 150 146)
4(148 152 154 150)
4(152 156 158 154)
4(156 160 162 158)
4(160 164 166 162)
4(164 168 170 166)
4(168 172 174 170)
4(172 176 178 174)
4(176 180 182 178)
4(180 184 186 182)
4(184 188 190 186)
4(188 192 194 190)
4(192 196 198 194)
4(196 200 202 198)
4(200 204 206 202)
4(204 208 210 206)
4(208 212 214 210)
4(212 216 218 214)
4(216 220 222 218)
4(220 224 226 222)
4(224 228 230 226)
4(228 232 234 230)
4(232 236 238 234)
4(236 240 242 238)
4(240 244 246 242)
4(244 248 250 246)
4(248 252 254 250)
4(252 256 258 254)
4(1 3 7 5)
4(5 7 11 9)
4(9 11 15 13)
4(13 15 19 17)
4(17 19 23 21)
4(21 23 27 25)
4(25 27 31 29)
4(29 31 35 33)
4(33 35 39 37)
4(37 39 43 41)
4(41 43 47 45)
4(45 47 51 49)
4(49 51 55 53)
4(53 55 59 57)
4(57 59 63 61)
4(61 63 67 65)
4(65 67 71 69)
4(69 71 75 73)
4(73 75 79 77)
4(77 79 83 81)
4(81 83 87 85)
4(85 87 91 89)
4(89 91 95 93)
4(93 95 99 97)
4(97 99 103 101)
4(101 103 107 105)
4(105 107 111 109)
4(109 111 115 113)
4(113 115 119 117)
4(117 119 123 121)
4(121 123 127 125)
4(125 127 131 129)
4(129 131 135 133)
4(133 135 139 137)
4(137 139 143 141)
4(141 143 147 145)
4(145 147 151 149)
4(149 151 155 153)
4(153 155 159 157)
4(157 159 163 161)
4(161 163 167 165)
4(165 167 171 169)
4(169 171 175 173)
4(173 175 179 177)
4(177 179 183 181)
4(181 183 187 185)
4(185 187 191 189)
4(189 191 195 193)
4(193 195 199 197)
4(197 199 203 201)
4(201 203 207 205)
4(205 207 211 209)
4(209 211 215 213)
4(213 215 219 217)
4(217 219 223 221)
4(221 223 227 225)
4(225 227 231 229)
4(229 231 235 233)
4(233 235 239 237)
4(237 239 243 241)
4(241 243 247 245)
4(245 247 251 249)
4(249 251 255 253)
4(253 255 259 257)
4(256 257 259 258)
4(0 2 3 1)
4(0 1 5 4)
4(4 5 9 8)
4(8 9 13 12)
4(12 13 17 16)
4(16 17 21 20)
4(20 21 25 24)
4(24 25 29 28)
4(28 29 33 32)
4(32 33 37 36)
4(36 37 41 40)
4(40 41 45 44)
4(44 45 49 48)
4(48 49 53 52)
4(52 53 57 56)
4(56 57 61 60)
4(60 61 65 64)
4(64 65 69 68)
4(68 69 73 72)
4(72 73 77 76)
4(76 77 81 80)
4(80 81 85 84)
4(84 85 89 88)
4(88 89 93 92)
4(92 93 97 96)
4(96 97 101 100)
4(100 101 105 104)
4(104 105 109 108)
4(108 109 113 112)
4(112 113 117 116)
4(116 117 121 120)
4(120 121 125 124)
4(124 125 129 128)
4(128 129 133 132)
4(132 133 137 136)
4(136 137 141 140)
4(140 141 145 144)
4(144 145 149 148)
4(148 149 153 152)
4(152 153 157 156)
4(156 157 161 160)
4(160 161 165 164)
4(164 165 169 168)
4(168 169 173 172)
4(172 173 177 176)
4(176 177 181 180)
4(180 181 185 184)
4(184 185 189 188)
4(188 189 193 192)
4(192 193 197 196)
4(196 197 201 200)
4(200 201 205 204)
4(204 205 209 208)
4(208 209 213 212)
4(212 213 217 216)
4(216 217 221 220)
4(220 221 225 224)
4(224 225 229 228)
4(228 229 233 232)
4(232 233 237 236)
4(236 237 241 240)
4(240 241 245 244)
4(244 245 249 248)
4(248 249 253 252)
4(252 253 257 256)
4(2 6 7 3)
4(6 10 11 7)
4(10 14 15 11)
4(14 18 19 15)
4(18 22 23 19)
4(22 26 27 23)
4(26 30 31 27)
4(30 34 35 31)
4(34 38 39 35)
4(38 42 43 39)
4(42 46 47 43)
4(46 50 51 47)
4(50 54 55 51)
4(54 58 59 55)
4(58 62 63 59)
4(62 66 67 63)
4(66 70 71 67)
4(70 74 75 71)
4(74 78 79 75)
4(78 82 83 79)
4(82 86 87 83)
4(86 90 91 87)
4(90 94 95 91)
4(94 98 99 95)
4(98 102 103 99)
4(102 106 107 103)
4(106 110 111 107)
4(110 114 115 111)
4(114 118 119 115)
4(118 122 123 119)
4(122 126 127 123)
4(126 130 131 127)
4(130 134 135 131)
4(134 138 139 135)
4(138 142 143 139)
4(142 146 147 143)
4(146 150 151 147)
4(150 154 155 151)
4(154 158 159 155)
4(158 162 163 159)
4(162 166 167 163)
4(166 170 171 167)
4(170 174 175 171)
4(174 178 179 175)
4(178 182 183 179)
4(182 186 187 183)
4(186 190 191 187)
4(190 194 195 191)
4(194 198 199 195)
4(198 202 203 199)
4(202 206 207 203)
4(206 210 211 207)
4(210 214 215 211)
4(214 218 219 215)
4(218 222 223 219)
4(222 226 227 223)
4(226 230 231 227)
4(230 234 235 231)
4(234 238 239 235)
4(238 242 243 239)
4(242 246 247 243)
4(246 250 251 247)
4(250 254 255 251)
4(254 258 259 255)
)


// ************************************************************************* //
