/*--------------------------------*- C++ -*----------------------------------*\
| =========                 |                                                 |
| \\      /  F ield         | OpenFOAM: The Open Source CFD Toolbox           |
|  \\    /   O peration     | Version:  5.0                                   |
|   \\  /    A nd           | Web:      www.OpenFOAM.org                      |
|    \\/     M anipulation  |                                                 |
\*---------------------------------------------------------------------------*/
FoamFile
{
    version     2.0;
    format      ascii;
    class       vectorField;
    location    "constant/polyMesh";
    object      points;
}
// * * * * * * * * * * * * * * * * * * * * * * * * * * * * * * * * * * * * * //


260
(
(-0.0003 0 0.0003)
(0.0003 0 0.0003)
(-0.0003 0 -0.0003)
(0.0003 0 -0.0003)
(-0.0003 0.0009375 0.0003)
(0.0003 0.0009375 0.0003)
(-0.0003 0.0009375 -0.0003)
(0.0003 0.0009375 -0.0003)
(-0.0003 0.001875 0.0003)
(0.0003 0.001875 0.0003)
(-0.0003 0.001875 -0.0003)
(0.0003 0.001875 -0.0003)
(-0.0003 0.0028125 0.0003)
(0.0003 0.0028125 0.0003)
(-0.0003 0.0028125 -0.0003)
(0.0003 0.0028125 -0.0003)
(-0.0003 0.00375 0.0003)
(0.0003 0.00375 0.0003)
(-0.0003 0.00375 -0.0003)
(0.0003 0.00375 -0.0003)
(-0.0003 0.0046875 0.0003)
(0.0003 0.0046875 0.0003)
(-0.0003 0.0046875 -0.0003)
(0.0003 0.0046875 -0.0003)
(-0.0003 0.005625 0.0003)
(0.0003 0.005625 0.0003)
(-0.0003 0.005625 -0.0003)
(0.0003 0.005625 -0.0003)
(-0.0003 0.0065625 0.0003)
(0.0003 0.0065625 0.0003)
(-0.0003 0.0065625 -0.0003)
(0.0003 0.0065625 -0.0003)
(-0.0003 0.0075 0.0003)
(0.0003 0.0075 0.0003)
(-0.0003 0.0075 -0.0003)
(0.0003 0.0075 -0.0003)
(-0.0003 0.0084375 0.0003)
(0.0003 0.0084375 0.0003)
(-0.0003 0.0084375 -0.0003)
(0.0003 0.0084375 -0.0003)
(-0.0003 0.009375 0.0003)
(0.0003 0.009375 0.0003)
(-0.0003 0.009375 -0.0003)
(0.0003 0.009375 -0.0003)
(-0.0003 0.0103125 0.0003)
(0.0003 0.0103125 0.0003)
(-0.0003 0.0103125 -0.0003)
(0.0003 0.0103125 -0.0003)
(-0.0003 0.01125 0.0003)
(0.0003 0.01125 0.0003)
(-0.0003 0.01125 -0.0003)
(0.0003 0.01125 -0.0003)
(-0.0003 0.0121875 0.0003)
(0.0003 0.0121875 0.0003)
(-0.0003 0.0121875 -0.0003)
(0.0003 0.0121875 -0.0003)
(-0.0003 0.013125 0.0003)
(0.0003 0.013125 0.0003)
(-0.0003 0.013125 -0.0003)
(0.0003 0.013125 -0.0003)
(-0.0003 0.0140625 0.0003)
(0.0003 0.0140625 0.0003)
(-0.0003 0.0140625 -0.0003)
(0.0003 0.0140625 -0.0003)
(-0.0003 0.015 0.0003)
(0.0003 0.015 0.0003)
(-0.0003 0.015 -0.0003)
(0.0003 0.015 -0.0003)
(-0.0003 0.0159375 0.0003)
(0.0003 0.0159375 0.0003)
(-0.0003 0.0159375 -0.0003)
(0.0003 0.0159375 -0.0003)
(-0.0003 0.016875 0.0003)
(0.0003 0.016875 0.0003)
(-0.0003 0.016875 -0.0003)
(0.0003 0.016875 -0.0003)
(-0.0003 0.0178125 0.0003)
(0.0003 0.0178125 0.0003)
(-0.0003 0.0178125 -0.0003)
(0.0003 0.0178125 -0.0003)
(-0.0003 0.01875 0.0003)
(0.0003 0.01875 0.0003)
(-0.0003 0.01875 -0.0003)
(0.0003 0.01875 -0.0003)
(-0.0003 0.0196875 0.0003)
(0.0003 0.0196875 0.0003)
(-0.0003 0.0196875 -0.0003)
(0.0003 0.0196875 -0.0003)
(-0.0003 0.020625 0.0003)
(0.0003 0.020625 0.0003)
(-0.0003 0.020625 -0.0003)
(0.0003 0.020625 -0.0003)
(-0.0003 0.0215625 0.0003)
(0.0003 0.0215625 0.0003)
(-0.0003 0.0215625 -0.0003)
(0.0003 0.0215625 -0.0003)
(-0.0003 0.0225 0.0003)
(0.0003 0.0225 0.0003)
(-0.0003 0.0225 -0.0003)
(0.0003 0.0225 -0.0003)
(-0.0003 0.0234375 0.0003)
(0.0003 0.0234375 0.0003)
(-0.0003 0.0234375 -0.0003)
(0.0003 0.0234375 -0.0003)
(-0.0003 0.024375 0.0003)
(0.0003 0.024375 0.0003)
(-0.0003 0.024375 -0.0003)
(0.0003 0.024375 -0.0003)
(-0.0003 0.0253125 0.0003)
(0.0003 0.0253125 0.0003)
(-0.0003 0.0253125 -0.0003)
(0.0003 0.0253125 -0.0003)
(-0.0003 0.02625 0.0003)
(0.0003 0.02625 0.0003)
(-0.0003 0.02625 -0.0003)
(0.0003 0.02625 -0.0003)
(-0.0003 0.0271875 0.0003)
(0.0003 0.0271875 0.0003)
(-0.0003 0.0271875 -0.0003)
(0.0003 0.0271875 -0.0003)
(-0.0003 0.028125 0.0003)
(0.0003 0.028125 0.0003)
(-0.0003 0.028125 -0.0003)
(0.0003 0.028125 -0.0003)
(-0.0003 0.0290625 0.0003)
(0.0003 0.0290625 0.0003)
(-0.0003 0.0290625 -0.0003)
(0.0003 0.0290625 -0.0003)
(-0.0003 0.03 0.0003)
(0.0003 0.03 0.0003)
(-0.0003 0.03 -0.0003)
(0.0003 0.03 -0.0003)
(-0.0003 0.0309375 0.0003)
(0.0003 0.0309375 0.0003)
(-0.0003 0.0309375 -0.0003)
(0.0003 0.0309375 -0.0003)
(-0.0003 0.031875 0.0003)
(0.0003 0.031875 0.0003)
(-0.0003 0.031875 -0.0003)
(0.0003 0.031875 -0.0003)
(-0.0003 0.0328125 0.0003)
(0.0003 0.0328125 0.0003)
(-0.0003 0.0328125 -0.0003)
(0.0003 0.0328125 -0.0003)
(-0.0003 0.03375 0.0003)
(0.0003 0.03375 0.0003)
(-0.0003 0.03375 -0.0003)
(0.0003 0.03375 -0.0003)
(-0.0003 0.0346875 0.0003)
(0.0003 0.0346875 0.0003)
(-0.0003 0.0346875 -0.0003)
(0.0003 0.0346875 -0.0003)
(-0.0003 0.035625 0.0003)
(0.0003 0.035625 0.0003)
(-0.0003 0.035625 -0.0003)
(0.0003 0.035625 -0.0003)
(-0.0003 0.0365625 0.0003)
(0.0003 0.0365625 0.0003)
(-0.0003 0.0365625 -0.0003)
(0.0003 0.0365625 -0.0003)
(-0.0003 0.0375 0.0003)
(0.0003 0.0375 0.0003)
(-0.0003 0.0375 -0.0003)
(0.0003 0.0375 -0.0003)
(-0.0003 0.0384375 0.0003)
(0.0003 0.0384375 0.0003)
(-0.0003 0.0384375 -0.0003)
(0.0003 0.0384375 -0.0003)
(-0.0003 0.039375 0.0003)
(0.0003 0.039375 0.0003)
(-0.0003 0.039375 -0.0003)
(0.0003 0.039375 -0.0003)
(-0.0003 0.0403125 0.0003)
(0.0003 0.0403125 0.0003)
(-0.0003 0.0403125 -0.0003)
(0.0003 0.0403125 -0.0003)
(-0.0003 0.04125 0.0003)
(0.0003 0.04125 0.0003)
(-0.0003 0.04125 -0.0003)
(0.0003 0.04125 -0.0003)
(-0.0003 0.0421875 0.0003)
(0.0003 0.0421875 0.0003)
(-0.0003 0.0421875 -0.0003)
(0.0003 0.0421875 -0.0003)
(-0.0003 0.043125 0.0003)
(0.0003 0.043125 0.0003)
(-0.0003 0.043125 -0.0003)
(0.0003 0.043125 -0.0003)
(-0.0003 0.0440625 0.0003)
(0.0003 0.0440625 0.0003)
(-0.0003 0.0440625 -0.0003)
(0.0003 0.0440625 -0.0003)
(-0.0003 0.045 0.0003)
(0.0003 0.045 0.0003)
(-0.0003 0.045 -0.0003)
(0.0003 0.045 -0.0003)
(-0.0003 0.0459375 0.0003)
(0.0003 0.0459375 0.0003)
(-0.0003 0.0459375 -0.0003)
(0.0003 0.0459375 -0.0003)
(-0.0003 0.046875 0.0003)
(0.0003 0.046875 0.0003)
(-0.0003 0.046875 -0.0003)
(0.0003 0.046875 -0.0003)
(-0.0003 0.0478125 0.0003)
(0.0003 0.0478125 0.0003)
(-0.0003 0.0478125 -0.0003)
(0.0003 0.0478125 -0.0003)
(-0.0003 0.04875 0.0003)
(0.0003 0.04875 0.0003)
(-0.0003 0.04875 -0.0003)
(0.0003 0.04875 -0.0003)
(-0.0003 0.0496875 0.0003)
(0.0003 0.0496875 0.0003)
(-0.0003 0.0496875 -0.0003)
(0.0003 0.0496875 -0.0003)
(-0.0003 0.050625 0.0003)
(0.0003 0.050625 0.0003)
(-0.0003 0.050625 -0.0003)
(0.0003 0.050625 -0.0003)
(-0.0003 0.0515625 0.0003)
(0.0003 0.0515625 0.0003)
(-0.0003 0.0515625 -0.0003)
(0.0003 0.0515625 -0.0003)
(-0.0003 0.0525 0.0003)
(0.0003 0.0525 0.0003)
(-0.0003 0.0525 -0.0003)
(0.0003 0.0525 -0.0003)
(-0.0003 0.0534375 0.0003)
(0.0003 0.0534375 0.0003)
(-0.0003 0.0534375 -0.0003)
(0.0003 0.0534375 -0.0003)
(-0.0003 0.054375 0.0003)
(0.0003 0.054375 0.0003)
(-0.0003 0.054375 -0.0003)
(0.0003 0.054375 -0.0003)
(-0.0003 0.0553125 0.0003)
(0.0003 0.0553125 0.0003)
(-0.0003 0.0553125 -0.0003)
(0.0003 0.0553125 -0.0003)
(-0.0003 0.05625 0.0003)
(0.0003 0.05625 0.0003)
(-0.0003 0.05625 -0.0003)
(0.0003 0.05625 -0.0003)
(-0.0003 0.0571875 0.0003)
(0.0003 0.0571875 0.0003)
(-0.0003 0.0571875 -0.0003)
(0.0003 0.0571875 -0.0003)
(-0.0003 0.058125 0.0003)
(0.0003 0.058125 0.0003)
(-0.0003 0.058125 -0.0003)
(0.0003 0.058125 -0.0003)
(-0.0003 0.0590625 0.0003)
(0.0003 0.0590625 0.0003)
(-0.0003 0.0590625 -0.0003)
(0.0003 0.0590625 -0.0003)
(-0.0003 0.06 0.0003)
(0.0003 0.06 0.0003)
(-0.0003 0.06 -0.0003)
(0.0003 0.06 -0.0003)
)


// ************************************************************************* //
