/*--------------------------------*- C++ -*----------------------------------*\
| =========                 |                                                 |
| \\      /  F ield         | OpenFOAM: The Open Source CFD Toolbox           |
|  \\    /   O peration     | Version:  5.0                                   |
|   \\  /    A nd           | Web:      www.OpenFOAM.org                      |
|    \\/     M anipulation  |                                                 |
\*---------------------------------------------------------------------------*/
FoamFile
{
    version     2.0;
    format      ascii;
    class       volScalarField;
    location    "0";
    object      nut;
}
// * * * * * * * * * * * * * * * * * * * * * * * * * * * * * * * * * * * * * //

dimensions      [0 2 -1 0 0 0 0];

internalField   nonuniform List<scalar> 
7200
(
1.19546e-08
2.29049e-09
1.08456e-09
9.19531e-10
2.14201e-09
8.95273e-09
1.02079e-08
3.63353e-09
6.36424e-10
3.69413e-09
3.25675e-09
1.3448e-09
7.02658e-09
8.93113e-09
7.47838e-09
6.58187e-09
7.3576e-09
5.94162e-08
6.39434e-08
3.00899e-08
4.58364e-08
8.50402e-09
3.61309e-09
2.70269e-09
8.98519e-09
2.20894e-08
2.92714e-08
1.21718e-08
5.42349e-09
2.78477e-08
3.21052e-08
1.81588e-08
2.72659e-08
2.52697e-08
1.82441e-08
2.20805e-08
5.02671e-08
2.18415e-07
3.48976e-07
1.11704e-07
4.60623e-06
3.06265e-07
6.42065e-08
1.26869e-08
9.65303e-09
5.81619e-08
7.15231e-08
4.73657e-08
1.49882e-08
3.02052e-07
1.81527e-06
3.07266e-06
2.08644e-06
1.61506e-07
9.54981e-08
7.79936e-08
6.17581e-08
1.48957e-06
5.57306e-06
8.06135e-06
3.12631e-05
1.17457e-05
1.18332e-06
1.43017e-06
2.13336e-07
6.40225e-07
1.023e-06
1.78417e-07
4.3619e-08
4.99637e-08
8.95475e-08
1.61928e-06
7.10201e-06
1.45327e-05
8.28355e-06
1.14408e-06
1.38486e-06
2.61726e-06
3.84169e-07
5.64748e-06
2.67229e-05
3.11613e-05
2.16116e-06
1.47625e-06
3.01881e-06
4.08145e-06
2.17244e-06
2.87172e-06
4.28077e-07
3.25024e-07
3.85077e-07
1.07934e-06
1.65486e-06
1.96284e-05
2.82256e-05
3.67835e-06
1.69153e-06
7.96533e-06
7.40116e-06
1.53456e-06
6.6248e-06
3.00357e-05
2.29707e-05
4.65406e-06
2.54057e-06
4.87133e-06
3.22992e-06
4.28307e-06
2.94856e-06
1.58883e-06
5.41959e-06
4.58168e-06
3.67383e-06
6.80692e-06
3.75542e-05
1.18345e-05
1.40851e-06
1.66301e-06
1.34766e-05
4.67651e-06
2.39156e-06
1.05721e-05
1.82072e-05
5.55541e-06
1.96901e-06
3.44254e-06
1.90332e-06
3.20321e-06
1.00465e-05
8.86041e-06
1.16109e-05
4.15241e-06
7.35481e-06
7.19126e-06
1.91369e-05
2.56008e-05
4.92653e-06
1.80062e-06
4.07912e-06
1.58955e-05
3.18537e-06
4.67273e-06
3.99154e-06
5.16075e-06
3.96092e-06
3.14135e-06
2.26053e-06
4.07536e-06
6.94292e-06
3.33668e-06
1.0529e-05
6.24107e-06
8.49991e-06
5.81538e-06
1.63411e-05
2.49427e-05
1.53955e-05
9.58799e-06
3.78829e-06
3.99646e-06
3.52138e-06
3.37957e-06
2.81271e-06
4.74638e-06
7.27043e-06
4.28195e-06
4.72367e-06
2.31394e-06
1.01166e-06
6.0506e-06
2.39522e-05
4.4728e-06
1.09668e-05
6.13653e-06
4.11334e-06
5.48952e-06
5.09898e-06
4.06582e-06
2.57449e-06
1.15563e-05
3.55741e-05
1.87471e-05
2.99707e-06
2.1243e-06
4.55816e-06
5.48918e-06
5.69084e-06
8.45348e-06
2.86362e-06
4.27967e-06
8.48943e-06
1.41025e-05
8.56193e-06
5.44608e-06
2.32563e-06
8.36645e-06
3.02942e-06
1.6701e-06
1.54612e-06
4.93333e-06
1.75388e-05
3.15421e-05
1.69425e-05
2.50884e-06
8.349e-06
1.81859e-05
5.86817e-06
1.2158e-05
1.26503e-05
9.5803e-06
1.47623e-06
4.66941e-06
1.05242e-05
3.80406e-06
4.31873e-06
2.59977e-05
1.54183e-05
4.3755e-06
4.38871e-06
9.69977e-06
3.77188e-06
1.88915e-05
3.56413e-05
2.59365e-05
1.64188e-05
4.80618e-06
2.06268e-05
9.47349e-06
1.00028e-05
5.21173e-06
5.4618e-06
6.576e-06
1.22336e-05
1.56544e-05
2.24906e-06
2.79623e-05
3.70379e-05
1.18332e-05
5.80452e-06
1.74797e-05
1.21545e-07
7.28301e-08
2.10922e-08
6.60948e-09
4.44029e-09
7.2399e-09
6.91508e-09
4.08674e-09
1.51712e-09
1.02511e-09
1.56772e-09
1.99383e-09
8.89251e-09
1.95462e-08
3.90509e-08
9.30831e-08
1.71192e-07
7.84448e-08
6.5775e-09
5.6968e-08
2.96194e-07
2.25596e-07
3.61184e-08
6.52387e-08
7.01967e-08
2.95074e-08
3.42989e-08
1.47279e-08
8.71863e-09
4.37123e-09
3.60732e-09
7.57722e-09
1.77181e-08
3.75412e-08
8.83711e-08
1.52161e-07
1.5254e-07
6.63475e-08
1.51503e-08
1.64125e-07
4.60442e-06
2.89806e-06
3.11022e-07
2.34516e-07
2.28158e-07
3.73803e-07
5.35929e-07
1.67499e-07
7.71443e-07
7.86193e-07
4.4134e-07
3.90513e-07
2.10482e-08
9.27285e-08
1.3136e-07
1.074e-07
4.03285e-07
2.38211e-07
7.72785e-08
4.68285e-07
3.72612e-06
1.23261e-05
9.20516e-06
4.72925e-06
3.73744e-06
6.55331e-07
5.09598e-07
2.26511e-07
2.9746e-07
1.02446e-07
3.55827e-07
3.35098e-06
3.04517e-06
4.52104e-06
1.90328e-06
1.8386e-06
1.05312e-06
8.84526e-07
1.11012e-06
4.71993e-07
1.2447e-06
1.39816e-05
2.78923e-05
8.39927e-06
6.57845e-06
3.39365e-06
5.44498e-06
2.54282e-06
1.41551e-06
5.16331e-07
3.54344e-07
1.42956e-06
3.29221e-06
4.19925e-06
4.4117e-06
2.01806e-06
1.90347e-06
2.18125e-06
8.97243e-07
2.65195e-06
2.67659e-06
1.22522e-05
1.36721e-05
1.45441e-05
2.84557e-05
3.01228e-05
4.07674e-05
8.9512e-06
5.16953e-06
5.21883e-06
3.13401e-06
1.66741e-06
1.40661e-05
5.72249e-06
7.7789e-06
6.67993e-06
3.69446e-06
2.04468e-06
2.10383e-06
2.86885e-06
2.4095e-06
1.25381e-06
9.76095e-06
7.02081e-06
5.38518e-06
1.79107e-05
9.12959e-06
9.47741e-06
1.05959e-05
3.45247e-06
5.09367e-06
6.59577e-06
3.12383e-05
1.80539e-05
6.42849e-06
5.09193e-06
1.44244e-06
4.49388e-06
3.2076e-06
4.52034e-06
2.19038e-06
5.46742e-06
9.6021e-06
1.5386e-05
6.40622e-06
5.82477e-06
5.31406e-06
6.67371e-06
2.44458e-06
1.08111e-05
4.81512e-06
3.8229e-06
3.30008e-05
2.32549e-05
3.64824e-06
3.34842e-06
7.12625e-06
8.45223e-06
6.21616e-06
6.16098e-06
2.99423e-06
2.74826e-06
2.61645e-06
3.27066e-06
2.23979e-05
1.19041e-05
3.38117e-06
3.23153e-06
1.42231e-05
7.82687e-06
3.62706e-06
2.95155e-06
1.29993e-05
2.25772e-05
5.39555e-06
3.33241e-06
8.33406e-06
5.13172e-06
5.3309e-06
1.46009e-05
5.3521e-06
5.12254e-06
5.66339e-06
5.43448e-06
8.90335e-06
1.0985e-05
4.50531e-06
1.48498e-05
1.22252e-05
2.80306e-06
7.42884e-06
1.28218e-05
3.15702e-06
4.50279e-06
1.89464e-06
2.70445e-06
1.47542e-05
2.99104e-05
7.79301e-06
1.94147e-05
6.98698e-06
1.27461e-05
2.03435e-05
3.96605e-06
6.19604e-06
6.08223e-06
3.30164e-06
2.05699e-05
2.87688e-05
1.38176e-05
9.44761e-06
7.50528e-06
7.01759e-06
2.90791e-06
3.20087e-06
3.9538e-06
5.37036e-06
6.84437e-06
6.63221e-06
6.86608e-06
4.83384e-06
1.84982e-06
3.76333e-06
6.00576e-06
3.8071e-06
1.66983e-06
6.63827e-06
6.63284e-06
8.16615e-06
1.55704e-05
2.8015e-05
2.44332e-05
7.08438e-06
5.01006e-06
2.86185e-06
5.88605e-06
1.16955e-05
1.82132e-06
2.87615e-06
1.38891e-05
1.46462e-07
1.27873e-07
2.2277e-08
6.00028e-09
4.0328e-09
3.12623e-09
2.58158e-09
1.55138e-09
7.42307e-10
2.5007e-09
8.07275e-09
1.53941e-08
1.05318e-08
1.6003e-08
9.46012e-08
1.38481e-07
5.58371e-08
1.23393e-08
9.56081e-09
4.18856e-08
2.85681e-07
1.59107e-07
6.63961e-08
3.27445e-08
2.69474e-08
2.12963e-08
1.29163e-08
8.91441e-09
2.49702e-09
4.54338e-09
1.35426e-08
3.31381e-08
3.1655e-08
8.7149e-08
3.2877e-07
3.91979e-07
7.69446e-08
2.38592e-08
2.22876e-08
8.67948e-08
7.06337e-07
7.09216e-07
3.39852e-07
4.0324e-07
3.69036e-07
3.48079e-07
3.72379e-07
3.07505e-07
4.47173e-08
1.82157e-08
2.47172e-08
8.01205e-08
7.3967e-08
6.39729e-08
3.86422e-07
1.18836e-06
1.05877e-06
6.49515e-07
9.02869e-08
1.66649e-07
1.19956e-06
1.87416e-06
1.11655e-06
3.38262e-06
4.06088e-06
4.22777e-06
3.70909e-06
2.34246e-06
6.31109e-07
5.89726e-07
8.48423e-07
4.0004e-06
5.90668e-06
7.86168e-07
1.16717e-06
2.36688e-07
5.4387e-07
4.16381e-07
5.64758e-06
7.42167e-06
2.76232e-06
3.45904e-06
1.58995e-06
3.55433e-06
4.75581e-06
4.16531e-06
3.4305e-06
1.89177e-06
1.48378e-06
1.08339e-06
1.77346e-06
3.4362e-06
2.72657e-06
5.21853e-06
5.26177e-06
3.39722e-06
1.37585e-06
1.50127e-06
5.57327e-06
8.70803e-06
7.20048e-06
6.32767e-06
4.71143e-06
4.18712e-06
8.29229e-06
6.21379e-06
5.56916e-06
8.44407e-06
1.67471e-05
1.39714e-05
3.78199e-06
2.55834e-06
6.93051e-06
6.99785e-06
2.06107e-05
1.08555e-05
2.8143e-06
3.59241e-06
1.28047e-05
9.36801e-06
7.15661e-06
5.45509e-06
7.67098e-06
4.05334e-06
5.26692e-06
4.7483e-06
9.7998e-06
2.67565e-05
4.05496e-05
4.32851e-05
1.84095e-05
7.0752e-06
1.01681e-05
6.09385e-06
1.46298e-05
2.06947e-05
1.99516e-05
9.92778e-06
1.57316e-05
1.77201e-05
6.7448e-06
5.72451e-06
6.32329e-06
6.19902e-06
5.30909e-06
2.57686e-06
2.93358e-06
1.45044e-05
4.29843e-05
4.79115e-05
2.31561e-05
1.35177e-05
3.69205e-05
1.93142e-05
1.49578e-05
6.74294e-06
2.83089e-05
1.63495e-05
1.76955e-05
1.83979e-05
1.82422e-05
2.37739e-05
5.34358e-06
7.75265e-06
2.35101e-05
3.13133e-05
1.51435e-05
4.74201e-06
5.46335e-06
1.02681e-05
4.78413e-06
4.97702e-06
1.19674e-05
7.41369e-06
1.94061e-05
7.39376e-06
2.37723e-06
6.25016e-06
9.07187e-06
1.1926e-05
5.03336e-06
8.02754e-06
8.8116e-06
6.95542e-06
4.9164e-06
2.61464e-06
7.14438e-06
2.32619e-05
1.55299e-05
4.12817e-06
3.01508e-06
5.13628e-06
3.6999e-06
5.35527e-06
7.54082e-06
6.05623e-06
1.04768e-05
9.21769e-06
2.37773e-05
8.59487e-06
1.04963e-05
1.3962e-05
1.13372e-05
3.01121e-06
4.63404e-06
3.94085e-06
5.80342e-06
3.10002e-06
4.65215e-06
3.9198e-06
4.19615e-06
4.26566e-06
4.89082e-06
5.46681e-06
9.6453e-06
4.12487e-06
3.42076e-06
1.15929e-05
5.10042e-06
4.37472e-06
5.79984e-06
8.3229e-06
4.46648e-06
1.88504e-06
4.29061e-06
1.72624e-06
4.29789e-06
3.00683e-06
2.91051e-06
2.91438e-06
6.99674e-06
3.16718e-06
1.69328e-06
2.24287e-06
1.93899e-06
7.41578e-06
6.20761e-06
2.32656e-06
4.38183e-06
5.52329e-06
1.11426e-07
3.44654e-08
4.59682e-09
3.07495e-10
8.02457e-11
3.02621e-10
1.0413e-09
1.47688e-09
1.85438e-09
3.8031e-09
6.28388e-09
9.56092e-09
2.63085e-08
9.08739e-08
1.44113e-07
6.47752e-08
1.16047e-08
2.62868e-08
7.594e-08
1.45553e-07
1.66349e-07
7.05136e-08
9.27253e-09
9.12837e-10
3.67759e-10
9.90037e-10
3.28975e-09
3.90757e-09
5.47543e-09
7.55698e-09
1.5792e-08
2.13691e-08
1.05633e-07
2.59359e-07
4.73536e-07
9.35736e-08
2.51835e-08
9.74128e-08
1.6594e-07
3.02231e-07
7.23422e-07
2.22402e-07
3.18318e-08
2.4777e-08
1.0864e-08
8.05194e-09
1.35806e-08
1.09348e-08
1.04651e-08
2.03797e-08
2.25203e-08
2.97479e-08
1.14014e-07
7.5183e-07
2.75338e-06
3.07662e-06
4.28284e-07
1.11879e-07
2.4403e-07
6.91031e-07
1.30713e-06
4.33042e-07
2.5794e-07
1.57436e-06
1.74408e-06
7.99521e-07
9.21866e-07
7.66711e-07
6.49879e-07
3.57939e-07
1.85031e-07
5.5358e-07
6.35643e-08
1.44035e-07
4.51444e-07
4.02609e-06
2.59335e-06
2.13696e-06
1.7733e-06
8.73997e-07
3.13869e-06
1.75687e-06
1.17148e-06
2.9387e-06
3.88068e-06
2.90948e-06
1.64871e-06
3.43625e-06
3.93278e-06
3.71874e-06
2.05079e-06
4.54882e-07
3.11379e-07
7.62635e-07
7.53275e-07
2.36273e-06
3.31926e-06
6.50572e-06
1.02435e-05
5.22671e-06
6.95344e-06
3.59846e-06
5.7965e-06
3.50266e-06
4.28233e-06
6.30724e-06
3.17706e-06
5.70208e-06
7.15591e-06
4.25513e-06
1.66842e-06
1.56554e-06
1.45696e-06
5.95429e-06
1.04951e-05
8.4877e-06
2.2841e-06
1.12568e-05
1.87895e-05
1.09914e-05
1.17375e-05
3.88793e-06
1.08295e-05
1.13199e-05
2.36561e-06
2.79871e-06
4.03222e-06
7.53465e-06
1.09624e-05
1.1924e-05
6.57831e-06
3.00787e-06
4.98891e-06
4.44615e-06
8.85128e-06
1.40797e-05
1.60482e-05
1.58835e-05
3.032e-05
2.91733e-05
9.35791e-06
7.11399e-06
6.71557e-06
1.40672e-05
6.22799e-06
4.3303e-06
4.67779e-06
1.07134e-05
1.11891e-05
1.14284e-05
9.32603e-06
1.19104e-05
8.87071e-06
7.77679e-06
2.57576e-05
4.11724e-06
1.76919e-05
2.39881e-05
2.79505e-05
2.093e-05
1.41441e-05
7.45284e-06
5.03049e-06
8.25746e-06
2.14519e-05
1.01029e-05
1.06122e-05
1.08274e-05
9.96281e-06
2.87923e-06
9.64762e-06
1.00843e-05
6.33626e-06
1.6033e-05
3.0837e-05
5.13002e-06
4.80551e-06
2.41059e-06
2.57599e-06
2.33634e-05
4.83258e-06
8.27583e-06
1.75917e-05
4.36756e-06
1.01106e-05
8.86132e-06
6.49789e-06
1.0671e-05
4.00766e-06
2.86535e-06
3.84389e-06
9.72692e-06
6.48017e-06
6.67897e-06
1.22249e-05
8.66691e-06
1.25429e-05
3.68915e-06
4.87552e-06
9.59689e-06
1.69211e-05
1.50823e-05
1.05398e-05
4.58315e-06
8.64968e-06
5.7069e-06
8.31945e-06
6.83366e-06
4.52751e-06
3.94208e-06
1.20888e-05
1.57138e-05
5.15065e-06
4.08802e-06
9.013e-06
8.53305e-06
8.94007e-06
1.0789e-05
5.81907e-06
1.24363e-05
5.95593e-06
7.10679e-06
4.90637e-06
3.01819e-06
3.89699e-06
1.67342e-06
7.90993e-06
3.41795e-06
2.24079e-06
3.00378e-06
2.44208e-06
3.16343e-06
3.24445e-06
4.42654e-06
3.08279e-06
1.42196e-05
7.23387e-06
5.65517e-06
1.28936e-05
3.31364e-06
1.13287e-08
6.56969e-09
1.85115e-09
6.17117e-09
8.33637e-09
7.20054e-10
4.36219e-10
1.35341e-09
2.00336e-09
7.24828e-09
2.50064e-08
2.29356e-08
6.18237e-09
7.10239e-10
1.10755e-09
1.1076e-09
2.20727e-09
7.67712e-09
8.38462e-09
4.10605e-09
1.3188e-07
1.65929e-08
4.71018e-09
1.47254e-08
1.828e-08
1.46906e-09
1.07917e-08
2.67871e-09
9.71742e-09
3.24687e-08
1.74572e-08
1.56811e-08
3.8858e-09
1.43465e-09
1.92661e-09
2.54574e-09
2.80658e-09
2.12277e-08
2.52871e-08
1.98594e-08
3.31381e-07
7.50715e-07
2.85001e-08
3.8348e-08
1.3303e-08
1.18055e-08
1.83668e-08
1.06101e-07
9.62425e-08
7.52787e-08
1.03515e-07
3.27123e-07
2.53656e-07
2.25711e-08
9.06559e-09
5.08318e-08
4.29235e-08
2.89239e-08
1.89315e-07
3.32441e-07
5.45097e-06
4.81859e-06
2.03627e-06
5.34983e-06
1.30907e-07
1.13277e-07
2.97004e-08
1.54471e-07
3.2592e-07
1.38959e-06
6.39516e-07
3.96099e-07
9.26647e-07
1.94517e-06
7.83554e-07
7.36431e-08
7.29901e-07
3.40994e-07
2.03944e-07
2.67917e-06
1.90951e-06
1.32146e-06
7.50538e-07
1.947e-06
7.0875e-07
1.95135e-07
7.36612e-07
5.51678e-07
2.68208e-07
1.36997e-06
2.16247e-06
8.09231e-07
3.13745e-07
5.01919e-07
2.63244e-06
1.25925e-06
6.60005e-07
4.79019e-06
5.04844e-07
4.38825e-07
1.70811e-05
1.26804e-05
2.80819e-06
2.26756e-06
3.30504e-06
1.18557e-06
5.76978e-06
1.80139e-06
1.18217e-06
8.31669e-07
2.11172e-06
6.42868e-06
5.41057e-06
6.9302e-07
1.94252e-06
8.64528e-07
1.63155e-06
1.07582e-05
1.0577e-05
3.75465e-06
9.85595e-06
1.14105e-05
1.51169e-05
4.93384e-06
1.43069e-06
2.85724e-06
7.65043e-06
8.97258e-06
4.3048e-06
3.36772e-06
6.70317e-06
3.76902e-06
3.53794e-06
2.20483e-06
4.17979e-06
3.82718e-06
2.67035e-06
9.34688e-06
4.01119e-06
1.30553e-05
5.09891e-06
4.78985e-06
1.37535e-05
1.17054e-05
2.67204e-06
3.56958e-06
1.43246e-05
8.07524e-06
2.93679e-05
1.72595e-05
4.4965e-06
3.48241e-06
1.26134e-06
5.64723e-06
5.41824e-06
2.35346e-05
1.63585e-05
4.28067e-06
1.86335e-05
6.02278e-06
2.03005e-05
2.10553e-05
1.11271e-05
2.61163e-05
9.96715e-06
5.31261e-06
1.49387e-05
1.01398e-05
3.26038e-05
2.92372e-05
1.02388e-05
1.13474e-05
2.50554e-06
7.05433e-06
3.50927e-06
6.67169e-06
3.37201e-05
4.94376e-06
3.49476e-06
2.61312e-05
1.72757e-05
2.09693e-05
3.76798e-05
6.6274e-06
6.39401e-06
6.88094e-06
1.72993e-05
1.58713e-05
3.4408e-05
1.99097e-05
1.15321e-05
7.5953e-06
2.18895e-05
6.97093e-06
5.94536e-06
3.9127e-06
1.6145e-05
2.38058e-06
3.60826e-06
1.56339e-05
7.98347e-06
8.49234e-06
7.01256e-06
5.63601e-06
6.68115e-06
3.5599e-06
1.56832e-05
1.54559e-05
3.13681e-06
4.84933e-06
2.5494e-05
4.4608e-05
7.33142e-05
4.12227e-05
2.58533e-05
1.23138e-05
8.45745e-06
5.51714e-06
3.06526e-06
5.96408e-06
3.71107e-06
4.79993e-06
4.62804e-06
3.64036e-06
5.73245e-06
4.99544e-06
1.11114e-05
1.18987e-05
4.74854e-06
4.98646e-06
6.41373e-06
8.13567e-06
1.38028e-05
2.25104e-05
4.4893e-05
2.288e-05
4.32917e-06
1.04186e-05
1.06191e-05
7.32454e-06
1.47315e-08
2.17207e-09
1.41559e-09
1.39731e-09
8.62308e-10
1.56071e-08
2.6837e-08
1.64083e-08
1.82797e-08
1.56141e-08
1.16887e-08
1.06133e-08
1.29946e-08
5.64888e-09
1.00384e-09
1.83291e-09
2.72554e-09
1.04381e-08
3.50696e-08
4.02962e-08
4.13331e-08
4.8067e-09
9.74014e-09
8.8334e-09
3.54389e-09
2.1897e-08
5.24776e-08
4.45782e-08
5.60877e-08
6.28445e-08
5.35189e-08
3.52525e-08
3.25145e-08
1.08858e-08
3.32164e-09
5.53909e-09
8.29929e-09
5.67738e-08
9.13686e-08
8.82778e-08
1.48654e-07
2.31077e-08
3.29615e-08
1.30506e-07
2.27788e-08
1.56305e-08
8.84732e-08
2.96596e-07
2.68793e-07
3.91577e-07
4.3589e-07
2.10239e-07
1.00526e-07
8.70835e-08
3.12793e-08
1.71747e-08
3.1802e-08
2.81004e-07
3.91153e-07
2.54755e-07
8.49941e-07
4.07221e-08
8.58908e-08
6.97761e-07
2.86128e-06
1.4998e-06
1.79233e-06
3.23646e-06
8.80246e-07
2.59774e-06
2.52946e-06
2.32566e-06
1.22596e-06
2.19549e-07
1.44509e-07
2.09097e-07
1.65362e-07
1.63583e-07
2.14237e-06
2.94512e-06
2.98184e-06
9.71672e-07
4.73466e-07
1.05595e-06
3.27983e-06
1.45214e-06
2.21317e-06
1.58815e-05
1.40901e-05
1.12656e-06
4.21546e-06
7.46983e-06
5.46007e-06
1.76151e-06
6.52646e-07
1.26687e-06
7.00591e-07
1.83797e-06
1.04058e-06
2.91431e-06
1.45982e-06
2.86383e-06
1.80471e-06
1.01871e-06
3.26415e-06
2.86086e-06
3.32163e-06
9.1053e-06
1.41628e-05
4.09888e-06
2.53576e-06
1.16639e-05
2.83292e-05
2.96181e-05
1.41151e-05
5.72941e-06
3.22684e-06
7.09629e-06
8.57681e-06
3.20173e-06
1.15689e-05
3.42349e-06
1.08698e-06
7.04129e-07
8.46469e-06
1.52563e-05
1.69743e-05
1.1138e-05
7.98591e-06
9.90033e-06
4.08828e-06
3.35435e-06
2.63592e-05
3.28607e-05
1.80907e-05
6.92526e-06
4.42621e-06
3.62498e-06
5.52875e-06
7.12606e-06
7.02949e-06
1.30901e-05
6.97674e-06
3.4474e-06
5.28936e-06
1.48422e-05
6.52311e-06
2.08456e-05
1.2842e-05
5.52154e-06
4.50948e-06
1.39748e-06
4.6416e-06
6.24569e-06
2.47494e-06
4.57922e-06
3.04471e-06
2.04629e-06
1.84648e-06
2.78531e-06
1.09252e-05
1.53272e-05
1.01471e-05
9.51372e-06
8.96889e-06
1.05766e-05
5.2564e-06
4.4e-06
6.6034e-06
5.86414e-06
6.17625e-06
7.56786e-06
3.70505e-06
7.21936e-06
3.10414e-06
2.24247e-06
3.48331e-06
3.02778e-06
2.96689e-06
4.53941e-06
3.41565e-06
2.56776e-05
1.20625e-05
1.17057e-05
2.001e-05
5.9017e-06
6.55102e-06
7.53805e-06
1.7199e-05
5.13859e-06
5.43287e-06
1.05874e-05
2.7233e-05
1.5487e-05
7.69358e-06
3.44126e-06
2.96634e-06
4.04655e-06
5.61633e-06
5.7837e-06
1.89576e-05
6.90144e-06
8.54293e-06
1.66872e-05
2.46494e-05
1.30278e-05
6.37017e-06
4.44692e-06
1.08734e-05
1.06603e-05
1.63813e-05
1.94761e-05
5.22483e-06
7.25227e-06
6.78921e-06
6.54032e-06
7.68842e-06
2.94893e-06
4.39377e-06
8.86937e-06
1.79528e-05
3.61222e-05
3.66283e-05
4.68506e-06
7.91201e-06
4.75949e-06
1.46964e-05
1.5475e-05
9.10495e-06
1.52635e-05
9.84917e-06
1.41405e-05
1.58661e-05
7.49107e-06
1.14449e-05
2.14443e-05
6.14234e-06
9.80601e-06
7.41433e-06
2.46362e-05
3.01403e-08
8.81325e-09
2.28692e-08
2.05532e-08
7.17658e-10
7.64368e-09
2.85363e-08
5.54433e-08
6.31851e-09
1.1978e-09
7.77035e-10
2.91188e-09
3.47583e-09
6.25926e-09
2.87387e-09
3.01001e-09
5.635e-09
9.38629e-09
1.52562e-08
2.50968e-08
6.33809e-08
1.70228e-08
3.76979e-08
7.06904e-08
4.00604e-09
1.40016e-08
5.98923e-08
9.47703e-08
8.13229e-09
6.2543e-09
9.92602e-09
1.31096e-08
2.0454e-08
2.12743e-08
7.49126e-09
1.06765e-08
1.86683e-08
3.6777e-08
3.37436e-08
3.92815e-08
7.49657e-08
1.22775e-07
1.01426e-07
3.25258e-07
1.47753e-07
7.67823e-08
3.30041e-07
4.18683e-07
2.71693e-08
6.30024e-08
7.62524e-08
2.02593e-07
2.63509e-07
2.61035e-07
1.02718e-07
1.3983e-08
3.25702e-08
7.02991e-07
4.46061e-07
1.56151e-07
1.5922e-06
2.58692e-07
2.26274e-07
7.02255e-06
9.35243e-06
5.17741e-06
7.12953e-06
7.00182e-06
1.14707e-06
3.89658e-07
5.3509e-07
1.90057e-06
2.20355e-06
1.43082e-06
5.45579e-07
4.40237e-07
1.58854e-07
5.09565e-07
9.564e-06
5.61962e-06
9.10067e-06
2.41956e-06
9.78299e-07
7.56233e-07
1.01259e-05
6.98851e-06
1.07877e-05
1.82458e-05
8.27438e-06
2.31539e-06
7.82178e-07
2.77954e-06
4.10368e-06
3.0865e-06
2.61425e-06
3.15794e-06
1.15691e-06
1.39269e-06
5.65045e-06
1.03838e-05
8.95808e-06
1.16221e-05
1.23004e-05
1.60937e-06
1.21879e-05
1.72259e-05
1.66137e-05
1.80836e-05
1.5465e-05
2.07446e-05
1.27227e-05
4.55596e-06
1.58897e-05
1.91019e-05
2.30296e-05
2.8604e-05
1.45164e-05
2.87006e-06
4.05391e-06
6.39515e-06
2.87143e-06
9.8364e-06
6.82618e-06
1.49127e-06
1.70462e-05
4.04425e-05
3.66584e-05
2.30868e-05
5.48173e-06
8.73119e-06
1.06134e-05
2.64954e-06
1.50328e-05
3.4419e-05
2.44651e-05
2.04799e-05
1.42511e-05
6.72516e-06
3.31264e-06
4.36104e-06
8.3965e-06
1.11849e-05
1.01864e-05
5.20956e-06
3.05276e-06
4.48796e-05
2.77716e-05
6.02965e-05
1.49241e-05
2.75847e-06
5.44053e-06
4.33318e-06
5.49129e-06
1.19474e-05
6.74359e-06
1.11125e-05
1.18383e-05
6.01471e-06
2.8525e-06
2.35703e-06
2.15279e-05
2.42525e-05
9.35553e-06
8.53645e-06
9.25259e-06
2.71733e-05
5.28132e-06
1.16609e-05
1.21412e-05
5.64186e-06
6.5985e-06
1.95191e-05
4.71599e-06
5.10496e-06
3.25825e-06
4.95303e-06
5.81416e-06
3.85356e-06
3.71181e-06
9.97508e-06
3.74364e-06
1.29852e-05
5.52419e-06
8.38022e-06
1.80109e-05
8.57214e-06
1.446e-05
6.87429e-06
1.65294e-05
6.91163e-06
1.53333e-05
1.11803e-05
9.53492e-06
1.08507e-05
4.53796e-06
1.37683e-06
4.00088e-06
3.86959e-06
2.87158e-06
1.89062e-05
8.05148e-06
1.10462e-05
7.29839e-06
6.99942e-06
1.47924e-05
1.08062e-05
6.87946e-06
4.04225e-06
1.22631e-05
1.05434e-05
3.04825e-05
1.3758e-05
4.41229e-06
3.99512e-06
6.93658e-06
2.3621e-06
5.12473e-06
7.99401e-06
5.71762e-06
4.6464e-06
7.67533e-06
1.08176e-05
1.92982e-05
3.31803e-06
4.40215e-06
2.91063e-06
1.92288e-05
1.91374e-05
8.33207e-06
7.23516e-06
9.65373e-06
1.2296e-05
1.7051e-05
7.56575e-06
7.4166e-06
9.59046e-06
2.44086e-06
2.76463e-06
2.26308e-06
1.04041e-05
5.43745e-09
2.22429e-08
1.09888e-07
6.95774e-07
8.25384e-08
1.33739e-07
3.31962e-08
1.00951e-08
4.58762e-08
5.41431e-08
2.1532e-08
6.67682e-09
6.70612e-09
2.9518e-09
7.04291e-10
2.78347e-09
1.19247e-09
8.69428e-09
2.42769e-08
9.50092e-09
1.06073e-08
1.82242e-07
1.60227e-07
1.43552e-06
2.41097e-07
4.1709e-07
1.04561e-07
2.8139e-08
1.0912e-07
8.73309e-08
2.64134e-08
1.70001e-08
1.86675e-08
1.06073e-08
2.54774e-09
1.93072e-08
1.20921e-08
1.82842e-08
7.4227e-08
3.42611e-08
2.20004e-07
2.294e-06
4.32525e-06
1.93381e-06
1.9619e-06
1.00102e-05
7.34825e-06
4.90003e-06
1.87341e-06
1.71717e-07
8.42619e-08
5.85689e-08
7.03169e-08
4.54463e-08
2.66635e-08
3.70943e-07
7.54857e-07
2.45622e-07
3.812e-07
4.78781e-07
3.87965e-06
3.13504e-06
6.11693e-06
7.94397e-06
6.12439e-06
1.83221e-05
3.22046e-05
2.95702e-05
1.10576e-05
1.44917e-05
3.25593e-06
3.61019e-06
1.14117e-06
1.06266e-06
3.84128e-07
3.98237e-07
2.81727e-06
2.26312e-06
3.00322e-06
5.05067e-06
4.6659e-06
4.3984e-06
7.30846e-06
1.18788e-05
2.76839e-06
1.23428e-06
9.58204e-06
3.30107e-05
1.83704e-05
6.59997e-06
1.17882e-05
1.10821e-05
3.70788e-06
1.47624e-06
3.06324e-06
5.24389e-06
3.89872e-06
3.33727e-06
3.51654e-06
3.14093e-06
3.60935e-06
4.53531e-06
5.58285e-06
5.92964e-06
4.72868e-06
6.57275e-06
5.18078e-06
4.27438e-06
9.70907e-06
1.16077e-05
6.04896e-06
1.26741e-05
9.45372e-06
7.25807e-06
3.12617e-06
5.48467e-06
8.67158e-06
7.78736e-06
9.85226e-06
2.71472e-06
5.49848e-06
3.70141e-06
3.259e-06
4.00553e-06
3.37516e-06
7.14798e-06
1.60975e-05
1.02928e-05
8.48164e-06
1.01477e-05
5.095e-06
1.85125e-05
1.35826e-05
1.17937e-05
5.80499e-06
2.79759e-06
5.79247e-06
5.74624e-06
6.8478e-06
1.62882e-05
1.68816e-05
2.40127e-06
3.59909e-06
1.40404e-05
2.70112e-06
2.215e-06
3.33109e-05
2.61468e-05
4.63306e-06
8.43282e-06
1.7564e-06
7.11349e-06
4.74104e-06
5.05929e-06
1.29519e-05
2.2598e-05
9.90612e-06
1.38215e-06
1.35125e-06
1.05198e-05
1.17451e-05
2.23814e-06
5.87224e-06
5.37076e-06
6.08431e-06
2.77817e-05
1.64651e-05
2.58582e-05
8.91139e-06
1.77066e-06
4.83746e-06
4.563e-06
3.1083e-06
6.31313e-06
1.52343e-05
1.36105e-05
3.35259e-05
3.12122e-06
1.09754e-05
7.12371e-06
5.21332e-06
3.88105e-06
5.27837e-06
7.39695e-06
5.79882e-06
9.25654e-06
9.31253e-06
4.55161e-06
1.87173e-05
1.01368e-05
2.64178e-06
6.63345e-06
4.59196e-06
5.81898e-06
3.06319e-05
6.69297e-06
2.51071e-05
5.77655e-06
4.01533e-06
4.55451e-06
2.28297e-05
3.38788e-05
4.95395e-06
7.68081e-06
1.60312e-05
2.17758e-05
1.56456e-05
6.28953e-06
3.49854e-06
3.08976e-06
2.13979e-06
7.94791e-06
4.33222e-06
6.59602e-06
7.16893e-06
5.60999e-06
4.1472e-06
3.67087e-06
1.36731e-05
6.33136e-06
6.51315e-06
9.07224e-06
8.86056e-06
3.48135e-06
6.69065e-06
9.04985e-06
4.10262e-06
2.70329e-06
4.33741e-06
7.23302e-06
8.91278e-06
9.41551e-06
1.21998e-05
2.18752e-05
1.74539e-05
1.77993e-05
5.75375e-06
4.70805e-06
6.75775e-06
6.37616e-06
3.79862e-09
1.79559e-08
6.5014e-09
2.34488e-08
1.20115e-07
1.90174e-07
4.27713e-08
1.83195e-07
1.64072e-07
4.7252e-08
5.14151e-09
3.11394e-09
1.85504e-08
9.11135e-09
1.54293e-09
1.29608e-08
3.45731e-09
1.11886e-08
2.77259e-08
1.01537e-08
5.63285e-09
4.34201e-08
3.20654e-08
1.08884e-07
3.26876e-07
4.31239e-07
1.22259e-07
5.7227e-07
4.34001e-07
6.35082e-08
8.52759e-09
1.78106e-08
5.01624e-08
2.23736e-08
1.16789e-08
3.68314e-08
1.34781e-08
6.28942e-08
5.07283e-08
2.46893e-08
1.00605e-08
1.21311e-07
2.06125e-06
1.35891e-06
2.82896e-07
1.36407e-06
9.51604e-07
2.4312e-06
2.94664e-06
1.36403e-06
5.93322e-07
1.02543e-07
1.5962e-07
2.76189e-07
1.67679e-07
8.70489e-08
1.46911e-07
1.05562e-06
6.18849e-07
5.76985e-08
1.22082e-06
1.4169e-07
3.55735e-07
4.25556e-06
7.19469e-06
3.58445e-06
4.57866e-06
7.67413e-06
7.73436e-06
6.70193e-06
5.40377e-06
6.50248e-06
6.83797e-06
7.49695e-06
5.43827e-06
1.55029e-06
5.70654e-07
2.69321e-06
4.72379e-06
2.47881e-06
2.83447e-06
1.34502e-06
6.77175e-06
1.28047e-06
5.2029e-06
5.46928e-06
6.43388e-06
1.29816e-05
2.11975e-05
8.76817e-06
1.16129e-05
8.28583e-06
4.02986e-06
1.75044e-06
3.77548e-06
6.27703e-06
3.25138e-06
8.56606e-06
8.82493e-06
2.19064e-06
4.47181e-06
3.31018e-06
3.43258e-06
5.25662e-06
3.0396e-06
1.08974e-05
5.94342e-06
4.57496e-06
8.84403e-06
7.716e-06
9.94818e-06
1.87018e-05
8.71517e-06
1.20896e-05
8.5602e-06
4.95361e-06
4.49211e-06
1.90809e-06
3.94875e-06
3.44389e-06
4.85934e-06
5.81862e-06
1.09099e-05
6.37787e-06
6.83558e-06
1.20677e-05
1.77656e-05
5.15362e-06
3.77473e-05
1.05003e-05
1.53748e-05
1.18781e-05
1.84714e-05
1.28859e-05
9.74558e-06
4.76109e-06
4.45266e-06
7.09761e-06
6.89518e-06
4.25268e-06
5.42388e-06
7.67788e-06
7.18656e-06
5.49284e-06
8.47987e-06
1.04684e-05
6.68508e-06
5.27562e-06
2.31021e-05
9.16013e-06
7.93146e-06
4.72872e-06
1.67059e-05
2.01655e-05
7.37081e-06
1.22339e-05
4.39846e-06
8.96607e-06
6.96068e-06
7.46895e-06
9.51697e-06
1.1022e-05
2.92203e-05
1.17606e-05
8.75808e-06
8.68834e-06
7.74738e-06
1.00349e-05
3.80253e-06
3.99665e-06
5.65253e-06
4.36559e-06
3.35627e-06
6.69378e-06
1.32431e-05
1.20531e-05
5.1289e-06
1.10667e-05
1.58639e-05
9.73599e-06
6.52377e-06
7.97701e-06
1.78267e-05
1.52904e-05
1.1749e-05
5.92295e-06
1.10851e-05
9.82489e-06
1.78027e-05
7.65388e-06
5.69053e-06
7.92332e-06
5.75704e-06
1.54915e-05
1.52477e-05
9.75349e-06
2.01529e-05
5.6332e-06
1.12299e-05
9.44488e-06
4.7541e-06
6.50835e-06
1.20484e-05
2.84978e-05
9.02908e-06
1.26372e-05
1.20942e-05
5.87351e-07
5.92955e-06
3.34976e-06
2.96932e-06
1.06471e-05
7.92753e-06
2.21855e-05
1.79077e-05
1.21988e-05
5.11163e-06
3.41964e-06
6.40164e-06
4.67974e-06
8.64022e-06
6.86901e-06
3.1393e-06
4.70482e-06
2.69362e-06
3.36266e-06
2.41136e-06
3.12387e-06
1.57214e-06
2.57837e-06
1.4141e-05
2.3003e-05
1.35749e-05
4.88228e-06
9.55259e-06
4.68776e-06
1.27313e-05
1.25265e-05
1.37876e-05
5.10994e-06
1.07734e-08
2.29779e-08
3.39967e-08
1.59573e-08
6.76995e-08
3.81068e-08
7.42989e-09
3.33064e-08
2.55621e-07
2.25101e-07
1.91014e-08
2.2958e-09
3.16033e-09
1.07662e-08
4.62372e-09
9.2944e-09
2.02378e-08
3.14506e-08
1.36691e-07
5.29364e-08
4.05302e-08
2.00948e-07
2.06048e-07
4.89907e-08
2.84515e-07
1.32414e-07
3.38371e-08
9.16078e-08
5.24157e-07
4.45578e-07
4.67538e-08
1.78283e-08
1.43352e-08
3.81726e-08
3.87916e-08
2.44909e-08
3.29837e-08
5.50082e-08
2.48227e-07
1.11745e-07
8.99501e-08
7.76028e-07
3.08827e-06
2.07855e-06
6.68268e-07
4.86874e-07
3.80223e-07
2.13412e-06
4.16353e-06
5.26693e-07
8.3032e-08
1.40977e-07
9.17593e-08
8.53709e-08
2.17755e-07
1.45692e-07
2.29685e-07
3.20511e-07
7.32738e-07
2.57631e-07
1.84069e-07
5.92234e-07
2.86402e-06
4.99891e-06
3.57375e-06
1.27917e-06
5.06252e-06
2.28641e-06
3.56191e-06
7.33393e-06
5.22679e-06
3.4078e-06
5.43205e-06
1.19555e-05
3.89917e-06
2.04734e-06
1.46716e-06
6.58422e-07
2.71692e-06
2.94866e-06
2.33491e-06
3.76976e-07
1.12502e-06
3.92756e-06
6.12895e-06
2.42412e-06
3.39179e-06
4.82825e-06
6.51459e-06
3.35152e-05
3.49487e-05
2.30116e-05
5.75941e-06
1.38559e-05
1.76553e-05
4.46768e-06
3.6787e-06
6.57939e-06
8.25446e-06
4.73638e-06
3.94736e-06
9.22083e-06
8.56427e-06
3.07638e-06
3.23357e-06
4.23882e-06
4.9635e-06
8.50165e-06
1.35403e-05
3.71722e-05
7.61064e-05
5.77647e-05
6.3181e-06
5.61045e-06
4.93966e-06
6.74138e-06
3.26363e-06
2.54172e-06
3.96154e-06
1.57497e-05
4.84806e-06
7.39007e-06
4.79957e-06
6.69941e-06
9.86687e-06
2.00172e-05
1.05366e-05
4.03678e-06
1.09674e-05
7.56799e-06
1.67863e-05
4.07154e-05
5.05324e-05
2.37526e-05
4.40879e-06
1.07714e-05
9.70755e-06
5.3702e-06
3.12125e-06
1.24845e-05
3.64748e-06
3.33869e-06
7.83713e-06
1.11819e-05
1.4685e-05
1.0495e-05
1.78044e-05
9.79342e-06
6.20341e-06
3.71631e-06
6.33576e-06
8.65216e-06
2.93738e-05
7.16675e-05
1.64484e-05
9.64744e-06
1.25367e-05
3.74446e-06
6.22125e-06
6.06431e-06
8.26863e-06
3.58359e-05
2.84092e-05
8.0084e-06
1.04959e-05
1.18019e-05
1.65382e-05
2.11043e-05
5.27805e-06
3.53186e-06
9.34131e-06
5.23901e-06
4.29951e-06
2.48718e-05
1.66558e-05
1.15586e-05
6.17389e-06
2.02179e-05
2.63099e-05
3.64266e-06
1.93178e-05
1.11184e-05
8.14987e-06
7.90709e-06
1.13708e-05
9.82593e-06
7.72447e-06
6.63229e-06
4.78334e-06
2.5431e-06
2.01096e-05
2.5882e-05
6.61631e-06
1.35454e-05
1.20666e-05
6.93348e-06
3.73195e-06
9.36311e-06
2.91746e-05
1.3026e-05
8.94733e-06
9.82563e-06
8.82094e-06
2.02391e-05
1.50813e-05
4.16362e-06
4.57915e-06
3.61546e-06
3.84033e-06
5.4008e-06
4.65125e-06
1.9154e-05
1.49456e-05
1.32829e-05
3.52412e-06
3.99648e-06
4.97187e-06
7.32866e-06
1.10245e-05
6.44884e-06
1.37164e-05
1.12268e-05
3.76e-06
1.03527e-05
6.17877e-06
3.26837e-06
3.35514e-06
2.23817e-06
2.54211e-06
4.97816e-06
2.68779e-05
3.8083e-05
1.89582e-05
2.65671e-06
4.8819e-06
4.28455e-06
9.20169e-06
5.37139e-06
9.1514e-06
6.6019e-06
6.24554e-09
1.42714e-08
3.23839e-08
2.17954e-08
7.39753e-08
3.88175e-08
3.63127e-09
3.37428e-08
9.86063e-08
2.89371e-08
5.80562e-09
3.03653e-10
1.67443e-09
5.52199e-09
6.084e-09
2.59268e-09
1.89872e-09
1.98095e-08
5.63357e-08
1.83616e-08
4.12542e-08
1.11551e-07
9.0033e-08
2.04956e-08
8.18253e-08
3.60679e-07
1.54067e-08
1.30882e-07
3.78646e-08
1.83692e-08
1.75368e-08
8.22788e-09
2.9873e-08
1.33676e-08
1.85587e-08
6.24975e-09
6.84251e-09
3.44405e-08
1.17691e-07
2.81333e-08
4.37758e-07
1.80692e-07
2.10822e-07
5.82483e-07
8.0584e-07
8.45516e-07
1.30204e-07
5.11381e-07
8.46976e-07
1.57517e-07
1.74949e-08
7.67845e-08
3.2361e-07
7.22746e-07
1.2448e-07
5.32306e-08
1.10801e-07
7.2139e-08
2.15919e-07
1.67599e-07
5.43308e-06
9.1739e-06
5.42598e-06
1.6322e-06
1.06863e-06
7.58353e-06
3.90191e-06
9.42232e-06
4.31022e-06
8.83523e-06
2.4368e-06
1.92655e-06
5.582e-06
6.14686e-06
6.86568e-06
7.78045e-07
2.30075e-06
4.29304e-06
1.40602e-06
7.47733e-07
1.8769e-06
1.10205e-05
5.19953e-06
4.18559e-06
8.04995e-07
9.13531e-06
6.47266e-06
2.71091e-06
2.73985e-06
1.34391e-05
5.60547e-06
1.19171e-06
3.31144e-06
1.02849e-05
2.20938e-05
1.20753e-05
9.49545e-06
1.74787e-05
2.01129e-05
3.8506e-06
5.58395e-06
2.60635e-05
3.37433e-06
1.06518e-05
4.02376e-06
8.38243e-06
8.56754e-06
1.08993e-05
6.1789e-06
1.18288e-05
1.42565e-05
6.20925e-06
1.50195e-06
7.14662e-06
1.35279e-05
1.37564e-05
1.82959e-05
7.97727e-06
3.89285e-05
1.53524e-05
2.36695e-06
1.71306e-05
1.23914e-05
2.05694e-05
2.55596e-05
5.6483e-06
5.71881e-06
7.45297e-06
1.03475e-05
1.23721e-05
1.1518e-05
6.8414e-06
6.24162e-06
4.65464e-06
1.30123e-05
8.82324e-06
1.64784e-05
1.11841e-05
4.51128e-06
9.90478e-06
1.06199e-05
3.7293e-05
2.89254e-05
2.4415e-05
3.72918e-05
1.03138e-05
3.0927e-06
1.71262e-05
1.00943e-05
9.21525e-06
1.18539e-05
2.5562e-05
9.10489e-06
6.24812e-06
9.22249e-06
1.06773e-05
4.0974e-05
1.06269e-05
1.40698e-05
3.04958e-05
3.95789e-05
1.20375e-05
1.29224e-05
1.33662e-05
3.86109e-05
3.66559e-05
2.35182e-05
1.63721e-05
3.72997e-06
8.63062e-06
3.22591e-05
8.91715e-06
2.60509e-06
7.86444e-06
4.64114e-06
1.94174e-05
2.41843e-05
8.97095e-06
1.59011e-05
2.19869e-05
3.29363e-05
2.24053e-05
2.95967e-05
8.80488e-06
3.96238e-06
5.83715e-06
1.91145e-05
1.6597e-05
1.157e-05
3.25367e-06
2.28402e-06
1.77911e-05
1.60752e-05
7.56603e-06
6.19566e-06
2.36148e-05
6.16895e-06
1.51025e-05
9.00321e-06
1.64504e-05
1.10707e-05
7.47691e-06
3.13416e-06
4.95493e-06
5.14972e-06
6.47163e-06
7.89572e-06
8.53993e-06
6.63253e-06
1.1371e-05
4.14367e-06
4.60589e-06
4.44671e-06
2.33928e-05
6.89155e-06
7.92809e-06
5.82416e-06
1.1674e-05
4.39064e-06
9.39164e-06
1.01728e-05
8.39098e-06
5.75556e-06
1.09652e-05
4.66199e-06
7.37244e-06
3.90872e-06
5.05631e-06
5.12307e-06
4.56361e-06
1.21039e-05
1.06323e-05
9.18451e-06
1.30727e-05
2.74637e-05
2.33721e-05
2.52065e-06
2.04417e-06
2.56162e-06
6.96267e-06
3.75059e-09
7.39489e-09
1.50336e-08
1.43766e-08
1.86089e-09
1.80122e-08
2.59676e-09
5.06926e-09
4.94862e-09
1.28181e-08
1.19493e-08
4.34653e-09
4.23595e-08
1.10607e-07
8.47397e-08
5.01609e-08
2.74353e-08
1.9853e-08
1.22107e-08
8.69318e-09
1.75108e-08
1.91423e-08
2.87116e-08
1.50069e-08
1.12929e-08
1.15359e-07
2.88197e-08
1.12536e-08
1.99673e-08
3.53135e-08
2.14158e-08
2.64909e-08
1.06947e-07
3.21095e-07
1.48684e-07
1.07007e-07
7.9211e-08
6.53625e-08
3.56384e-08
2.26667e-08
1.06997e-07
8.889e-08
8.57872e-08
3.35253e-07
1.57594e-07
5.61102e-07
5.22694e-07
5.9783e-08
3.92727e-08
1.35865e-07
1.92861e-07
1.11968e-07
4.33255e-07
1.28591e-06
9.15584e-07
3.57034e-07
3.54369e-07
3.56245e-07
2.36865e-07
1.34684e-07
3.0562e-06
4.96044e-06
1.5437e-06
2.24867e-06
2.85135e-06
2.32712e-06
8.03513e-07
7.2881e-07
7.01787e-07
1.07139e-06
2.86167e-07
1.57219e-06
3.07557e-06
1.05251e-06
8.16801e-06
9.49671e-06
3.19219e-06
2.23001e-06
1.49128e-06
9.17329e-07
8.93473e-06
1.15442e-05
3.26731e-06
3.95306e-06
2.36329e-06
2.09681e-06
1.06084e-05
8.9703e-06
3.28568e-06
5.33949e-06
5.43937e-06
2.22164e-06
2.19949e-06
1.935e-06
3.63668e-06
1.16616e-05
1.07741e-05
7.72737e-06
4.53093e-06
3.06444e-06
6.1467e-06
8.85386e-06
5.96608e-06
8.67929e-06
5.34329e-06
4.57342e-06
1.1709e-05
2.70723e-05
4.2059e-06
5.73107e-06
4.52476e-06
2.44914e-06
5.5537e-06
5.9835e-06
2.42991e-06
1.13863e-05
1.35249e-05
3.18878e-06
4.2321e-06
6.38345e-06
5.67886e-06
1.18107e-05
1.77559e-05
2.35491e-05
1.51988e-05
7.54418e-06
5.90542e-06
1.61098e-05
8.92719e-06
1.03519e-05
7.17303e-06
9.13083e-06
6.70709e-06
5.90519e-06
6.97943e-06
8.4587e-06
1.54648e-05
1.63622e-05
5.85959e-06
1.77366e-05
6.00824e-05
3.38793e-05
1.85721e-05
4.93427e-06
1.28895e-05
7.68662e-06
4.49128e-06
6.4043e-06
8.13415e-06
6.54923e-06
7.75809e-06
4.95588e-06
3.86845e-06
4.72056e-06
1.3293e-05
1.27073e-05
3.34236e-05
4.66546e-05
1.51542e-05
2.82124e-05
7.70544e-05
3.41809e-05
1.02029e-05
8.18176e-06
5.72002e-06
6.69361e-06
1.2839e-05
1.4724e-05
1.03537e-05
1.07228e-05
7.5304e-06
1.28093e-05
7.56464e-06
2.92883e-06
5.4265e-06
6.60494e-06
1.23103e-05
5.51123e-05
2.68557e-05
2.85157e-05
1.30404e-05
6.4687e-06
1.55863e-05
9.36755e-06
1.07255e-05
2.3872e-06
9.66836e-06
7.98976e-06
1.19553e-05
1.25684e-05
3.43063e-05
4.38095e-05
2.85961e-05
1.00713e-05
3.36351e-06
1.17588e-05
3.53928e-06
7.45437e-06
3.39967e-05
2.57636e-05
5.78387e-06
1.73343e-05
9.55458e-06
5.96451e-06
9.38451e-06
6.89097e-06
8.39107e-06
1.03587e-05
5.4095e-06
6.63874e-06
7.37609e-06
1.52594e-05
1.31525e-05
1.35126e-05
1.05219e-05
5.26519e-06
3.76352e-06
4.59935e-06
1.28077e-05
2.27599e-05
3.68265e-06
5.13709e-06
6.9465e-06
1.19e-05
1.11507e-05
5.08292e-06
8.04279e-06
2.53868e-06
5.64318e-06
1.56693e-05
9.39336e-06
4.61731e-06
3.69227e-06
2.75423e-05
2.00918e-05
5.6986e-06
2.80205e-06
6.56818e-06
6.40508e-06
9.0858e-06
1.99137e-08
4.3853e-08
6.17591e-08
9.5909e-08
3.36359e-09
9.13733e-09
8.44755e-09
3.20179e-09
2.67876e-08
4.49573e-08
7.4578e-09
6.35947e-10
8.18645e-09
2.67442e-08
1.25226e-08
8.38113e-09
9.11403e-09
7.38719e-09
2.68434e-09
3.18696e-09
6.64363e-08
7.83636e-08
1.43274e-07
1.65608e-07
1.50091e-08
3.15454e-08
1.40587e-08
8.23814e-09
1.06461e-07
1.56269e-07
7.54678e-08
4.29528e-09
2.70534e-08
8.63117e-08
4.02395e-08
2.08837e-08
2.60871e-08
1.75551e-08
5.18018e-09
9.52554e-09
2.33608e-07
3.15099e-07
7.16418e-07
1.23552e-06
1.99787e-07
2.25272e-07
3.17319e-07
5.27067e-08
3.37306e-08
5.0976e-07
6.66653e-07
3.41858e-08
2.61284e-07
8.27401e-07
1.66051e-06
5.09564e-07
1.57088e-07
1.29702e-07
3.59671e-08
1.06031e-07
3.54525e-06
2.35055e-06
1.40687e-06
1.07922e-05
1.54322e-05
1.09285e-05
2.72876e-06
9.37836e-07
1.65499e-07
1.44657e-07
8.24587e-07
3.51276e-07
2.93523e-07
2.80486e-06
1.27499e-05
2.07731e-05
2.32831e-05
4.707e-06
9.12651e-07
1.82418e-06
4.45922e-06
3.26683e-06
1.62029e-06
3.82273e-06
1.51711e-05
1.08245e-05
9.35285e-06
6.72465e-06
1.60978e-06
1.19389e-06
7.70058e-06
4.19019e-06
2.08659e-06
2.96954e-06
5.12669e-06
1.32223e-05
4.39359e-05
2.36052e-05
4.00299e-06
4.28663e-06
4.51876e-06
4.70514e-06
3.97365e-06
4.68058e-06
3.80907e-06
2.69041e-06
6.95656e-06
2.49822e-05
1.70282e-05
4.22808e-06
3.00771e-06
5.28435e-06
5.11628e-06
3.03086e-06
2.24617e-06
6.31351e-06
1.03561e-05
1.33612e-05
3.63558e-06
3.67952e-06
6.25744e-06
8.3101e-06
7.27797e-06
1.28628e-05
1.5457e-05
3.87379e-06
1.50656e-05
4.55289e-05
4.69552e-05
1.99808e-05
1.33417e-05
1.11882e-05
4.10103e-06
3.78272e-06
8.41601e-06
1.59202e-05
8.62868e-06
2.40242e-05
1.35089e-05
6.84748e-06
1.46277e-05
7.15692e-06
1.29716e-05
5.80119e-06
4.07649e-05
3.03919e-05
5.42663e-06
8.98971e-06
3.10484e-05
2.38153e-05
5.73973e-06
8.68775e-06
1.10284e-05
1.44452e-05
7.77975e-06
3.56904e-05
9.27177e-06
3.72331e-05
3.16588e-05
1.02758e-05
1.87563e-05
1.17404e-05
1.40117e-05
4.854e-06
1.07764e-05
9.33265e-06
6.43162e-06
1.08421e-05
1.92853e-05
2.92087e-06
3.92598e-06
1.04526e-05
1.52118e-05
3.8503e-06
9.35733e-06
2.69686e-05
1.79925e-05
3.8633e-05
5.05268e-05
1.13075e-05
1.39225e-05
1.25244e-05
2.74013e-05
8.13266e-06
1.29855e-05
5.57136e-06
2.36343e-05
5.54925e-06
3.82918e-05
3.81608e-05
4.72235e-05
1.71636e-05
9.26552e-06
4.45583e-06
3.58816e-06
3.70507e-06
1.35217e-05
1.05137e-05
2.63639e-05
1.91582e-05
6.79023e-06
2.24758e-05
7.12505e-06
5.94373e-06
4.91279e-06
3.70413e-06
1.28888e-05
8.75437e-06
8.54094e-06
1.08628e-05
1.81393e-05
8.56616e-06
8.2547e-06
7.12545e-06
4.53969e-06
5.74278e-06
7.99794e-06
1.03106e-05
1.9496e-05
3.28332e-05
8.20061e-06
7.70157e-06
4.88204e-06
6.47988e-06
6.94685e-06
7.82637e-06
6.76677e-06
4.59296e-06
3.99139e-06
1.45227e-05
5.54326e-06
3.40002e-06
3.63977e-06
1.65575e-05
1.91833e-05
3.93062e-06
6.98871e-06
1.4326e-05
8.5637e-06
1.72897e-05
4.37195e-08
4.44644e-08
4.17424e-08
9.88171e-08
2.56261e-08
2.54556e-08
1.35567e-08
2.15025e-09
2.88883e-10
2.03965e-09
4.99856e-09
8.52901e-09
1.20106e-08
5.19454e-09
2.27734e-09
8.2633e-09
1.11272e-08
4.49522e-09
7.19694e-10
4.57219e-09
3.62614e-07
4.26689e-07
1.08332e-07
2.52719e-07
4.45744e-08
1.17134e-07
6.40148e-08
5.84295e-09
1.45377e-09
7.81582e-09
1.26474e-08
1.88749e-08
2.99734e-08
1.26949e-08
8.84715e-08
1.15405e-07
8.20473e-08
1.27009e-08
2.39345e-09
2.30822e-08
4.78683e-07
7.00675e-06
3.88447e-06
1.0246e-06
5.19762e-07
1.93888e-07
1.62918e-07
1.26736e-07
9.94891e-08
1.40524e-08
7.40211e-08
2.06008e-07
2.71294e-07
1.60472e-07
3.2583e-07
8.28317e-07
2.05288e-06
1.67423e-06
1.63919e-07
8.497e-08
3.79874e-07
6.57381e-07
4.28093e-07
6.45632e-06
1.26758e-06
1.51682e-06
1.76699e-06
1.28918e-06
9.7107e-07
3.83964e-07
1.01274e-06
1.26745e-06
4.24749e-07
3.08589e-06
4.45961e-06
5.5949e-06
1.30921e-06
2.30724e-06
4.16864e-06
6.14323e-06
4.80585e-06
3.69923e-06
4.35784e-06
3.0316e-06
2.75344e-06
1.02013e-06
2.08149e-06
1.42832e-06
5.41554e-07
5.92306e-07
2.26833e-06
6.2534e-06
6.6913e-06
3.85347e-06
1.65194e-06
4.16253e-06
5.14166e-06
2.22041e-06
5.11646e-06
1.48932e-05
3.15024e-05
4.31548e-06
5.52464e-06
4.49214e-06
5.42583e-06
1.1554e-06
2.1904e-06
4.34775e-06
2.11647e-06
4.30996e-06
3.94206e-06
6.28641e-06
1.57505e-05
3.50497e-06
1.94195e-06
3.27412e-06
7.34732e-06
1.35402e-05
8.72188e-06
1.34914e-05
2.71996e-05
1.09549e-05
4.45454e-06
5.05351e-06
6.43153e-06
1.97899e-06
1.94092e-06
2.93441e-06
3.07195e-06
5.40258e-06
3.96614e-06
4.48409e-06
4.13984e-06
3.96141e-06
5.76993e-06
6.15815e-06
7.36192e-06
9.97234e-06
2.94651e-05
7.16332e-06
4.48916e-05
1.47006e-05
4.69014e-06
5.19322e-06
1.01137e-05
3.68113e-05
1.07037e-05
4.92335e-06
7.01347e-06
1.30019e-05
7.44793e-06
2.81963e-05
4.8728e-06
5.10474e-06
1.06769e-05
7.07304e-06
4.38053e-06
2.82025e-05
2.22297e-05
4.40363e-06
1.14536e-05
3.38716e-05
9.77129e-06
5.21777e-06
6.81726e-06
1.2811e-05
3.62907e-06
4.6216e-06
4.99403e-06
3.07916e-06
6.77504e-06
4.86293e-05
5.00739e-05
1.36616e-05
7.74926e-06
1.49189e-05
1.48527e-05
7.78686e-06
7.39757e-06
1.74515e-05
3.92322e-05
7.72397e-06
9.60822e-06
1.26424e-05
3.2026e-05
1.46732e-05
1.62671e-05
2.52084e-06
4.64728e-06
5.98427e-06
6.35121e-06
1.38031e-05
2.66752e-05
7.71593e-06
1.54715e-05
2.62049e-05
3.06721e-05
7.36294e-06
4.56263e-06
2.98261e-05
1.87678e-05
4.13775e-06
4.26447e-06
9.91314e-06
7.47255e-06
3.51028e-06
4.25771e-06
6.43575e-06
4.59729e-06
1.87566e-05
2.26611e-05
2.03166e-05
9.39831e-06
7.65156e-06
8.33851e-06
1.20527e-05
2.45803e-05
1.5737e-05
6.00572e-06
5.94765e-06
7.57274e-06
6.10656e-06
4.99264e-06
3.70459e-06
9.51193e-06
8.51661e-06
1.22298e-05
1.19198e-05
5.80741e-06
2.67929e-05
2.61237e-05
1.19939e-05
1.86001e-05
5.56717e-06
2.60419e-06
6.61686e-06
1.12883e-05
4.99366e-06
7.05578e-06
3.3045e-06
3.87246e-08
5.0367e-08
1.75916e-08
7.34782e-09
6.15481e-09
1.04942e-08
1.54721e-08
2.52334e-09
2.68077e-09
1.47075e-08
3.2918e-08
5.08844e-08
4.23703e-08
1.25904e-08
4.63303e-09
5.8174e-09
9.63497e-09
1.76523e-08
8.68615e-09
1.03951e-08
1.34884e-07
1.47294e-07
1.90694e-08
1.39356e-08
1.10967e-08
3.22927e-08
3.90118e-08
5.92779e-09
1.02769e-08
5.46674e-08
1.2143e-07
1.68917e-07
1.38454e-07
3.18756e-08
9.17574e-09
2.29183e-08
3.02515e-08
1.32749e-07
9.47166e-08
3.93941e-08
1.18141e-06
8.23085e-07
4.05271e-07
2.87333e-08
1.21296e-08
6.21835e-08
1.46123e-07
2.24542e-08
5.13296e-08
3.36162e-07
1.68938e-06
3.43302e-06
3.71515e-06
2.3553e-06
2.66232e-08
1.84443e-07
1.93755e-07
2.14173e-06
5.74112e-06
3.41741e-06
1.65715e-05
2.28132e-06
2.08212e-06
1.05586e-06
2.90718e-07
1.52562e-06
5.38862e-07
5.26309e-07
5.24462e-08
1.30219e-07
3.35287e-06
2.17821e-05
2.4428e-05
1.82235e-05
1.26633e-05
8.04664e-06
4.13126e-06
2.05213e-06
3.11352e-06
8.14474e-06
1.02056e-05
7.37425e-06
3.05918e-06
1.78596e-06
1.46779e-06
1.59779e-06
2.84148e-06
1.89164e-06
4.20915e-07
1.15794e-07
4.32698e-07
1.12006e-05
1.94016e-05
2.15427e-05
1.02864e-05
9.03011e-06
1.27785e-05
4.77604e-06
4.85245e-06
3.83609e-06
1.64506e-05
1.04268e-05
3.45618e-06
1.84581e-06
4.52741e-06
1.08575e-06
4.15891e-06
9.62959e-06
5.61007e-06
2.21247e-06
1.36508e-06
3.76132e-06
9.07908e-06
1.4859e-05
3.05925e-05
1.04736e-05
2.88544e-06
2.58528e-06
5.64967e-06
9.46717e-06
1.13524e-05
3.17212e-06
3.78846e-06
1.5846e-06
5.19803e-06
2.80562e-06
4.96584e-06
6.03994e-06
6.2155e-06
1.17472e-05
4.00379e-06
4.95702e-06
4.45468e-06
6.30235e-06
7.52158e-06
5.52703e-06
2.6011e-06
5.24005e-06
4.11636e-06
8.10263e-06
6.44441e-06
7.76902e-06
3.20699e-06
2.57252e-06
6.56172e-06
1.84707e-05
4.8727e-06
5.14857e-06
2.91096e-06
2.57538e-06
1.20828e-05
8.79048e-06
6.21255e-06
2.62243e-06
2.68716e-06
6.55126e-06
5.40403e-06
6.44954e-06
1.05845e-05
1.94058e-06
5.61678e-06
8.34858e-06
1.1106e-06
2.17805e-06
6.2511e-06
1.69613e-05
7.81883e-06
3.18916e-06
1.1831e-06
2.51912e-06
7.37416e-06
7.09454e-06
1.46626e-05
1.05387e-05
6.06299e-06
2.20141e-05
1.42019e-05
3.25131e-06
4.08764e-06
6.44796e-06
1.0215e-05
1.45957e-05
2.72979e-06
4.75802e-06
3.41651e-06
5.85449e-06
3.04681e-05
1.16163e-05
2.17634e-06
3.30498e-06
4.83438e-06
9.35597e-06
6.76998e-06
6.56885e-06
1.71886e-05
4.85391e-06
6.61436e-06
7.85729e-06
2.40169e-06
7.15388e-06
5.43187e-06
1.61465e-05
2.46496e-05
1.07022e-05
5.27523e-06
9.22866e-06
8.9971e-06
3.77454e-06
1.87739e-06
3.95587e-06
3.71682e-06
2.5437e-05
9.62191e-06
7.30838e-06
3.73441e-06
2.12297e-05
2.82551e-05
4.93536e-06
1.58246e-05
1.73337e-05
7.64663e-06
2.25025e-05
3.19096e-05
1.94892e-05
7.86894e-06
9.80361e-06
9.55009e-06
1.10803e-05
3.07631e-06
4.23784e-06
6.18838e-06
5.72545e-06
9.91252e-06
7.4791e-06
3.39173e-06
5.7896e-06
3.47194e-05
1.70905e-05
1.02612e-05
6.04261e-06
5.98053e-06
1.308e-05
3.04132e-05
2.39602e-05
1.77126e-05
2.13969e-05
1.15737e-05
1.88636e-05
1.00849e-05
4.18371e-06
5.20906e-06
3.63049e-05
3.96792e-05
1.67261e-05
1.25455e-05
7.3278e-06
7.18658e-06
1.36776e-05
1.46536e-05
1.1722e-05
3.92131e-06
1.93393e-05
2.41916e-05
6.74313e-06
5.20361e-06
2.78458e-06
5.86716e-06
1.736e-05
9.69513e-06
8.82398e-06
3.56877e-05
3.43101e-05
1.05224e-05
2.94603e-05
2.98887e-05
8.88907e-06
8.863e-06
8.32968e-06
1.21766e-05
5.08204e-05
2.07943e-06
1.64516e-05
9.89726e-06
5.02551e-06
6.95758e-06
1.45147e-05
6.22766e-06
4.86264e-06
5.64954e-06
8.39805e-06
3.06896e-06
2.62803e-06
2.73469e-06
1.16063e-05
2.00297e-05
2.53355e-05
2.67665e-06
4.82459e-06
8.24028e-06
4.53363e-06
1.1215e-05
2.96056e-05
1.32465e-05
4.81005e-06
1.42335e-05
2.09505e-05
6.1966e-06
2.62286e-05
9.02633e-06
2.28549e-05
5.56268e-06
2.70984e-06
4.34557e-06
4.20126e-06
7.61399e-06
6.20839e-06
7.92644e-06
1.17833e-05
1.43691e-05
7.04719e-06
1.98364e-05
2.37476e-05
5.55132e-06
9.19557e-06
1.8856e-05
3.11015e-05
1.16796e-05
1.78445e-05
4.20832e-06
1.23105e-05
4.33096e-06
6.0677e-06
8.87647e-06
8.15622e-06
6.20024e-06
3.28635e-05
1.14795e-05
1.44639e-05
9.22439e-06
6.27673e-06
1.2503e-05
7.86631e-06
1.25797e-06
3.5693e-06
8.99264e-06
1.84473e-05
7.32978e-06
5.92715e-06
7.33122e-06
3.60195e-06
5.92281e-06
1.08895e-05
9.15256e-06
6.33102e-06
6.73248e-06
1.51446e-05
4.28821e-06
4.77545e-06
3.10206e-06
4.07545e-06
1.83008e-05
4.50105e-06
3.39913e-06
5.67431e-06
9.25389e-06
6.04085e-06
2.09365e-06
4.88006e-06
6.78877e-06
2.30319e-06
4.48785e-06
1.40021e-05
4.05073e-06
1.07211e-05
1.52692e-05
2.84347e-06
1.80586e-06
1.70958e-06
3.04388e-06
6.11684e-06
4.47287e-06
2.43627e-06
4.77618e-06
1.8603e-06
4.71762e-07
8.89977e-07
6.56658e-06
8.00783e-06
5.01336e-06
1.41647e-06
1.19519e-05
1.30924e-05
1.09853e-05
1.18984e-05
4.02488e-07
7.15632e-07
1.30934e-06
2.71162e-06
4.59638e-06
1.0877e-05
2.94796e-06
3.137e-06
1.07083e-06
3.52117e-07
3.97887e-07
1.08742e-06
3.44394e-06
1.29217e-06
9.27961e-07
7.49507e-07
3.31649e-06
3.59488e-06
4.16017e-06
1.32308e-07
1.83227e-07
8.15649e-07
8.80202e-07
1.32496e-06
3.65993e-06
2.49382e-06
2.45723e-07
1.65804e-07
2.23965e-07
2.01329e-07
2.52536e-07
1.22663e-06
1.43799e-06
6.48662e-07
4.32514e-07
1.26357e-07
7.24151e-07
6.14865e-08
5.29198e-08
1.91352e-08
7.4246e-08
1.50945e-07
1.52322e-07
1.22454e-07
1.62894e-07
5.1522e-07
5.24991e-08
3.61745e-08
4.90457e-08
4.76766e-08
7.48946e-08
2.58859e-07
3.16001e-07
1.0228e-07
2.38954e-08
1.87996e-08
2.37163e-08
1.40076e-08
1.83325e-08
2.95398e-09
2.90034e-09
1.59104e-08
1.11604e-08
1.17447e-08
6.50721e-08
8.16554e-08
1.22933e-08
5.77514e-09
1.39009e-08
1.36269e-08
1.7313e-08
7.72764e-08
1.03236e-07
2.94539e-08
3.83255e-09
2.62665e-09
1.70008e-09
3.42157e-09
7.15892e-09
1.31812e-09
6.38017e-10
3.39273e-09
1.84248e-09
2.60717e-09
8.24251e-09
2.12552e-08
2.74005e-06
6.14295e-06
2.5499e-05
2.00407e-05
4.9902e-06
1.54327e-05
4.8014e-06
1.12985e-05
7.20799e-06
3.27294e-06
6.27799e-06
2.5658e-05
2.22081e-05
1.52819e-05
2.05841e-05
8.89345e-06
1.71221e-05
4.22693e-06
6.13594e-06
3.31196e-06
4.10114e-06
1.35593e-05
2.5062e-05
5.40116e-06
6.31323e-06
1.30477e-05
3.40136e-06
6.97202e-06
2.92858e-06
6.04843e-06
2.18158e-05
3.21293e-06
2.08349e-06
9.58682e-06
1.26443e-05
3.47699e-06
3.19773e-06
1.28632e-05
7.59153e-06
3.56442e-05
2.92772e-05
3.61659e-05
1.38621e-05
3.36948e-06
3.73835e-06
8.5889e-06
7.88084e-06
4.80443e-06
1.34746e-05
5.40212e-06
7.23669e-06
2.4485e-06
3.20789e-06
5.75491e-06
3.00662e-06
6.82692e-06
2.22276e-05
1.09899e-05
4.19931e-06
2.2859e-05
1.15871e-05
5.62645e-06
8.87946e-06
3.27077e-05
3.49745e-05
1.657e-05
1.1107e-05
1.80507e-05
8.98218e-06
8.85043e-06
6.18369e-06
3.56565e-06
5.70857e-06
5.74668e-06
4.12242e-06
5.58455e-06
5.51792e-06
6.94157e-06
8.70328e-06
1.47077e-05
1.0656e-05
1.14633e-05
8.75192e-06
1.70527e-05
3.78965e-05
3.54254e-05
4.69525e-06
8.27614e-06
2.67412e-06
8.31326e-06
6.22808e-06
3.98802e-06
1.53583e-05
6.1102e-06
3.31358e-06
6.22333e-06
8.68919e-06
2.6355e-05
8.12024e-06
3.92941e-06
2.20994e-05
5.74848e-06
5.07554e-06
4.55424e-06
7.78898e-06
5.79022e-06
4.48646e-06
2.62665e-06
1.83177e-06
4.35158e-06
1.07332e-05
7.34636e-06
1.9619e-05
4.08e-06
1.47194e-05
6.66121e-06
8.77179e-06
1.0199e-05
6.1975e-06
2.6839e-05
2.00663e-05
4.44534e-06
3.33988e-06
4.75494e-06
8.17068e-06
6.28315e-06
9.38645e-07
6.66567e-07
5.90098e-07
1.53409e-05
1.26013e-05
4.39287e-06
3.82968e-06
3.96808e-06
6.90384e-06
6.18891e-06
7.05533e-06
1.08518e-05
3.26885e-05
5.52319e-05
1.44357e-05
1.30241e-05
2.19336e-06
4.86259e-06
1.18322e-06
1.23002e-06
4.3535e-07
8.04217e-07
8.6919e-06
1.28706e-05
7.15925e-06
1.8802e-05
2.28147e-06
1.3576e-06
8.17677e-07
8.06177e-06
1.25001e-05
1.17372e-05
2.02027e-05
2.29299e-05
5.21939e-07
8.88807e-07
1.19991e-06
1.57455e-06
1.34666e-06
1.10198e-06
1.21642e-06
1.18458e-06
3.56737e-06
5.63008e-06
5.95789e-06
1.11367e-05
1.42909e-06
2.00488e-07
4.85459e-06
1.10154e-05
1.39254e-05
1.77661e-05
1.88021e-05
6.66143e-06
1.95342e-07
1.37916e-07
3.42664e-07
7.4854e-07
6.97284e-07
2.48871e-08
1.03068e-07
5.81482e-08
1.89726e-07
5.31701e-06
1.04047e-05
7.26744e-07
1.82573e-07
1.59486e-07
1.83053e-07
1.62801e-07
2.71065e-07
4.39306e-07
3.28474e-07
1.41232e-07
1.27226e-08
1.58046e-08
9.80494e-08
1.62999e-07
1.49258e-08
6.94471e-10
1.68255e-09
8.9154e-09
3.21687e-08
2.61444e-07
1.53416e-07
6.10858e-08
2.57866e-08
5.80157e-08
1.6381e-08
1.26988e-08
3.9135e-08
1.39824e-07
4.78729e-08
4.62369e-08
1.5941e-08
6.77819e-09
4.43363e-08
5.94996e-08
1.7799e-08
2.54588e-09
2.98724e-10
2.1444e-09
3.64872e-09
6.49406e-08
2.11067e-07
1.56671e-07
5.64341e-09
1.84627e-08
1.52201e-08
5.59918e-09
1.89263e-08
7.57084e-08
1.21917e-07
9.13211e-08
4.09531e-06
5.2797e-06
5.35554e-06
7.39557e-06
8.65436e-06
8.17812e-06
5.37469e-06
1.0171e-05
1.67636e-05
7.23081e-06
2.82599e-06
7.00725e-06
7.31732e-06
3.63559e-06
4.98067e-06
5.8672e-06
3.44311e-06
4.46348e-06
8.35854e-06
1.03811e-05
5.06261e-06
5.22111e-06
5.18107e-06
8.36882e-06
1.20058e-05
1.39789e-05
4.80349e-06
4.73245e-06
1.36787e-05
5.19097e-06
5.1507e-06
1.06918e-05
2.2069e-06
5.21376e-06
9.82786e-06
6.34225e-06
2.29468e-06
3.15229e-06
3.15334e-06
3.53194e-06
4.79483e-06
1.4838e-05
8.55224e-06
9.29963e-06
4.67972e-06
6.49288e-06
2.90113e-06
9.33055e-06
1.59532e-05
1.90704e-05
9.87728e-06
7.11605e-06
1.02541e-05
5.34813e-06
4.86696e-06
5.6558e-06
7.88651e-06
4.13773e-06
6.21579e-06
1.6738e-05
1.28102e-05
8.75079e-06
1.79449e-05
5.16549e-06
6.92221e-06
4.72747e-06
1.51906e-05
7.33299e-06
1.69813e-05
2.00512e-05
1.47176e-05
2.50403e-05
2.26964e-05
6.56869e-06
8.12897e-06
1.21803e-05
4.9376e-06
1.12623e-05
1.90184e-05
1.21615e-05
6.57685e-06
2.01728e-05
1.69497e-05
1.66326e-05
6.59927e-06
1.58521e-05
1.91996e-05
4.00178e-06
3.84701e-06
7.04946e-06
2.12314e-05
3.10466e-05
9.60472e-06
1.28519e-05
4.41291e-06
2.73921e-06
2.07498e-05
9.59063e-06
2.58318e-05
1.00453e-05
9.69575e-06
1.06443e-05
1.34538e-05
5.61351e-06
4.7403e-06
1.33489e-05
1.44101e-05
3.32949e-06
8.09772e-06
1.3498e-05
6.9098e-06
7.15094e-06
4.65171e-06
3.55843e-05
1.27746e-05
2.82479e-06
4.98517e-06
2.54793e-06
9.62602e-06
1.27863e-05
2.82131e-06
2.01598e-06
9.42504e-06
3.66523e-06
4.1771e-06
3.08814e-06
9.89229e-07
1.57961e-06
1.42395e-05
6.50312e-06
4.69537e-06
1.35544e-05
2.91311e-05
3.67323e-05
2.96211e-06
2.00623e-06
4.82658e-06
4.8329e-06
4.5418e-06
8.14621e-06
2.13007e-06
8.58957e-06
3.74634e-06
1.35293e-06
3.04554e-06
1.26074e-06
1.05843e-06
1.40249e-06
4.20009e-06
1.53817e-06
4.16038e-06
1.60528e-05
1.95433e-05
3.18431e-06
2.17503e-06
6.25987e-06
1.05406e-05
4.22483e-06
8.64556e-06
4.00992e-06
4.41871e-06
3.23553e-06
4.69536e-06
2.24316e-06
1.60179e-06
6.74787e-07
1.01327e-06
1.41776e-06
2.29504e-06
1.20611e-06
9.31422e-06
1.44809e-05
7.88449e-07
7.40118e-07
7.51053e-07
8.98819e-07
6.29267e-06
1.89013e-06
4.53902e-06
2.7104e-06
1.24666e-06
9.52833e-07
3.73797e-07
3.98722e-07
1.83756e-07
4.75784e-07
4.72403e-07
5.25252e-07
9.92425e-08
3.01801e-07
4.02092e-06
3.29324e-06
1.57542e-06
1.97382e-07
1.21834e-07
1.09864e-07
1.37906e-07
2.40351e-07
1.22274e-07
9.41695e-07
7.964e-08
7.49804e-08
1.30704e-07
2.53832e-07
2.9568e-08
5.24193e-08
4.03197e-08
2.36638e-08
1.27406e-08
1.10854e-07
9.44287e-07
7.08628e-07
1.72731e-07
6.40791e-09
9.06701e-09
1.19377e-08
6.11495e-09
1.58499e-08
4.18352e-08
5.3164e-08
2.81314e-08
4.11127e-08
9.37251e-08
1.45721e-07
1.40574e-08
1.20796e-08
6.60203e-09
3.0056e-09
9.13277e-10
2.76408e-08
2.69599e-07
2.16895e-07
1.6243e-08
2.93793e-09
4.19954e-09
2.20557e-09
1.65236e-09
4.79806e-09
1.7137e-08
1.61896e-08
5.80916e-06
6.52941e-06
5.37947e-06
5.02436e-06
4.91296e-06
5.27516e-06
5.0093e-06
9.14042e-06
1.78401e-05
1.43593e-05
2.24444e-06
8.05761e-06
8.65793e-06
3.20669e-06
3.69023e-06
1.2147e-06
1.68251e-06
3.62628e-06
5.47927e-06
6.23338e-06
2.34975e-06
5.15511e-06
7.22851e-06
9.46727e-06
9.75397e-06
5.91505e-06
1.08478e-05
5.28229e-06
9.9363e-06
9.16421e-06
5.48469e-06
4.53353e-06
1.82467e-06
4.96644e-06
6.94507e-06
5.6785e-06
1.91781e-06
1.64984e-06
1.66337e-06
2.55374e-06
5.26096e-06
4.24335e-06
1.28346e-05
3.7565e-05
4.86485e-06
5.43131e-06
5.98477e-06
1.34188e-05
1.06905e-05
3.02998e-05
2.85454e-05
1.70909e-05
1.14742e-05
5.26994e-06
4.68838e-06
5.49269e-06
7.15988e-06
1.67482e-06
1.63955e-06
4.607e-06
8.11317e-06
1.36101e-05
4.23539e-05
1.79805e-05
1.18807e-05
1.28949e-05
1.75041e-05
8.88599e-06
8.72387e-06
2.32401e-05
7.21955e-06
1.32404e-05
9.46181e-06
1.71251e-05
2.6999e-05
1.84803e-05
6.61924e-06
9.35401e-06
1.93268e-06
6.74438e-06
5.68395e-06
2.71083e-05
3.26879e-05
4.74953e-06
8.50114e-06
1.92126e-05
5.59708e-06
7.77181e-06
5.89387e-06
1.29514e-05
1.36887e-05
1.77488e-05
4.21014e-06
7.15396e-06
2.05666e-06
4.29267e-06
6.6795e-06
1.00035e-05
1.60509e-05
1.27392e-05
7.44907e-06
5.30359e-06
8.79375e-06
2.23942e-06
1.07419e-05
9.09916e-06
4.36193e-06
2.41406e-06
4.07321e-06
4.15983e-06
8.95741e-06
1.24509e-05
5.35493e-06
1.27908e-05
8.75775e-06
7.197e-06
3.60795e-06
9.44259e-06
5.59907e-06
8.96071e-06
2.84304e-06
3.91618e-06
4.16771e-06
3.80717e-06
8.45966e-06
1.87981e-06
1.78749e-06
6.40859e-07
6.79137e-06
4.50366e-06
6.11943e-06
4.6993e-06
1.50946e-05
1.8213e-05
2.01997e-06
1.89249e-06
4.80444e-06
7.82622e-06
6.949e-06
8.28065e-06
2.47052e-06
4.09785e-06
4.83409e-06
1.63625e-06
2.56711e-06
2.60699e-06
1.07618e-06
3.38096e-06
5.76483e-06
3.95475e-06
3.94477e-06
3.87569e-06
1.09485e-05
2.95275e-06
1.24631e-06
1.14099e-06
2.79083e-06
4.05123e-06
3.62382e-06
4.0704e-06
1.24093e-06
4.56941e-06
1.94013e-06
2.00365e-06
5.06696e-07
1.86842e-06
7.64835e-07
1.75925e-06
2.81363e-06
3.95284e-06
4.20086e-06
4.69694e-06
6.84014e-07
1.83102e-06
1.14742e-06
6.37881e-07
7.32512e-07
9.58082e-07
2.13177e-06
2.56648e-06
6.51454e-07
3.29133e-07
2.51307e-07
9.62066e-08
1.25392e-07
3.76493e-07
1.37436e-07
7.38551e-08
4.25642e-08
7.19664e-08
7.97363e-07
1.08942e-06
3.50929e-07
3.73096e-07
3.54347e-07
1.94802e-07
2.54023e-07
1.21114e-07
6.9024e-07
2.34657e-07
6.39179e-08
6.02023e-08
6.01987e-08
6.38317e-08
1.31025e-07
9.35402e-08
9.97279e-09
1.60418e-09
9.70984e-10
3.9181e-08
1.19243e-07
8.79831e-08
2.92286e-08
2.47543e-08
1.60613e-08
2.40626e-08
2.35276e-08
4.11934e-09
1.33596e-08
3.14867e-08
2.63224e-08
2.81366e-08
3.34272e-08
4.12498e-08
4.5565e-08
2.92928e-08
2.96431e-09
5.43615e-10
1.88682e-10
1.56667e-09
2.66913e-08
5.24629e-08
1.9017e-08
1.03306e-08
5.04226e-09
1.08189e-08
9.89238e-09
1.62887e-09
4.85205e-09
1.47816e-08
2.60349e-06
3.35565e-06
5.82332e-06
7.80939e-06
6.15967e-06
2.80704e-06
2.3422e-06
8.28948e-06
4.71574e-06
3.68592e-06
9.55254e-06
4.11906e-06
5.18565e-06
4.0753e-06
4.4911e-06
2.65279e-06
6.13707e-06
3.89349e-06
2.70116e-06
2.27443e-06
3.15815e-06
5.23629e-06
5.48528e-06
1.29045e-05
2.63312e-05
3.22917e-06
2.77366e-06
7.0538e-06
1.09069e-05
1.61925e-05
8.09552e-06
3.28129e-06
8.91943e-06
6.57618e-06
4.22633e-06
3.08559e-06
8.46367e-06
4.23312e-06
3.05614e-06
2.47807e-06
8.07462e-06
7.40416e-06
4.7576e-06
1.5787e-05
4.32946e-06
4.88976e-06
7.08306e-06
4.37635e-06
4.05258e-06
5.09512e-06
5.54683e-06
7.92909e-06
6.18152e-06
3.71809e-06
1.13067e-05
2.50601e-05
6.84728e-06
5.03745e-06
1.28919e-06
4.21293e-06
1.24083e-05
1.50179e-05
4.4526e-06
7.77265e-06
4.55436e-06
3.11271e-06
1.40811e-05
5.09254e-06
7.50197e-06
4.23874e-06
6.04735e-06
2.68836e-05
6.07157e-06
2.67272e-06
3.09366e-06
1.35679e-05
1.87997e-05
1.11554e-05
1.42555e-05
1.53999e-05
2.16066e-06
1.41065e-05
6.36591e-06
8.3183e-06
6.65809e-06
3.92856e-06
8.82978e-06
1.13687e-05
1.08857e-05
9.25547e-06
4.43357e-06
9.30465e-06
7.10186e-06
8.98927e-06
9.58421e-06
8.01551e-06
7.2741e-06
1.59153e-05
3.69889e-06
3.71184e-06
2.12034e-05
3.00568e-05
3.82134e-06
1.87155e-05
1.14194e-05
4.19413e-06
4.24502e-06
2.60249e-06
1.55503e-05
9.87459e-06
2.67495e-06
4.95365e-06
7.67996e-06
1.61812e-05
4.08415e-06
2.23336e-06
6.67914e-06
6.39691e-06
6.58557e-06
6.20437e-06
8.70102e-06
2.263e-05
1.10389e-05
4.40878e-05
3.11752e-06
5.47702e-06
7.48475e-06
7.01791e-06
1.15569e-05
1.0239e-05
9.0805e-06
2.02708e-06
3.22455e-05
1.60034e-05
3.44966e-06
2.18616e-06
2.6667e-06
1.74653e-06
2.90546e-06
5.60398e-06
8.26595e-06
5.27015e-06
8.91144e-06
3.72067e-06
3.74783e-06
5.25128e-06
6.26433e-06
6.07534e-06
5.80799e-06
1.06275e-05
3.28027e-06
8.04685e-06
1.26163e-05
1.74888e-05
1.101e-05
1.66609e-06
3.44117e-06
2.01405e-06
1.27734e-06
4.19545e-06
1.76871e-05
2.50703e-06
1.79386e-06
1.23409e-06
4.04134e-07
2.17087e-06
2.76959e-06
6.17749e-07
6.43154e-07
3.0887e-07
9.57794e-07
5.52472e-06
4.80339e-06
5.66593e-06
5.44133e-07
1.29844e-06
5.77105e-07
7.82398e-07
8.32917e-07
5.40286e-06
1.29291e-06
2.74892e-07
3.75433e-08
7.84901e-08
1.48615e-07
5.85005e-07
7.27533e-08
1.26638e-07
5.00682e-08
2.11167e-07
3.98972e-07
4.11694e-07
4.70511e-07
2.99775e-07
1.02849e-07
1.54802e-07
1.62497e-07
4.0016e-07
1.81882e-06
3.77012e-06
8.64292e-09
7.75285e-09
2.02785e-08
9.77374e-08
7.05241e-08
1.66254e-08
1.02622e-08
2.22473e-08
4.72395e-09
2.39648e-08
4.51977e-08
8.09638e-08
1.01552e-07
1.59437e-07
4.30103e-08
8.29229e-08
4.06175e-08
7.14415e-08
3.36953e-07
2.66977e-07
3.50559e-09
2.53918e-09
2.02471e-08
6.26345e-08
2.37224e-08
6.74661e-09
3.35901e-09
7.86248e-09
2.2446e-09
1.45279e-08
3.70122e-08
2.7116e-08
4.64613e-08
8.93378e-08
8.85882e-08
2.0619e-08
6.71685e-09
1.77498e-08
1.8706e-08
1.01706e-08
1.19746e-05
1.32163e-05
7.44891e-06
1.44264e-05
8.78962e-06
2.68928e-06
3.72386e-06
2.85553e-06
3.34302e-06
1.07647e-05
1.48434e-05
7.45829e-06
7.10956e-06
1.67713e-05
1.11977e-05
5.74066e-06
3.41039e-06
3.71108e-06
3.03039e-06
8.01863e-06
3.54045e-06
3.44665e-06
5.43187e-06
8.99925e-06
6.29416e-06
2.56211e-06
2.91641e-06
5.67791e-06
3.42105e-06
2.15454e-05
1.14446e-05
2.90427e-05
1.41377e-05
3.35183e-06
7.1385e-06
8.3014e-06
5.49096e-06
5.38227e-06
2.29682e-06
8.73648e-06
4.28317e-06
2.66452e-06
6.39088e-06
9.57122e-06
1.12339e-05
5.89032e-06
3.25804e-06
1.8361e-05
6.26567e-06
9.52032e-06
1.78812e-05
1.45608e-05
9.36548e-06
3.96942e-06
7.40995e-06
7.87441e-06
1.06025e-05
1.61912e-05
3.12846e-06
3.28771e-06
1.69748e-05
3.67963e-06
2.68749e-06
3.32326e-05
3.08789e-05
8.45125e-06
9.37165e-06
1.67188e-05
5.432e-06
5.2462e-06
1.16351e-05
3.40913e-05
1.66637e-05
1.09695e-05
1.01343e-05
7.62398e-06
7.38446e-06
3.11972e-05
1.38877e-05
1.10915e-05
8.18913e-06
5.67223e-06
2.3275e-06
1.22596e-05
1.73816e-05
5.95343e-06
1.88827e-05
8.42775e-06
8.54924e-06
7.13254e-06
1.92003e-05
2.83467e-05
2.65477e-05
2.04253e-05
1.33635e-05
3.36623e-05
6.32746e-06
8.2781e-06
4.20304e-06
4.35423e-06
8.2425e-06
3.63148e-06
3.69237e-06
9.7949e-06
7.62232e-06
8.08679e-06
1.32606e-05
8.91908e-06
8.78857e-06
9.84906e-06
1.25982e-05
1.55878e-05
1.8421e-05
1.50283e-05
2.9728e-05
1.2626e-05
5.09058e-06
3.88074e-06
1.17025e-05
9.07489e-06
4.35136e-06
5.24768e-06
1.53144e-05
7.59025e-06
1.18075e-05
2.39682e-05
6.2486e-06
5.81781e-06
4.25613e-06
1.5637e-05
8.07098e-06
5.2529e-06
3.20955e-05
2.09211e-05
1.02626e-05
3.09943e-06
7.71287e-06
1.5014e-05
1.23511e-05
1.21379e-05
3.2985e-06
6.07075e-06
3.83213e-05
4.67709e-06
6.74505e-06
7.90325e-06
7.86922e-06
2.5918e-06
6.43696e-06
1.46122e-05
4.82698e-06
1.02328e-05
4.11165e-05
1.24097e-05
6.52467e-06
4.28985e-06
2.5582e-06
8.4192e-06
1.66597e-05
9.44176e-06
1.21628e-06
1.11981e-05
1.43485e-05
3.34173e-06
8.09961e-06
6.46545e-06
5.79367e-06
9.30794e-07
1.50839e-06
3.30187e-06
2.58669e-06
1.09869e-05
2.72549e-05
7.5908e-06
2.7077e-06
1.60405e-06
3.56742e-06
7.06766e-06
5.53262e-06
3.52378e-06
2.59068e-07
6.44627e-07
1.36173e-07
8.50839e-08
7.35271e-07
3.75252e-07
2.87311e-07
5.21631e-08
5.94244e-08
4.76555e-07
1.67473e-06
1.50921e-06
2.71765e-07
3.81406e-07
4.83309e-07
2.90442e-07
3.59777e-07
9.48414e-07
1.17063e-06
3.21218e-07
4.12745e-08
5.65725e-08
1.10184e-08
7.73044e-09
7.57584e-08
1.67085e-07
5.63723e-08
9.75606e-09
1.34947e-08
1.93378e-07
4.40496e-07
1.60738e-07
4.9361e-08
1.04601e-07
8.19261e-08
5.69496e-08
7.05752e-08
1.14617e-07
1.36357e-07
4.57815e-08
9.23313e-09
2.09052e-08
1.1642e-08
4.69696e-09
4.92111e-08
8.47943e-08
2.68382e-08
1.11231e-08
5.90952e-09
2.9142e-08
2.14256e-07
1.45765e-07
1.87447e-08
3.51858e-08
3.51195e-08
2.46189e-08
2.7553e-08
5.75656e-08
7.77831e-08
3.26013e-08
8.45074e-06
5.7823e-06
4.69874e-06
9.1927e-06
5.42488e-06
5.81159e-06
8.46294e-06
8.1732e-07
2.32696e-06
4.39578e-06
8.08082e-06
1.64796e-05
1.04811e-05
1.38049e-05
1.38918e-05
9.20217e-06
3.79498e-06
3.28335e-06
3.21976e-06
4.74129e-06
1.20179e-05
6.02141e-06
7.80076e-06
4.78178e-06
2.28114e-06
2.37135e-06
6.36352e-06
1.43357e-05
5.89094e-06
2.36721e-05
9.57166e-06
2.95712e-05
4.46688e-06
4.32634e-06
5.94833e-06
8.93647e-06
2.97891e-06
1.12806e-05
3.48872e-06
1.40245e-05
7.17747e-06
1.67365e-06
2.4284e-06
8.29385e-06
6.14496e-06
5.54998e-06
5.52089e-06
1.89047e-05
9.6228e-06
9.6573e-06
7.70251e-06
5.6256e-06
5.04281e-06
8.33269e-06
3.9181e-06
5.60463e-06
4.89148e-06
9.00437e-06
5.68725e-06
9.08845e-06
8.19593e-06
4.251e-06
2.65111e-06
2.56839e-05
2.09193e-05
5.50419e-06
1.72801e-05
1.35042e-05
5.12642e-06
5.03843e-06
7.71981e-06
1.26171e-05
1.25628e-05
6.73447e-06
1.08564e-05
6.99269e-06
6.37339e-06
1.14623e-05
1.72283e-05
2.08416e-05
5.64221e-06
6.36177e-06
3.79466e-06
1.27466e-05
1.62978e-05
5.71662e-06
5.23733e-05
2.8585e-05
8.44118e-06
1.12958e-05
1.14915e-05
1.14693e-05
1.65587e-05
9.60022e-06
7.72855e-06
1.62648e-05
3.40455e-06
5.72558e-06
6.98925e-06
5.00672e-06
5.92352e-06
1.17617e-05
6.66268e-06
2.09009e-05
1.16927e-05
2.90252e-05
3.65704e-05
1.49045e-05
8.05563e-06
9.65064e-06
2.42313e-05
5.9995e-06
9.6296e-06
1.05459e-05
8.68158e-06
3.27513e-06
2.61209e-06
4.51888e-06
5.32437e-06
6.92215e-06
1.21858e-05
3.53653e-06
4.17492e-06
1.64793e-06
1.78793e-05
3.38286e-05
9.74601e-06
7.15436e-06
1.05117e-05
5.83101e-06
3.4568e-06
6.74188e-06
1.17677e-05
1.78121e-05
4.3719e-06
2.65429e-06
1.13868e-06
4.98766e-06
4.23661e-06
3.58094e-06
4.50934e-06
2.53802e-06
1.7982e-05
6.06013e-06
2.48531e-05
1.14129e-05
1.1888e-06
1.21385e-06
1.10402e-06
2.60628e-06
2.09063e-06
1.25705e-05
1.4492e-05
7.13382e-06
2.14229e-06
8.6203e-07
5.62509e-07
2.93511e-06
6.54595e-06
7.32469e-06
2.47498e-06
4.47191e-06
8.21776e-06
4.88376e-06
3.68163e-06
1.8444e-06
2.88795e-06
3.78455e-06
2.18419e-06
8.60944e-06
8.28165e-06
7.43967e-06
7.50818e-06
1.96851e-06
1.11372e-06
1.90995e-06
9.2079e-06
8.07698e-06
3.79493e-06
2.34192e-06
9.88132e-08
7.07525e-07
4.24251e-07
1.99837e-07
3.29054e-07
5.62137e-07
3.92401e-07
1.95117e-07
4.09395e-07
1.35436e-06
1.1305e-06
8.87884e-07
4.21008e-07
3.32667e-07
1.03641e-07
3.64169e-07
3.41518e-07
2.23866e-07
2.6667e-07
4.44611e-07
8.79738e-09
1.32836e-07
1.03668e-07
1.07186e-07
1.3626e-07
1.24939e-07
4.71699e-08
2.62241e-08
6.76832e-08
1.049e-07
1.14251e-07
1.6489e-07
2.39264e-07
1.67164e-07
4.58592e-08
1.16981e-08
3.34807e-08
1.04241e-07
1.92971e-07
4.81483e-08
3.99748e-09
5.26112e-08
4.47967e-08
3.2019e-08
4.08574e-08
4.15463e-08
1.56638e-08
8.97496e-09
1.96841e-08
4.97433e-08
5.97441e-08
6.74516e-08
8.02995e-08
1.00417e-07
1.44912e-08
4.66224e-09
1.3487e-08
5.43146e-08
1.04543e-07
4.19945e-08
7.82558e-06
8.59901e-06
5.01008e-06
5.07761e-06
4.20665e-06
4.49155e-06
2.71561e-06
4.09396e-06
6.27161e-06
5.70838e-06
1.35629e-05
2.63817e-05
1.40527e-05
9.90786e-06
2.03489e-05
1.09522e-05
5.16163e-06
4.86458e-06
4.3352e-06
4.39301e-06
3.88981e-06
2.10789e-06
4.26869e-06
6.50466e-06
9.24225e-06
7.44323e-06
2.83492e-06
5.06538e-06
9.26394e-06
3.16654e-05
3.95799e-05
2.467e-05
5.41896e-06
5.454e-06
1.3447e-05
7.96625e-06
4.66478e-06
5.6632e-06
6.84698e-06
3.40173e-06
7.46624e-06
1.03872e-05
1.40927e-05
9.16339e-06
6.54216e-06
4.52145e-06
5.96011e-06
1.00561e-05
1.80225e-05
1.1712e-05
4.3342e-06
5.15297e-06
3.00736e-05
1.47008e-05
1.22313e-05
4.54217e-06
2.98192e-06
1.45452e-05
1.12706e-05
6.66504e-06
6.9519e-06
3.70087e-05
3.83897e-05
2.22348e-05
1.98495e-05
1.12443e-05
5.90796e-06
1.99306e-05
1.70459e-05
2.8817e-06
3.37754e-06
7.46167e-06
1.5518e-05
6.73331e-06
1.16657e-05
1.31578e-05
1.36101e-05
1.4022e-05
6.54936e-06
1.20739e-05
1.57418e-05
2.92699e-05
1.72327e-05
4.71979e-05
5.53491e-05
9.22521e-06
1.19767e-05
2.08582e-05
1.11155e-05
1.16629e-05
1.08173e-05
1.64849e-05
2.03578e-05
1.51665e-05
3.72675e-06
3.5368e-06
2.30328e-06
2.47441e-06
5.94868e-06
6.80897e-06
9.35492e-06
1.17212e-05
4.75244e-06
2.24566e-05
3.92018e-05
1.22933e-05
1.10553e-05
2.12432e-05
2.02783e-05
5.5341e-06
7.07389e-06
5.80658e-06
3.44427e-06
5.23014e-06
3.80821e-06
1.79435e-06
5.09899e-06
3.80261e-06
3.61933e-06
1.12253e-05
2.06673e-05
1.36485e-05
1.69595e-06
8.87432e-06
1.64828e-05
4.34041e-06
7.55756e-06
1.40811e-05
1.17404e-05
2.77859e-06
2.35516e-06
2.75423e-06
3.89368e-06
7.79399e-06
1.59717e-06
4.80337e-06
3.7909e-06
5.2298e-06
1.11666e-05
1.96678e-05
3.816e-06
6.01232e-06
5.11679e-06
2.39305e-06
4.03962e-06
9.83055e-06
4.87959e-06
3.69384e-06
1.14152e-06
7.98941e-07
7.01247e-07
1.03449e-06
9.55941e-07
4.28296e-07
3.20364e-07
1.13612e-06
2.02435e-06
8.86336e-06
1.38521e-05
1.09337e-05
3.43297e-06
3.4916e-06
1.21108e-06
6.80044e-06
9.88758e-06
1.12923e-05
6.05265e-06
1.03634e-06
1.74713e-07
7.77881e-08
1.46993e-07
3.70691e-07
2.15776e-07
2.54109e-08
1.07654e-07
5.07176e-07
1.9206e-06
5.18371e-06
9.68021e-06
4.99996e-06
3.15457e-07
1.7046e-07
8.73929e-08
5.88812e-07
4.47104e-07
2.42136e-08
3.98395e-08
6.11529e-08
2.80874e-08
1.90399e-08
9.06346e-08
4.24933e-08
1.2374e-08
2.18155e-09
8.36817e-09
6.52627e-08
1.67769e-07
3.58999e-07
2.49949e-07
2.62258e-07
5.64007e-08
1.40861e-08
2.32994e-09
1.10046e-08
3.53755e-09
7.84468e-09
2.2716e-08
3.20752e-08
2.01342e-08
1.50269e-08
2.66021e-08
1.10967e-08
2.65304e-09
4.05142e-10
1.29055e-09
5.36353e-09
2.45639e-08
3.06677e-08
1.66794e-08
3.17314e-08
1.66028e-08
9.72514e-09
8.09128e-10
2.00508e-09
1.15185e-09
3.31396e-09
1.0749e-08
1.66395e-08
1.09826e-08
8.14535e-09
1.42053e-08
1.02061e-08
1.20219e-09
1.53125e-10
5.68147e-11
1.12649e-09
6.15806e-09
6.55944e-09
2.76037e-09
4.89589e-09
3.9281e-06
5.58535e-06
1.00229e-05
6.20236e-06
4.75577e-06
2.07536e-06
3.43234e-06
6.10933e-06
3.1566e-06
4.04123e-06
4.78295e-06
6.16986e-06
4.6823e-06
1.40006e-05
3.32145e-05
1.66508e-05
5.31812e-06
2.82765e-06
1.44313e-05
5.67862e-06
4.28398e-06
3.89324e-06
4.9375e-06
7.45233e-06
5.34411e-06
3.92703e-06
4.5732e-06
4.65951e-06
1.12249e-05
2.36494e-05
1.65546e-05
4.58089e-06
3.43026e-06
6.14368e-06
9.22412e-06
6.30514e-06
6.35405e-06
9.53862e-06
5.53624e-06
4.28252e-06
4.64476e-06
4.66746e-06
1.50481e-05
1.47077e-05
1.18497e-05
4.80016e-06
9.70397e-06
1.11417e-05
2.0239e-05
2.61607e-05
1.39978e-05
4.58386e-06
4.54908e-06
6.67686e-06
1.04828e-05
6.12472e-06
7.15574e-06
1.90915e-05
7.19022e-06
4.09805e-06
9.6853e-06
1.33468e-05
1.38442e-05
9.12153e-06
1.37888e-05
4.08555e-05
4.7814e-05
3.13817e-05
1.3094e-05
2.48506e-05
3.12536e-06
1.35474e-05
8.14202e-06
9.55689e-06
3.8374e-06
1.34395e-05
2.11715e-05
4.00364e-05
9.96017e-06
5.48282e-06
1.2445e-05
3.19246e-05
2.04554e-05
7.47131e-06
6.44267e-05
5.63531e-05
2.27282e-05
1.22082e-05
5.89926e-06
1.80877e-05
4.33502e-06
1.90932e-05
9.17951e-06
4.26072e-06
6.61571e-06
7.59434e-06
5.92961e-06
1.32075e-05
2.86124e-05
5.51923e-06
1.20172e-05
4.12531e-05
1.80872e-05
1.58597e-05
3.04623e-05
1.42607e-06
3.74161e-06
5.40864e-06
7.01967e-06
5.02122e-06
5.02279e-06
1.33509e-05
4.98515e-06
2.93254e-06
4.41548e-06
5.22232e-06
1.06916e-05
1.03067e-05
1.09556e-05
4.15468e-06
1.83273e-05
5.26151e-05
8.94119e-06
8.58286e-06
1.67918e-05
2.79636e-06
1.04224e-06
4.10409e-06
2.11582e-06
2.14064e-06
1.7297e-06
3.03615e-06
4.38434e-06
4.63906e-06
3.96536e-06
8.76277e-06
9.05898e-06
4.63845e-06
2.52784e-06
2.8236e-06
3.51629e-05
6.41091e-06
3.59182e-06
3.64877e-06
3.09669e-06
1.24986e-06
7.11299e-07
2.15851e-07
1.02267e-06
3.34055e-07
6.85407e-07
2.47692e-06
2.14937e-06
4.88746e-07
3.41386e-07
2.2937e-06
3.63037e-07
6.19272e-07
1.02509e-06
3.02653e-06
6.65615e-06
3.75426e-06
1.8232e-06
2.78944e-07
3.32851e-07
4.82297e-07
6.20225e-07
2.85538e-07
1.31868e-07
7.43245e-08
1.49735e-07
7.38627e-07
2.15371e-07
3.19705e-08
1.90386e-08
2.60214e-08
8.07455e-08
2.38751e-07
1.45288e-06
7.1332e-06
7.56293e-07
6.87814e-07
4.77216e-08
4.06926e-08
7.89342e-08
1.9665e-07
2.83927e-07
8.8056e-08
1.21526e-08
9.85667e-09
3.91425e-08
7.94578e-08
3.47312e-08
2.96488e-09
1.61137e-09
5.98277e-09
1.69719e-08
1.6915e-07
3.50356e-07
8.4756e-07
2.8285e-07
1.36185e-07
4.09927e-08
2.62808e-08
4.81719e-08
5.77855e-08
4.04825e-08
2.61349e-08
4.29532e-09
4.63142e-09
1.20564e-08
1.40911e-08
5.56512e-09
3.3521e-10
7.67273e-10
1.70664e-09
1.79283e-09
8.09892e-09
2.94812e-08
1.05107e-07
1.45534e-07
9.26261e-08
1.69983e-08
5.92736e-09
1.34167e-08
1.80354e-08
1.85544e-08
1.17186e-08
3.79263e-09
1.12572e-09
4.53751e-09
7.85746e-09
2.21496e-09
1.76965e-10
1.24835e-10
7.61887e-10
5.70834e-10
1.1838e-09
6.51333e-09
3.53084e-08
6.59466e-06
1.39652e-05
1.80539e-05
6.55907e-06
1.16762e-05
2.53766e-06
6.24648e-06
7.49455e-06
6.48616e-06
4.18845e-06
4.80259e-06
4.73913e-06
5.00416e-06
1.28328e-05
2.2106e-05
6.4151e-06
7.60581e-06
3.4273e-06
5.43681e-06
1.92557e-06
3.69001e-06
5.14858e-06
9.1169e-06
4.36427e-06
9.80467e-06
4.42929e-06
1.10924e-05
1.00077e-05
1.58427e-05
1.06328e-05
6.08496e-06
3.80677e-06
2.54088e-06
3.97603e-06
4.82069e-06
7.77425e-06
1.00421e-05
4.88225e-06
9.87369e-06
3.18392e-06
9.39172e-06
9.00842e-06
5.93497e-06
5.69221e-06
6.03067e-06
4.75343e-06
8.59375e-06
1.46055e-05
1.69443e-05
2.96547e-05
5.02762e-06
2.75389e-06
3.98451e-06
6.87792e-06
3.18884e-06
6.85549e-06
7.64949e-06
1.62644e-05
1.56313e-05
2.56921e-06
1.39599e-05
1.21865e-05
6.76113e-06
1.03874e-05
6.90295e-06
1.47949e-05
2.48917e-05
1.9895e-05
1.77922e-05
1.87966e-05
4.76228e-06
5.20505e-06
3.185e-06
1.4666e-05
4.43227e-06
2.63998e-05
6.12216e-05
1.50239e-05
5.72125e-06
4.58373e-06
7.05486e-06
5.21062e-06
8.60993e-06
6.88975e-06
1.41598e-05
1.27501e-05
7.7602e-06
7.09316e-06
3.33943e-06
3.13358e-05
6.15638e-06
6.89623e-06
6.56518e-06
2.96872e-06
2.30432e-05
3.549e-05
2.22936e-05
4.55122e-06
1.40306e-05
8.80105e-06
6.09663e-06
9.73225e-06
9.51796e-06
4.24731e-06
6.88583e-06
3.41873e-06
4.46494e-06
8.25937e-06
2.39689e-05
1.61167e-05
4.19669e-06
8.35512e-06
3.20819e-06
2.42004e-06
1.28814e-05
8.93759e-06
7.82417e-06
5.10805e-06
1.66759e-05
4.7179e-06
1.03705e-05
1.0724e-05
5.64304e-06
4.65048e-06
4.87762e-06
4.02844e-06
2.80076e-06
1.12234e-05
1.48264e-05
4.04016e-06
1.51463e-06
2.23201e-06
2.16922e-06
1.67558e-06
3.66689e-06
4.02566e-06
1.0893e-05
7.4293e-06
9.30486e-06
4.04193e-06
7.55999e-06
5.69516e-06
3.71293e-06
1.39781e-06
2.2855e-06
1.9279e-06
1.61845e-06
1.673e-06
7.46971e-07
2.10632e-07
1.03894e-06
1.44351e-06
8.47894e-07
7.26879e-07
5.40143e-07
3.93387e-06
2.32031e-06
1.25063e-06
6.09292e-06
1.14782e-05
2.22657e-06
4.34745e-06
2.65425e-06
4.66387e-07
2.15924e-06
3.43898e-06
4.13987e-06
4.24196e-06
2.09986e-06
1.82763e-06
1.82195e-06
5.79068e-07
1.63946e-07
4.02205e-08
9.01546e-08
1.61147e-07
1.00872e-07
5.00138e-07
2.23419e-06
2.25766e-06
1.36089e-06
8.29806e-07
4.98164e-07
2.73364e-08
2.11155e-07
2.97239e-07
2.3438e-07
1.44328e-07
3.44624e-08
2.7018e-08
6.44329e-08
7.86001e-08
4.61016e-08
1.41436e-08
5.88476e-09
1.51311e-09
5.89028e-09
8.07518e-08
1.35497e-07
9.58134e-07
1.82928e-07
4.0634e-07
1.92231e-07
8.00599e-09
7.53894e-09
9.93803e-09
1.04361e-08
9.22644e-09
7.32671e-09
1.07623e-08
3.79168e-08
4.4531e-08
1.1117e-08
1.60332e-09
6.3037e-10
4.84415e-10
1.2969e-09
6.60666e-09
2.79193e-08
5.69125e-08
6.81256e-08
2.11343e-07
9.60018e-08
4.89969e-09
1.28674e-09
2.10342e-09
3.76477e-09
4.43432e-09
4.61963e-09
6.26258e-09
1.86868e-08
1.9135e-08
3.80004e-09
6.16253e-10
2.80162e-10
2.70218e-10
5.44904e-10
1.62861e-09
6.13203e-09
1.54866e-08
5.75281e-06
5.76848e-06
2.18968e-05
1.58154e-05
2.55975e-05
2.25643e-05
9.92487e-06
5.70534e-06
3.88029e-06
4.30202e-06
4.17431e-06
1.50687e-05
4.6534e-06
2.84027e-06
4.99933e-06
2.27154e-06
2.4209e-06
1.21639e-05
1.52004e-05
3.82617e-06
9.05279e-06
1.34597e-05
1.26343e-05
4.27108e-05
2.22726e-05
2.65747e-05
9.77113e-06
2.67301e-05
1.4808e-05
4.34903e-06
6.82234e-06
3.26379e-06
3.03224e-06
4.84007e-06
3.19417e-06
3.51989e-06
2.4993e-06
2.35739e-05
1.31975e-05
7.66397e-06
1.10855e-05
1.83223e-05
8.70782e-06
9.21443e-06
4.98147e-06
1.16156e-05
9.04662e-06
3.67851e-06
4.16355e-06
2.6702e-06
1.11366e-06
5.9952e-06
4.05551e-06
1.61168e-06
4.23382e-06
4.23287e-06
2.82208e-06
3.34393e-06
2.39238e-06
2.66781e-06
5.11564e-05
3.61088e-05
1.10397e-05
1.65176e-05
8.37324e-06
2.94623e-06
4.14702e-06
1.04646e-05
3.19917e-05
6.85006e-06
5.36e-06
8.11679e-06
2.37287e-06
1.03157e-05
6.09724e-06
4.41518e-06
2.66208e-06
6.5516e-06
1.85839e-06
2.31905e-05
2.50392e-05
7.09466e-06
1.10912e-05
4.74777e-06
5.91484e-06
1.23638e-06
2.10972e-06
3.64767e-06
1.91624e-05
2.74157e-05
1.4534e-05
7.01246e-06
1.09718e-05
6.21176e-06
2.09678e-05
3.44018e-05
8.7231e-06
1.19931e-05
1.0664e-05
2.69703e-05
8.71869e-06
4.79278e-06
9.71025e-06
3.61404e-06
4.62548e-06
4.87852e-06
7.80283e-06
7.6386e-06
6.3731e-06
6.67264e-06
4.54839e-06
4.75236e-06
8.41452e-06
1.70526e-06
3.51776e-05
3.19757e-05
7.10976e-06
2.04538e-05
2.01739e-05
3.02216e-05
5.18524e-06
8.82428e-06
7.03673e-06
2.748e-06
1.53973e-06
8.67837e-06
9.6464e-06
6.76398e-07
7.81653e-06
7.01742e-06
3.03418e-06
1.22338e-05
1.17296e-05
1.50335e-05
8.40486e-06
8.89073e-06
7.44814e-06
2.22139e-05
3.37602e-05
1.36173e-05
3.31478e-06
1.82377e-05
7.98278e-06
1.96356e-06
8.34207e-07
1.64405e-06
1.49558e-06
1.8092e-06
7.29652e-07
2.54285e-06
4.62268e-06
4.34042e-06
1.27995e-05
5.52882e-06
4.57236e-06
1.55846e-06
8.80916e-06
1.70812e-05
3.6282e-06
4.61332e-06
7.18869e-07
2.12872e-06
4.55045e-07
5.61406e-07
2.237e-07
4.79981e-08
1.13624e-07
1.03694e-06
2.64142e-06
5.88751e-06
5.59107e-06
2.09824e-06
1.94598e-06
9.63764e-07
9.53513e-07
1.92566e-06
2.64071e-06
1.19185e-06
5.27344e-07
1.86012e-06
3.26948e-07
8.68792e-08
5.61645e-08
1.71765e-09
1.01964e-09
1.16532e-09
7.68439e-09
4.76739e-08
5.76692e-08
2.95932e-08
1.07191e-07
2.33654e-07
1.13958e-07
1.34049e-08
8.81265e-10
7.6967e-09
9.79569e-09
1.44785e-08
2.46569e-08
2.54477e-07
2.33528e-08
1.12714e-08
3.9353e-09
3.228e-10
4.23823e-10
3.01862e-09
1.56163e-09
1.31602e-08
5.18461e-09
7.16506e-09
1.73641e-08
3.10095e-08
2.18149e-08
5.33169e-09
6.47956e-10
4.26045e-10
4.39147e-10
2.73689e-09
2.34632e-08
5.25365e-08
1.99536e-08
8.51474e-09
2.80934e-09
8.6017e-11
5.94931e-11
1.38964e-10
7.08666e-10
1.86635e-09
1.43517e-09
1.47753e-09
4.38423e-09
1.15024e-08
1.23585e-08
2.60161e-09
1.84049e-10
2.75111e-11
3.78434e-10
2.42256e-09
4.41829e-09
1.93696e-08
3.16544e-05
1.86299e-05
1.53417e-05
1.17731e-05
6.87408e-06
4.28203e-06
8.40993e-06
5.07297e-06
1.67489e-05
1.97733e-05
1.19453e-05
6.11349e-06
6.9153e-06
9.68402e-06
1.23844e-05
4.44088e-06
4.9565e-06
3.53039e-06
1.41868e-05
6.04637e-06
2.49737e-05
2.85914e-05
4.10955e-05
3.38314e-05
9.1837e-06
1.11097e-05
5.70423e-06
8.80098e-06
3.12547e-05
3.37902e-05
1.8094e-05
5.93244e-06
1.69838e-05
1.2007e-05
8.93545e-06
9.7772e-06
5.29633e-06
6.95688e-06
2.39152e-05
1.41766e-05
6.19711e-06
8.89942e-06
1.45758e-05
2.20098e-05
8.10003e-06
4.23787e-06
3.5337e-06
8.99003e-06
4.01831e-05
2.12645e-05
6.98975e-06
9.17811e-06
1.85329e-05
1.05821e-05
4.15026e-05
1.1464e-05
6.65576e-06
8.01664e-06
1.91568e-05
1.52486e-05
5.25385e-06
9.73133e-06
1.47044e-05
1.14851e-05
2.81987e-06
3.59107e-06
6.62624e-06
6.23467e-06
1.19867e-05
3.4781e-06
3.22734e-06
5.37149e-06
1.04171e-05
1.26783e-05
2.13494e-05
4.29002e-06
1.00137e-05
7.98655e-06
1.46742e-05
9.72049e-06
1.31629e-05
4.65542e-05
2.3139e-05
3.11249e-06
3.70591e-06
4.06622e-06
5.89285e-06
8.95088e-07
1.56743e-06
2.45754e-06
2.90656e-06
2.33495e-06
7.57117e-06
1.58789e-05
7.09789e-06
2.87705e-06
5.06047e-06
7.03817e-06
3.38854e-06
8.68836e-06
1.19205e-05
1.4513e-05
2.52602e-06
2.81864e-06
6.07979e-06
3.02366e-06
3.02283e-06
1.16408e-06
2.26658e-06
1.77034e-06
3.58185e-06
2.09595e-06
5.10073e-06
2.62367e-06
8.84352e-06
5.8671e-06
5.10449e-06
8.81659e-06
4.48208e-06
6.54167e-06
1.65499e-05
9.73007e-06
7.70095e-06
1.41515e-06
2.21466e-06
2.21477e-06
8.28443e-07
8.79621e-07
1.04361e-06
2.8921e-07
7.77425e-07
3.16581e-06
7.60108e-06
5.22757e-06
5.20038e-06
3.7119e-06
6.13084e-06
4.98095e-06
6.29663e-06
4.91964e-06
9.37607e-06
9.78775e-06
1.00535e-05
1.62473e-06
1.9328e-06
1.46305e-06
8.73744e-07
3.97637e-07
2.86059e-07
3.15855e-07
4.92206e-07
3.12622e-06
8.82448e-06
6.23969e-06
3.71593e-06
2.52036e-06
5.22381e-06
3.03526e-06
3.62322e-06
6.48525e-06
2.70356e-06
3.12521e-06
1.32014e-06
6.24676e-07
1.4176e-07
1.71527e-07
3.31146e-07
2.14907e-07
1.77507e-06
1.76594e-06
5.76602e-06
6.76145e-06
6.97482e-06
2.47177e-06
2.50801e-06
3.97757e-06
9.37005e-07
3.98079e-07
3.71419e-07
1.97821e-06
3.80218e-08
2.51014e-08
1.68927e-08
4.77289e-08
4.83528e-08
3.56531e-08
1.32955e-07
4.8389e-07
8.9701e-07
6.91749e-07
9.10231e-08
1.38125e-07
1.41841e-07
1.28762e-07
4.21093e-07
1.41373e-07
1.51174e-07
1.06713e-08
3.55097e-08
1.16443e-07
1.76272e-08
4.19405e-09
3.35173e-09
7.20542e-09
2.22487e-09
1.02247e-08
5.05756e-08
6.39288e-08
2.45241e-08
8.35659e-09
1.39856e-08
8.13292e-08
5.54598e-08
9.80962e-09
3.3758e-08
2.55649e-08
6.03753e-09
2.7026e-09
1.26584e-08
2.58991e-08
6.5523e-09
1.28216e-09
1.07896e-09
2.16528e-09
7.91859e-10
3.72459e-09
1.32488e-08
1.0887e-08
3.24046e-09
1.92604e-09
6.83068e-09
3.60888e-08
2.77627e-08
3.80501e-09
1.22357e-08
7.46184e-09
8.91013e-10
6.04626e-10
3.43066e-09
1.02128e-08
2.94974e-05
7.83849e-06
3.99005e-06
1.04024e-05
4.66341e-06
3.41688e-06
9.07964e-06
5.59712e-06
2.19979e-05
9.68201e-06
3.80451e-06
6.21642e-06
9.73167e-06
1.39226e-05
1.24951e-05
4.55174e-06
4.84128e-06
4.37427e-06
7.58404e-06
3.82031e-06
1.92342e-05
2.77229e-05
1.46127e-05
3.74423e-05
1.14036e-05
7.4724e-06
4.19413e-06
1.43783e-05
2.19977e-05
2.65421e-05
2.13817e-05
2.19702e-05
5.16534e-05
1.35983e-05
6.7128e-06
2.15773e-05
5.16717e-06
3.23585e-06
2.77027e-05
1.74195e-05
1.20033e-05
1.51471e-05
5.18616e-05
3.02238e-05
6.1969e-06
3.00189e-06
1.42571e-06
7.6031e-06
2.53161e-05
1.24753e-05
1.04542e-05
1.19182e-05
4.28032e-05
5.23281e-06
2.38213e-05
1.96973e-05
6.50916e-06
1.99013e-05
2.81306e-05
3.00682e-05
7.16874e-06
8.89925e-06
1.38108e-05
2.68513e-06
3.04773e-06
1.38182e-05
2.55968e-05
1.83849e-05
1.80782e-05
1.59394e-05
1.29182e-05
2.20635e-05
1.13864e-05
1.87773e-05
5.86609e-06
5.59028e-06
7.88483e-06
1.12574e-05
5.14402e-06
8.98975e-06
5.9583e-06
1.55158e-05
9.97885e-06
1.08368e-05
1.24339e-05
1.02181e-05
6.22301e-06
3.40662e-06
4.02334e-06
3.15073e-06
1.38671e-05
2.72832e-06
2.15415e-05
4.25484e-05
6.82643e-06
6.27645e-06
2.47779e-06
4.89389e-06
5.84106e-06
5.23139e-06
1.30749e-05
4.4931e-06
3.49895e-06
4.16047e-06
4.82076e-06
1.98673e-06
1.74128e-06
7.42761e-07
1.03241e-06
1.07296e-06
1.82568e-06
5.20206e-06
4.42294e-06
4.31315e-06
8.1663e-06
6.93854e-06
3.59883e-06
6.96025e-06
5.79882e-06
1.9718e-06
5.22811e-06
2.37934e-06
2.0123e-06
2.77482e-06
1.90495e-06
1.20959e-06
8.93494e-07
5.01935e-07
7.0426e-07
2.87872e-07
1.01019e-06
2.47925e-06
3.33675e-06
3.63471e-06
3.56875e-06
2.808e-06
3.32371e-06
6.36051e-06
4.05575e-06
3.22329e-06
2.82566e-06
3.24153e-06
5.70205e-06
1.35355e-06
1.4204e-06
7.27755e-07
9.71172e-07
3.60723e-07
1.25439e-06
2.69195e-06
2.05373e-06
8.17409e-06
1.30772e-05
4.58039e-06
2.57464e-06
8.48908e-06
5.93663e-06
4.6999e-06
6.22297e-06
4.53824e-06
4.65544e-07
5.04737e-07
2.85061e-06
1.25208e-06
4.67549e-07
5.89799e-08
1.26812e-07
4.97229e-07
1.1344e-05
7.29921e-06
7.6992e-06
6.91875e-06
4.16078e-06
7.12697e-07
5.30312e-07
1.41249e-06
4.64884e-07
5.04452e-07
6.94668e-07
1.37371e-06
1.07654e-07
1.42333e-07
9.60059e-08
3.27752e-08
3.37276e-08
1.49122e-07
3.80958e-07
5.01123e-07
5.01621e-07
3.47168e-07
1.00666e-07
5.96038e-08
2.79542e-08
8.39466e-08
7.04617e-08
2.30668e-08
2.42492e-08
3.30725e-08
1.36492e-07
2.78165e-08
4.19828e-08
1.32612e-08
2.95586e-09
5.93819e-09
1.14483e-09
1.16206e-08
6.58392e-08
3.19167e-08
7.2003e-09
3.33279e-08
2.91606e-08
1.31878e-08
8.70129e-09
1.7461e-08
5.72989e-09
2.9372e-09
1.13964e-09
7.17775e-09
2.28646e-08
1.02237e-08
1.76522e-08
5.99656e-09
6.17342e-10
1.44153e-09
1.87203e-10
5.51678e-09
2.82779e-08
1.36181e-08
1.33737e-09
1.27855e-08
1.14462e-08
6.85337e-09
5.39512e-09
4.84095e-09
2.99319e-09
6.77917e-10
3.51879e-10
2.82434e-09
8.17242e-09
2.98631e-09
1.00664e-05
4.49555e-06
3.72911e-06
4.95861e-06
4.93981e-06
4.56622e-06
6.49993e-06
4.65834e-06
1.83806e-05
2.24008e-05
1.14447e-05
6.20351e-06
7.28934e-06
8.12212e-06
3.2239e-06
7.44781e-06
4.30978e-06
2.75909e-06
3.99153e-06
4.6435e-06
7.64811e-06
1.20873e-05
4.37557e-06
6.54277e-06
6.56908e-06
1.59737e-05
3.78394e-06
2.96721e-05
3.19441e-05
6.05587e-06
1.54018e-05
1.81773e-05
5.49113e-05
3.63388e-05
9.45206e-06
5.95882e-06
2.11606e-06
7.72164e-06
4.0962e-06
5.88479e-06
2.3139e-05
1.56446e-05
1.37753e-05
4.16142e-06
2.10421e-05
1.3529e-05
4.05019e-06
2.55948e-05
1.0949e-05
7.79709e-06
7.1455e-06
1.09372e-05
2.26265e-05
9.34421e-06
7.93328e-06
7.27684e-06
1.11972e-05
4.56041e-06
1.00553e-05
5.25063e-05
1.36855e-05
1.05136e-05
2.04803e-05
5.38127e-06
6.1478e-06
7.05429e-06
4.66514e-05
4.98456e-05
6.71561e-06
5.97489e-06
8.45073e-06
6.55432e-06
7.45814e-06
7.42137e-06
4.0213e-05
1.78886e-05
1.04491e-05
6.7472e-06
1.89991e-05
5.92232e-05
3.19673e-06
1.35909e-05
1.76784e-05
9.74489e-06
5.92553e-06
5.29925e-06
2.75333e-05
2.91971e-05
1.74969e-05
4.0947e-06
1.04839e-05
7.80894e-06
6.47927e-06
6.15574e-05
2.8512e-05
7.41404e-06
7.32935e-06
1.30637e-05
9.73982e-06
1.18994e-05
4.1524e-06
1.00108e-05
1.4125e-05
1.21137e-05
3.18871e-06
7.23383e-06
8.63048e-06
3.63664e-06
2.18943e-05
4.54661e-06
4.90006e-06
5.81993e-06
2.1606e-05
3.07043e-05
1.33541e-05
1.56974e-05
8.09752e-06
1.26833e-05
7.60458e-06
5.62916e-06
2.46352e-06
5.62744e-06
1.5679e-05
7.78038e-06
8.05166e-06
1.71347e-06
1.52002e-06
1.16596e-06
1.19304e-05
4.23722e-06
1.11832e-05
8.25009e-06
2.20342e-05
7.37975e-06
5.83875e-06
1.49447e-05
2.16693e-06
2.24763e-06
3.32509e-06
1.37747e-06
3.43952e-06
9.2474e-06
6.5432e-06
5.89765e-06
5.76199e-06
3.73308e-06
7.83856e-06
7.76421e-06
2.23531e-06
1.65299e-06
3.38546e-06
3.60649e-06
7.19984e-06
4.51864e-06
7.08951e-06
8.78782e-07
4.99396e-07
3.73636e-07
7.46819e-08
2.00443e-06
1.63589e-05
7.87035e-06
2.20121e-06
3.05532e-06
1.96005e-06
1.62338e-07
6.91731e-07
3.90311e-07
5.07393e-07
3.24681e-06
1.3785e-06
9.23965e-06
8.22996e-06
1.30259e-06
2.5904e-07
1.80303e-07
1.98383e-07
6.21127e-07
2.27061e-06
6.81974e-06
3.13361e-08
3.82067e-08
2.7776e-08
9.13129e-09
1.67673e-08
5.38244e-09
3.59519e-08
6.86547e-08
3.66122e-08
5.07495e-07
2.8964e-06
8.6723e-07
8.77261e-07
6.80597e-08
2.40431e-08
4.49086e-08
2.59869e-08
1.00047e-07
7.37403e-08
2.7379e-08
5.6128e-09
3.67028e-09
1.42092e-09
1.84718e-09
1.8247e-09
5.69585e-09
2.41405e-08
1.58884e-08
4.91474e-08
1.76584e-08
5.00895e-08
1.07915e-07
9.84068e-08
1.13979e-08
9.72948e-09
3.46472e-09
1.04536e-09
6.86885e-09
1.4773e-08
5.3256e-09
1.81014e-09
6.49501e-10
2.84527e-10
4.62297e-10
5.44754e-10
1.16561e-09
6.93431e-09
4.65688e-09
4.16017e-09
5.23761e-09
2.39108e-08
6.36217e-08
3.07835e-08
5.7483e-09
2.0224e-09
1.80931e-09
2.67801e-10
1.09245e-09
1.34384e-09
1.74043e-09
1.26208e-05
1.86232e-05
3.08057e-05
1.42146e-05
4.33366e-06
7.71478e-06
4.51691e-06
3.02315e-06
5.61702e-06
6.97296e-06
8.64015e-06
1.19862e-05
1.64439e-05
1.60085e-05
1.4422e-05
3.73568e-06
2.66367e-06
8.42431e-06
9.21107e-06
2.66113e-05
6.70432e-06
1.55135e-05
2.63871e-05
4.13008e-06
3.156e-06
2.28553e-06
3.37967e-06
6.13818e-06
5.32184e-06
1.99936e-05
3.30449e-05
1.32844e-05
2.81101e-05
6.03769e-05
3.79432e-05
5.26833e-06
3.85433e-06
1.52061e-05
1.66961e-05
1.53695e-05
2.04589e-05
8.84395e-06
1.47827e-05
4.94603e-06
7.26805e-06
6.73748e-06
1.75315e-05
1.20519e-05
1.09304e-05
2.2699e-05
7.05434e-06
4.48892e-06
8.6435e-06
2.31092e-05
2.24748e-05
8.31351e-06
3.45601e-06
1.45987e-05
9.51425e-06
3.97444e-06
5.9876e-06
1.6636e-05
2.48693e-05
6.70038e-06
2.12764e-05
2.50536e-05
5.94222e-06
4.54789e-06
1.75306e-05
3.04413e-05
1.16603e-05
2.90534e-06
1.46513e-05
5.4536e-06
1.55248e-05
1.73083e-05
2.23245e-05
6.45257e-05
4.31651e-05
5.8511e-06
7.42341e-06
5.82935e-06
7.25392e-06
2.8542e-05
1.42112e-05
1.24082e-05
5.00189e-06
4.00547e-06
1.21946e-05
1.01916e-05
4.0704e-06
5.75082e-06
1.35438e-05
4.74056e-06
1.07394e-05
3.05963e-05
1.70136e-05
2.89912e-05
9.37807e-06
1.01439e-05
5.09869e-06
9.24275e-06
1.15623e-05
7.45943e-06
8.48748e-06
4.32601e-06
6.70015e-06
1.00301e-05
3.90489e-06
2.65334e-06
2.42191e-06
4.99524e-06
1.07949e-05
1.27289e-05
1.57378e-05
1.40215e-05
4.06852e-06
5.94958e-06
4.36842e-06
2.67024e-05
4.57397e-06
4.65251e-06
4.15075e-06
3.81923e-06
5.44856e-06
3.13138e-06
2.13365e-06
2.95589e-06
3.49808e-06
1.5172e-06
8.9789e-07
4.36466e-06
1.41452e-05
6.07706e-06
3.79526e-06
3.32472e-06
3.56641e-06
4.53251e-06
3.32332e-06
2.8159e-06
5.31926e-06
8.33492e-06
4.4341e-06
1.3102e-06
4.98335e-06
7.11761e-06
3.28261e-06
1.01553e-06
1.03133e-06
2.86064e-07
1.48517e-06
3.83867e-06
5.10482e-06
4.48697e-06
4.09626e-06
1.9808e-06
1.4359e-06
6.89077e-07
1.95411e-07
1.78459e-06
2.96366e-06
1.70769e-06
8.10366e-07
4.143e-06
1.24768e-05
1.24708e-05
4.23676e-06
9.99648e-07
6.46806e-07
1.24699e-06
1.16531e-06
2.78219e-06
4.11676e-06
2.62513e-06
1.73559e-06
1.20638e-06
1.00899e-07
6.92461e-08
4.60673e-07
2.45506e-06
5.31043e-08
8.89529e-08
1.25257e-07
6.05132e-08
6.78662e-08
8.20954e-08
5.42248e-08
2.4741e-07
1.37702e-07
2.93921e-07
8.63372e-07
1.69658e-06
5.38085e-07
1.71265e-07
2.45535e-08
1.5574e-08
1.24808e-08
1.02928e-08
1.36848e-07
1.58441e-07
2.60085e-09
4.51137e-09
4.14455e-09
9.56362e-09
3.1241e-08
3.57462e-08
1.46131e-08
3.66987e-08
9.05745e-09
4.28166e-08
3.11967e-07
4.35209e-07
1.00316e-07
8.08765e-09
2.66286e-09
4.5428e-09
3.00888e-09
3.16461e-09
5.49105e-09
2.25907e-09
2.71067e-10
7.83362e-10
1.16515e-09
4.31154e-09
1.36742e-08
2.05466e-08
6.23972e-09
1.30151e-08
4.04238e-09
9.92933e-09
9.98176e-08
1.29686e-07
1.82882e-08
1.92754e-09
1.19422e-09
2.02494e-09
1.39062e-09
1.29655e-10
4.22144e-10
2.1611e-10
)
;

boundaryField
{
    bottomWall
    {
        type            zeroGradient;
    }
    topWall
    {
        type            zeroGradient;
    }
    sides1_half0
    {
        type            cyclic;
    }
    sides1_half1
    {
        type            cyclic;
    }
    sides2_half0
    {
        type            cyclic;
    }
    sides2_half1
    {
        type            cyclic;
    }
    inout1_half0
    {
        type            cyclic;
    }
    inout1_half1
    {
        type            cyclic;
    }
    inout2_half0
    {
        type            cyclic;
    }
    inout2_half1
    {
        type            cyclic;
    }
}


// ************************************************************************* //
