/*--------------------------------*- C++ -*----------------------------------*\
| =========                 |                                                 |
| \\      /  F ield         | OpenFOAM: The Open Source CFD Toolbox           |
|  \\    /   O peration     | Version:  5.0                                   |
|   \\  /    A nd           | Web:      www.OpenFOAM.org                      |
|    \\/     M anipulation  |                                                 |
\*---------------------------------------------------------------------------*/
FoamFile
{
    version     2.0;
    format      ascii;
    class       volScalarField;
    location    "0";
    object      p;
}
// * * * * * * * * * * * * * * * * * * * * * * * * * * * * * * * * * * * * * //

dimensions      [0 2 -2 0 0 0 0];

internalField   nonuniform List<scalar> 
7200
(
3.58337e-05
3.92271e-05
0.000138632
0.00019484
0.00015908
0.000101397
0.000203089
0.000271186
0.000189805
0.000121489
3.52101e-05
3.89344e-05
0.000180266
0.000224966
0.000174435
0.000246586
0.000288706
0.000262423
0.000224526
0.000186559
3.02374e-05
3.43174e-05
0.000137105
0.00019736
0.000121698
9.99356e-05
0.000202677
0.000272512
0.000161786
9.05953e-05
3.35131e-05
8.90243e-05
0.000178718
0.000223701
0.000172257
0.00024628
0.000282598
0.000263188
0.00022246
0.00014123
-2.18274e-05
1.41359e-05
0.000128736
0.000190321
0.000120117
0.000122762
0.000249035
0.000277511
0.000164514
8.92801e-05
3.58892e-06
8.03098e-05
0.000205635
0.000194424
0.000163386
0.000246484
0.000293305
0.000250449
0.000210894
0.000132737
-6.1274e-05
8.69579e-07
0.000132839
0.000181675
0.000122172
9.83605e-05
0.000197485
0.000270854
0.000178937
9.15515e-05
1.26692e-05
6.14763e-05
0.000151304
0.000162177
0.000115181
0.000279073
0.000290833
0.000289391
0.000228168
0.000223856
-4.56758e-05
-8.79482e-05
0.000102011
0.000150329
0.000122198
9.60238e-05
0.000178397
0.000277327
0.000197573
0.000141412
4.00811e-06
8.91389e-05
0.000201655
0.000166702
6.04154e-05
0.000217652
0.000276897
0.000287674
0.000216729
0.000261924
3.77871e-05
-8.39351e-05
-3.01892e-06
0.000127558
0.000127481
9.71579e-05
0.000195146
0.00022852
0.000187984
0.000148673
5.93832e-06
0.000137781
0.000293865
0.000248988
4.94576e-05
0.000172391
0.00026297
0.000294545
0.000247349
0.000311801
0.000148064
-3.82635e-05
2.01807e-05
0.000140627
0.000150569
0.000100288
0.000145829
0.0002081
0.00014847
0.00010569
3.71633e-05
0.000140849
0.000289011
0.000335804
0.000129965
0.000136787
0.000241491
0.000294286
0.000267039
0.000272164
0.000221078
7.38059e-05
3.19663e-05
0.000138136
0.00012622
0.000100951
0.000136822
0.000206712
0.000159751
0.000114531
5.29376e-05
0.000142163
0.000288214
0.000346499
0.000160465
0.000139912
0.000210933
0.000291638
0.000284117
0.000259532
0.000216016
0.000153282
0.000122556
0.000142153
0.000131743
8.61062e-05
0.000156212
0.000213379
0.000177954
0.000156892
8.82475e-05
0.000175362
0.000239881
0.000291274
0.000185775
0.000135107
0.000196699
0.000246146
0.000297854
0.000232741
0.000168742
0.000159601
0.000160614
0.00017026
0.000131973
8.48597e-05
7.57691e-05
0.000133125
0.000182185
0.000179809
0.000137101
0.000142024
0.000175157
0.000279074
0.000220017
0.000122739
0.000180308
0.000230913
0.000274532
0.000222762
0.000185001
0.000151187
0.000154247
0.000157128
0.00013075
0.000100714
8.27933e-05
9.65575e-05
0.000130632
0.000162352
0.000182205
0.00014284
0.000168307
0.000288045
0.000221719
6.98382e-05
0.000137278
0.000215884
0.000237066
0.000220151
0.000203238
0.000125936
0.00010119
0.000122222
0.000136661
0.000137955
0.000115387
0.000121074
0.000146828
0.000191031
0.00020307
0.000174248
0.000153577
0.000208114
0.000219725
9.14081e-05
0.000118277
0.000197117
0.000212643
0.000216589
0.000178723
8.20731e-05
6.44867e-05
0.000130414
0.00015564
9.81103e-05
0.00013718
0.000147009
0.000113166
0.000121744
8.69781e-05
9.16709e-05
0.000213794
0.000296581
0.000286236
0.000302508
0.000370439
0.00037011
0.000305215
0.0002674
0.00026429
0.000186588
6.08075e-05
0.000158126
0.000161418
9.71762e-05
0.000136637
0.000127957
0.000112551
0.000111261
8.62583e-05
0.000127718
0.000213298
0.000302051
0.000287467
0.000300824
0.000344977
0.0002602
0.000206956
0.000269869
0.000134154
3.63411e-05
0.00011268
0.000150034
0.000136967
9.52555e-05
0.000109481
0.000124861
8.59274e-05
0.000114935
0.000120109
0.000148099
0.000223919
0.000302345
0.000288014
0.000298127
0.000350671
0.00022977
0.000207907
0.000204539
0.000246162
0.000163077
7.55551e-05
0.000110398
0.000125759
6.24499e-05
6.18803e-05
3.8754e-05
7.70558e-05
0.0001238
8.1795e-05
0.000118491
0.00017106
0.00028425
0.000266827
0.000288423
0.000319981
0.000368923
0.000211842
0.00018719
0.000221138
3.84405e-05
5.90308e-05
8.35818e-05
0.000108802
5.61427e-05
7.12829e-05
6.19767e-05
0.000107637
0.000139812
7.81433e-05
2.66889e-05
0.000106886
0.000236688
0.000249086
0.000253578
0.00028011
0.000243466
0.000229002
0.000336844
0.000192887
7.08326e-05
0.000105763
4.26444e-05
3.75192e-05
6.28666e-06
-1.99255e-05
3.43099e-05
8.25601e-05
0.000107216
9.50332e-05
2.33733e-05
4.58627e-05
0.000241065
0.000209213
0.000221509
0.000263403
0.000313889
0.000259289
0.000291698
0.00025829
0.000188093
0.000106502
7.14761e-05
9.5899e-05
9.78946e-06
6.74419e-05
7.42973e-05
5.47681e-05
0.000126634
9.6851e-05
5.06889e-05
9.0179e-05
0.00015126
0.000270845
0.000212173
0.000198394
0.000223998
0.000272115
0.000405147
0.000319176
0.000159323
8.16773e-05
9.56113e-05
0.000126539
7.24191e-05
0.000110782
7.70894e-05
0.00010557
5.96323e-05
9.03871e-05
8.42487e-05
5.82103e-05
0.000171572
0.000235562
0.00019357
0.000209919
0.000258516
0.000289804
0.000346486
0.000289046
0.000233227
0.000192534
0.000179579
5.12482e-05
3.70362e-05
0.000110809
0.000152105
9.33109e-05
9.0065e-05
9.09585e-05
0.000118226
0.000134751
0.000199507
0.000182079
0.000132846
0.000144827
0.000246112
0.000278555
0.000269277
0.000249667
0.000243471
0.000300169
0.000223035
7.83533e-05
3.59456e-05
9.05935e-05
9.97143e-05
0.00011081
0.000135287
0.000116711
0.00013177
0.000197054
0.000232672
0.000164131
0.000153192
0.000181526
0.000178113
0.000233373
0.000220145
0.000231491
0.000219506
0.000223196
0.000199176
0.000137168
8.82445e-05
9.16504e-05
8.32684e-05
9.67484e-05
0.000151835
0.000166745
0.000139228
0.000164018
0.00020555
0.000198284
0.000137353
0.000154345
0.00023382
0.000232036
0.00024055
0.000219594
0.000189356
0.000161231
0.000160529
0.000147645
0.000151206
0.000130006
0.000132283
0.000142705
0.00016393
0.000155863
0.000142793
0.00015225
0.000175947
0.000187176
0.000151337
0.000139754
0.000218079
0.000229373
0.000224207
0.000419341
0.000563227
0.000393821
0.000232458
0.000193519
0.000138198
9.67828e-05
6.93724e-05
8.3006e-05
0.00014101
0.000166083
0.000177263
0.000205762
0.000254127
0.000228567
0.000164578
8.7258e-05
2.75054e-05
7.75292e-05
0.000162562
0.00041663
0.000520564
0.000396766
0.000212229
0.000193721
0.000137833
8.4694e-05
6.85648e-05
0.000106121
0.000140658
0.000165637
0.000183825
0.000227415
0.000258201
0.000201145
0.000163009
4.71535e-05
2.35072e-05
7.4416e-05
0.000158436
0.000513327
0.000582372
0.000407628
0.000212756
0.000193236
0.000135308
9.38601e-05
6.55042e-05
0.000105681
0.000140635
0.000162259
0.000170496
0.000203363
0.000258129
0.000221546
0.000150659
3.38388e-05
1.0095e-05
8.87486e-05
0.000145218
0.000389946
0.00062417
0.000446703
0.000212629
0.000169582
0.000106067
7.32162e-05
5.60498e-05
0.000109469
0.00016228
0.000164994
0.000142903
0.000199051
0.000253047
0.00019209
9.14565e-05
4.99566e-05
6.79424e-06
5.47413e-05
0.000112025
0.000337785
0.000612503
0.000490859
0.000249811
0.000164014
0.000103258
8.52136e-05
5.03473e-05
7.66565e-05
0.000146671
0.000159477
0.000124352
0.000131909
0.000226358
0.000158651
5.12606e-05
6.83475e-05
3.69086e-05
5.98622e-05
0.000100908
0.000269254
0.00057725
0.000518611
0.000261528
0.000145308
9.98988e-05
9.05576e-05
4.96196e-05
6.28726e-05
8.94302e-05
0.000144712
0.000117801
9.32596e-05
0.000210554
0.000124636
2.174e-05
8.23335e-05
7.97791e-05
7.56918e-05
0.000127742
0.000310092
0.000427951
0.000509353
0.000285458
0.000113976
8.81113e-05
0.000104206
4.38574e-05
-5.69286e-06
1.28962e-05
0.000108291
0.000105671
5.13589e-05
0.000163621
8.33213e-05
3.14096e-05
6.88332e-05
8.72087e-05
9.88909e-05
0.000124245
0.000271758
0.000357353
0.000432233
0.000205148
0.000115874
6.11622e-05
0.00014131
4.96039e-05
1.28927e-06
-2.27845e-06
6.89452e-05
7.75807e-05
4.4763e-05
0.000146624
9.02598e-05
7.2029e-05
9.01597e-05
0.000123047
0.00012058
0.000125198
0.00024104
0.00029242
0.00033408
0.000223854
0.000111051
6.49181e-05
0.000147704
0.000132498
0.000100871
7.6053e-05
0.00010244
0.000136956
0.00016086
0.000156027
8.88349e-05
6.97575e-05
0.000133374
0.000166557
0.000154204
0.000138317
0.000227966
0.000277434
0.000275019
0.000243236
0.000211186
0.000136778
0.00012552
0.000115139
0.00013388
0.000151009
0.000118066
0.000136799
0.000194442
0.000192098
0.000120102
0.000120479
0.000159628
0.000186172
0.000172208
0.000182755
0.000187249
0.000230859
0.000228529
0.000244414
0.000195106
0.000117094
0.000101724
0.000141409
0.000163112
0.000183103
0.000198425
0.000160155
0.000154408
0.000167686
0.000163972
0.000168994
0.000161288
0.000218245
0.000227147
0.000218018
0.000213102
0.00021125
0.000216985
0.000203701
0.000175707
0.000160819
0.00014483
0.000153745
0.000175593
0.000197549
0.000180722
0.000143988
0.000146919
0.000163712
0.000166783
0.000144597
0.000176966
0.000213046
0.000225134
0.000230114
0.000482763
0.000498706
0.000326903
0.000209722
0.000211877
0.000168672
0.000112022
8.30297e-05
0.000117114
0.000172035
0.000186021
0.000179058
0.000188145
0.000211513
0.000160588
7.66844e-05
4.35901e-05
5.32784e-05
0.000152077
0.000285861
0.000520677
0.00050121
0.000328019
0.000209601
0.00021181
0.000168187
0.000111823
8.2848e-05
0.000142802
0.000172488
0.000183374
0.000178659
0.000200192
0.000212341
0.000160136
5.6685e-05
4.04511e-05
8.05051e-05
0.000149369
0.000283706
0.000493735
0.0005108
0.00033275
0.000205279
0.000203006
0.000166574
9.51929e-05
8.18466e-05
0.000144279
0.000183372
0.000180327
0.00017252
0.000197968
0.000202404
0.000113044
6.04411e-05
2.79023e-05
4.27053e-05
0.000141157
0.000275402
0.000562497
0.00047982
0.00035088
0.000204222
0.000215041
0.000140242
0.000113056
8.78698e-05
0.000123408
0.000182326
0.000185484
0.000150238
0.000181671
0.00020184
0.000143125
2.68078e-05
3.21966e-05
4.33788e-05
0.000137299
0.000324746
0.000569714
0.000505926
0.000373187
0.000197891
0.000209691
0.000170701
0.000124546
0.000100679
0.000169995
0.000198732
0.000175769
0.000135469
0.00016673
0.000201351
0.000146288
4.17216e-05
5.3267e-05
2.93434e-05
0.000127028
0.000202737
0.000492879
0.000506103
0.00039858
0.000164996
0.000200062
0.000165501
0.000137666
0.00010235
0.000167472
0.00020885
0.000180603
0.000112182
0.000119314
0.000207036
9.9112e-05
5.00949e-05
8.08952e-05
2.86008e-05
2.88603e-05
0.000152508
0.000344978
0.000466893
0.000354397
0.0001248
0.000167994
0.000128935
0.00014333
6.85307e-05
0.000117987
0.000145892
0.000174397
0.000101926
0.000142489
0.000209281
9.65658e-05
6.176e-05
7.75374e-05
6.88325e-05
3.87783e-05
7.18112e-05
0.000289908
0.000371323
0.000419899
0.000213854
0.000111986
0.000110078
0.000205069
0.000129162
7.24236e-05
8.58414e-05
0.000123893
0.000110317
0.000128876
0.000163248
7.74609e-05
8.69618e-05
9.2323e-05
0.000105885
7.91566e-05
5.78157e-05
0.000214748
0.000327833
0.000364227
0.000266943
0.000131764
0.000134216
0.000169364
0.00016611
0.00014359
0.00011393
9.86858e-05
0.000142739
0.00017294
0.000159572
3.96437e-05
0.000109796
0.000144633
0.000182646
0.000161343
7.33754e-05
0.000193463
0.000257391
0.000241226
0.000235246
0.000195624
0.000167905
0.000126784
0.000154957
0.000200372
0.000182631
9.95392e-05
0.000100869
0.000194802
0.000187146
9.45977e-05
0.000106279
0.000161888
0.00023065
0.000226704
0.000130012
0.000169775
0.000219301
0.000239971
0.000241997
0.000192428
0.000119545
0.000102654
0.000160165
0.000185364
0.000210944
0.000141187
8.69264e-05
0.00011126
0.000140726
0.000128106
0.000154677
0.000177988
0.000239736
0.000252758
0.000187909
0.000207288
0.000215087
0.0002308
0.000202028
0.000192353
0.000179351
0.000128665
0.000147304
0.000209192
0.000228906
0.000196191
0.000141892
0.000130044
0.000153991
0.000148013
0.000131387
0.000177744
0.000211413
0.000219771
0.000227879
0.000306211
0.000260618
0.000169232
0.000142203
0.000264753
0.000242875
0.000114115
7.31967e-05
0.000144839
0.000218486
0.00024651
0.000226852
0.00018003
0.000123351
0.00010944
0.000149414
0.000199204
0.000194914
0.000230514
0.000280028
0.000215273
0.000259723
0.000168015
0.000140168
0.000265699
0.000244669
5.7126e-05
7.2462e-05
0.000178867
0.000219066
0.000287231
0.00026891
0.000200781
0.000109343
0.000108632
0.000169493
0.000238958
0.000195192
0.000230108
0.000280187
0.000304263
0.000180357
0.000163327
0.000133094
0.000285302
0.000180686
8.97821e-05
5.4107e-05
0.000194517
0.000270252
0.000288973
0.000251863
0.000200405
9.97793e-05
0.000118701
0.000205597
0.00024034
0.000233808
0.000250834
0.000288766
0.000174047
0.000140866
0.000159289
0.000158284
0.000296656
0.00026773
8.97001e-05
7.3706e-05
0.000146763
0.000244583
0.000289234
0.000201464
0.000146027
9.28217e-05
0.000106623
0.000217782
0.000255195
0.000230155
0.000221836
0.000235245
0.000150481
0.000121976
7.76906e-05
8.43843e-05
0.000305157
0.000251444
9.0678e-05
4.66638e-05
0.000209669
0.000227236
0.000285569
0.00026643
0.00017188
0.000123276
0.000135998
0.000189618
0.000258815
0.000164631
0.000229575
0.000233518
0.000102677
0.000112941
9.85648e-05
9.08167e-05
0.000231718
0.000242827
4.53925e-05
-3.11194e-06
0.00017529
0.000228458
0.000269917
0.000273248
0.000183319
0.000135377
0.000141109
0.000191616
0.000268439
0.000124878
0.000130914
0.000190094
0.000223653
0.000193805
0.000105461
9.45585e-05
0.000252745
0.000195235
0.000134666
5.96113e-07
6.71906e-05
0.000188363
0.000230417
0.000255286
0.000191904
0.000153644
0.000116628
0.000194108
0.000256633
0.00017661
0.000191265
0.000208528
0.000190908
0.000172145
0.000164366
9.3425e-05
0.000248857
0.000241639
0.000169224
6.6305e-05
2.17821e-05
0.0001114
0.000195115
0.000180044
0.000170502
0.000142121
7.73037e-05
0.000133598
0.000199633
0.000250166
0.00015835
0.000191951
0.000186338
0.0002194
0.000239066
0.000123896
0.000199152
0.000251343
0.000120438
0.000100232
-3.04777e-05
1.08191e-05
2.70161e-05
0.000185906
0.000210068
0.000194659
0.000100634
0.000140605
0.00012826
0.000260536
0.000189673
9.53935e-05
7.1786e-05
0.000130582
0.000162875
0.000209486
0.000223643
0.000248054
0.000123394
9.02186e-05
7.30813e-05
-3.24218e-05
-4.50512e-05
8.55421e-06
0.000151147
0.000259012
9.93171e-05
0.00013884
0.000185064
0.000276377
0.00025153
7.28957e-05
0.000105753
0.000174615
0.000251341
0.000237704
0.000228756
0.000169425
0.000123452
0.000157764
0.000191152
0.000130223
-1.28384e-05
-6.7397e-05
-7.84881e-05
1.7602e-05
3.7331e-05
0.000124539
0.000206558
0.000247718
0.000245489
0.000178204
0.00019538
0.000193121
0.000223896
0.00021459
0.000208477
0.000229071
0.000140234
0.00012766
0.000227476
0.000230616
0.000175667
0.000133787
9.29083e-05
4.50677e-05
3.96512e-05
0.000128675
0.000185994
0.000216738
0.000222838
0.00022289
0.000103716
0.000118801
0.000147816
0.00016203
0.000223744
0.000190698
8.71439e-05
0.000120015
0.000156352
0.000242389
0.000320015
0.000342191
0.000285617
0.000113565
7.72048e-05
0.000160737
0.000245823
0.000265289
0.000209036
0.000142708
0.000102199
0.000134219
0.000147784
0.000161999
0.00022603
0.000190891
8.69713e-05
0.000143604
0.000175623
0.00024232
0.0003207
0.000342685
0.000217431
7.33593e-05
0.000104832
0.00019802
0.000246693
0.00024954
0.000209552
0.000124508
9.38298e-05
0.000131458
0.000150185
0.000187935
0.000226644
0.000190974
8.62549e-05
0.000145069
0.000149965
0.000287124
0.000321547
0.000342675
0.000214922
0.000104985
0.000101797
0.0001606
0.000271581
0.000252899
0.000208317
0.000117036
6.72163e-05
0.000119524
0.000154
0.000157265
0.000224812
0.000183512
6.52589e-05
9.03254e-05
0.000117764
0.000236763
0.000311928
0.000325644
0.000273805
7.75174e-05
5.12784e-05
0.000159747
0.000284208
0.000286301
0.000203604
8.85672e-05
5.65635e-05
0.000110332
0.000158542
0.00017358
0.000215563
0.000164591
3.5283e-05
3.80318e-05
5.51962e-05
0.000298404
0.000313136
0.000294128
0.000239567
-2.72228e-07
7.20816e-05
0.000211283
0.000298654
0.000299921
0.000153954
7.20299e-05
6.03102e-05
0.000124401
0.000163323
0.000164199
0.000187479
7.64184e-05
-2.0226e-05
-1.34793e-05
8.02915e-05
0.00030439
0.000321526
0.000279413
0.000212167
-1.46372e-05
-1.53682e-05
0.00013951
0.000301279
0.000321931
0.000204637
8.87308e-05
4.55266e-05
0.000129657
0.000170218
0.000165216
0.000185721
6.95249e-05
-5.99972e-05
-4.23873e-05
5.19438e-05
0.000280295
0.000320897
0.000293862
0.00012937
-2.81783e-05
2.73809e-05
0.000195854
0.000302353
0.000320918
0.000228458
7.23854e-05
5.84077e-05
0.000121635
0.000185674
0.000187771
0.000181285
9.76199e-05
0.000120568
2.41968e-05
2.64736e-05
0.000227012
0.000288049
0.000315143
0.000158526
2.20541e-05
5.39523e-06
0.00012784
0.000312121
0.000339838
0.000254542
0.000133589
8.23598e-05
7.3891e-05
0.000171785
0.000209864
0.000160327
0.000133956
0.000204638
9.79719e-05
5.87711e-05
0.000163653
0.000258414
0.000282992
0.000252372
8.19454e-05
3.05092e-05
0.000129897
0.000223328
0.000301533
0.000262384
0.000161093
0.000129823
0.000122897
0.000206925
0.000207041
0.000183388
0.000152187
0.000178274
0.000120501
6.83673e-05
0.00011103
0.000150563
0.000205257
0.000165567
9.82414e-05
7.17188e-05
0.000131875
0.000230873
0.000287631
0.000254884
0.000197465
0.000126825
0.000174982
0.000229277
0.000197148
0.000175582
0.000157647
0.000149696
0.000128825
0.000109997
0.000141619
0.000130669
0.000130348
0.000142821
0.000123212
0.000104894
0.000190557
0.000190095
0.000235838
0.000241817
0.000203983
0.000191905
0.000151956
0.000173625
0.000194897
0.000188319
0.000196791
0.000146587
0.000141878
0.000161312
0.00017945
0.000185075
0.000159315
0.00013353
0.000126386
0.000111822
0.000122548
0.00019527
0.000211635
0.000226302
0.000205336
8.59868e-05
0.000113762
0.000141439
0.000176329
0.000228403
0.000140196
1.72528e-05
0.000149435
0.000198195
0.000253334
0.000344178
0.000397588
0.000365185
0.000164098
9.13959e-05
0.000147893
0.000210782
0.00023667
0.000162361
9.86148e-05
8.3899e-05
0.000129182
0.000141183
0.000175324
0.000209338
0.000139875
1.46384e-05
0.000151125
0.000200366
0.00025295
0.000358898
0.000398103
0.00029106
0.000163442
9.03411e-05
0.000171586
0.000210557
0.000216598
0.000162124
9.76099e-05
6.97649e-05
0.000104138
0.000140837
0.000169269
0.000229139
0.000140508
4.5359e-06
0.000157768
0.000200038
0.000303434
0.000343796
0.000417405
0.00037122
0.000157798
8.46537e-05
0.000143725
0.000209376
0.000217744
0.000122047
8.7736e-05
2.17736e-05
0.000100477
0.000149893
0.000196814
0.000219601
0.000144613
-2.52032e-05
0.000179568
0.000191704
0.000249451
0.000341389
0.000419154
0.000282173
0.000131365
6.08329e-05
0.00015353
0.000243197
0.000266314
0.000112371
4.82418e-05
-1.17244e-05
6.65215e-05
0.000159176
0.000179321
0.000194558
0.00013912
-2.24193e-05
4.41439e-05
0.000131243
0.000286721
0.000340237
0.000414652
0.000363715
3.67144e-05
2.78446e-05
0.000115625
0.000251444
0.000295201
0.000202008
6.55456e-05
-9.53505e-06
5.36756e-05
0.000128599
0.000200865
0.000172907
0.000105293
-4.21288e-05
4.42158e-05
0.000114704
0.000173816
0.000301437
0.000417517
0.00023172
-2.32816e-05
-1.97308e-05
1.28762e-05
0.000158686
0.000353968
0.000282186
6.19338e-05
1.8505e-05
8.49076e-05
0.000165369
0.000219197
0.000153086
-3.3552e-05
-0.000172705
-4.22404e-05
0.000127312
0.000160469
0.000267463
0.000409782
0.000227209
3.55277e-06
-7.09581e-05
3.67485e-05
0.000150506
0.000345054
0.000317179
0.000123974
4.78611e-05
7.75308e-05
0.00018782
0.000207989
0.000213333
-5.10929e-06
-4.39593e-05
-8.02161e-05
7.97269e-05
0.000210276
0.000252366
0.000404336
0.000252771
3.78359e-05
-2.11809e-05
9.77125e-05
0.000176904
0.000308247
0.000289668
0.000201708
6.43195e-05
0.00010834
0.000199091
0.000211603
0.000192085
2.74991e-05
0.000135699
7.05239e-05
6.92754e-05
0.000142638
0.000208411
0.000316347
0.000337208
6.61738e-06
3.72216e-05
0.000143199
0.000202756
0.000288279
0.000256712
0.000174533
0.0001344
0.000119598
0.00021283
0.000197307
0.000188477
0.000132085
0.000125258
0.000108426
8.12451e-05
0.000151309
0.000174298
0.000223861
0.000199741
0.000112239
6.96666e-05
0.000137298
0.000230971
0.000274377
0.000258167
0.000185479
0.00017615
0.000165862
0.000195251
0.00020741
0.000168298
0.000141046
0.000138009
0.00014328
0.00012526
0.000156795
0.000148529
0.000173828
0.000175886
0.000148814
0.000120174
0.00018727
0.000193475
0.00022923
0.000242656
0.000236174
0.000245817
0.000217861
0.000184542
0.000195493
0.000193292
0.000190105
0.000144512
0.000136073
0.000156168
0.000188339
0.000184872
0.000148421
0.000135179
0.000155642
0.000138739
0.000178252
0.000214357
0.00021668
0.000223564
0.000225381
0.000222907
0.000194068
0.000167274
0.000556743
0.000339125
3.38782e-05
-0.000121513
-0.000148922
0.000126652
0.000415849
0.000498865
0.000408364
0.000394481
0.000245108
0.000137204
0.000179156
0.000209865
0.00019045
0.000179141
0.000170365
0.000227362
0.000173568
0.000162827
0.000594732
0.000341997
2.88197e-05
-0.000126288
-0.00015318
0.000246117
0.000492134
0.000456245
0.000414109
0.000394855
0.000245175
0.000136984
0.000179515
0.000209465
0.000188951
0.000177296
0.000169434
0.000230317
0.000175688
0.000155083
0.000552835
0.000355684
-4.64823e-05
-0.000199657
-0.000169217
0.000109189
0.000486491
0.000457648
0.000415283
0.000396408
0.000185746
0.000143085
0.000202309
0.000211109
0.000173632
0.000165676
0.000170901
0.000215606
0.000187434
0.000188137
0.000479092
0.000398139
-4.91371e-05
-0.000217923
-0.000225953
4.73975e-05
0.000401855
0.000443299
0.000381397
0.000394964
0.000235012
0.000146024
0.000193441
0.000217892
0.000179585
0.000151523
0.0001469
0.000193431
0.000214885
0.000191205
0.000379019
0.000185067
-2.62565e-05
-8.89416e-05
-0.000235897
0.000100751
0.000238857
0.000365763
0.000325061
0.000358812
0.000193319
0.000146066
0.000203387
0.000222417
0.000187908
0.000153926
0.0001321
0.000233015
0.000236512
0.000223088
0.000375055
0.000334013
-1.52485e-05
-3.91804e-05
-0.000150122
8.43543e-05
0.000267442
0.000295593
0.000265512
0.000290558
0.000123911
9.68326e-05
0.000231478
0.000219048
0.000184758
0.000155235
0.00016712
0.000232712
0.000261514
0.000235982
0.00025957
0.000212694
5.90438e-05
4.86188e-05
-8.79058e-05
5.90226e-05
0.000236028
0.000292787
0.000291273
0.000280709
8.58535e-05
6.68212e-05
0.000277148
0.000207104
0.000189335
0.000162176
0.000173571
0.000181185
0.000236055
0.000241434
0.000221714
0.000201565
7.95604e-05
-3.20946e-05
-7.55738e-05
9.73016e-05
0.000193716
0.000301722
0.000323515
0.000254017
5.48398e-05
5.07676e-05
0.000182056
0.00023285
0.000209363
0.000179389
0.000156979
0.0001736
0.000205953
0.000214151
0.000210418
0.000203301
2.39133e-05
2.08208e-05
1.52951e-05
0.000134151
0.000191496
0.000276739
0.000307158
0.000303632
8.83564e-05
3.50166e-05
0.00013851
0.000186086
0.000242167
0.000227637
0.000204615
0.000172026
0.00019261
0.00019145
0.000190372
0.000165198
0.000107507
6.53937e-05
7.31162e-05
9.67564e-05
0.000176738
0.000248799
0.000263604
0.000246978
0.000136721
3.47451e-05
0.000159511
0.000181626
0.000228843
0.000220222
0.000236527
0.00016937
0.000140116
0.000176874
0.000186502
0.000167693
0.000103449
9.09388e-05
0.000109622
0.000151463
0.000196989
0.000220733
0.000219977
0.000215154
0.000162841
0.000110295
0.000185353
0.000237846
0.000239528
0.00020672
0.000230681
0.000224079
0.000205556
0.000202904
0.000218288
0.000201717
0.000187624
0.000160175
0.000145746
0.000167545
0.000194966
0.000205456
0.000165894
0.0001583
0.000156904
0.000122768
0.000177169
0.000233931
0.000222422
0.000216221
0.000223889
0.00022378
0.00022304
0.000232244
0.000165736
0.000102987
0.000244906
0.000167022
-7.9295e-05
0.000122657
0.000335101
0.000333913
0.000313234
0.000378478
0.000217628
8.89664e-05
0.00017331
0.000306801
0.000229641
0.000121097
0.000156822
0.00022448
0.000233204
0.000232798
0.000162811
0.000120941
0.000244261
0.000173341
-8.10376e-05
0.000215058
0.000367826
0.00029971
0.000365141
0.000380043
0.000150419
8.76906e-05
0.000172577
0.000309357
0.000230031
0.000117738
0.000155067
0.00022897
0.000231377
0.000205704
0.000122384
7.78434e-05
0.000240908
0.000197527
-9.47529e-05
0.000103569
0.000367721
0.000336461
0.000369118
0.000383719
0.000212749
8.11212e-05
0.000170583
0.000315958
0.000172241
0.000106498
0.000181909
0.000240352
0.00022179
0.000214881
0.000131424
3.58485e-05
0.000353045
0.000292141
-0.000161378
0.000102272
0.000342511
0.000325862
0.000373888
0.000322236
0.000134217
8.00848e-05
0.000258837
0.000339701
0.000206534
0.000117446
0.000144292
0.000264335
0.000222976
0.000143985
7.07404e-05
6.16991e-05
0.000336961
0.00038743
-0.000202734
-4.33263e-07
0.000250086
0.000276435
0.000226701
0.000299644
0.000176763
7.11292e-05
0.000185617
0.000338995
0.000213657
0.000156803
0.000205524
0.000290995
0.000227776
0.00014753
8.61261e-05
0.000141083
0.000147458
0.000194922
-0.0001663
9.22265e-05
0.000164039
0.000180365
0.000138055
0.000241568
7.02978e-05
-7.4703e-06
0.000199246
0.000354553
0.000263547
0.000140481
0.000231994
0.000285332
0.000222558
0.000167931
0.000155485
0.000198693
0.000193278
0.000287395
-9.56222e-05
3.53026e-05
0.000162558
0.000202572
5.77784e-05
9.35424e-05
1.6967e-05
-0.000121233
0.000378813
0.000412065
0.000244904
0.000126106
0.000218133
0.000249241
0.000188582
0.000173969
0.000210959
0.000254197
0.000171862
0.000134169
1.12842e-05
0.000130131
0.00022562
0.000365624
0.000291979
0.000107299
-5.47453e-06
-4.38671e-05
0.000360486
0.000392647
0.00017291
0.0001127
0.00020713
0.000205976
0.000160505
0.0001369
0.00017478
0.00019227
9.24059e-05
6.6495e-05
3.49097e-05
0.000157238
0.000229368
0.000284292
0.000336332
0.000316805
7.87315e-05
1.80002e-05
0.000236972
0.000354942
0.000184984
0.000154816
0.000186312
0.000172404
0.000153224
0.000152611
0.000175473
0.000153504
0.000112213
6.12991e-05
6.86925e-05
0.000131153
0.000203832
0.000233992
0.000236889
0.000228629
0.000131798
6.83768e-05
0.000182974
0.000238787
0.00020392
0.000172139
0.000210461
0.000192683
0.000170714
0.000167313
0.000164529
0.000179484
0.000111776
8.50715e-05
9.32058e-05
0.000139949
0.000171794
0.000219773
0.000212223
0.000203283
0.000154671
0.00012004
0.000206694
0.000261373
0.000242448
0.000182321
0.00020515
0.00019056
0.000198094
0.000206719
0.0002039
0.000196989
0.000187607
0.000162294
0.000137185
0.000153714
0.00016828
0.000164596
0.000148407
0.000178433
0.000178357
0.000142929
0.000197123
0.00023243
0.000218038
0.000207102
0.000203931
0.000216195
0.000246885
0.000232337
0.000124633
0.000120829
0.000273143
7.4956e-05
-4.47326e-05
0.000195569
0.00025759
0.000132224
0.000210372
0.000380719
0.00026114
0.00011302
0.000120912
0.000324459
0.000300086
0.000144868
0.000127852
0.000215417
0.000248542
0.000232012
0.00012153
0.00018342
0.000276123
7.57076e-05
-4.68666e-05
0.000242316
0.000254091
0.0001272
0.000312353
0.000382947
0.000201116
0.000111326
0.000118119
0.000359466
0.000303911
0.000142156
0.000123514
0.000212788
0.000250537
0.000191542
7.37854e-05
0.000173398
0.00028459
-6.80307e-05
5.7831e-05
0.000169793
0.000198988
7.82494e-05
0.00030728
0.000353341
0.000196792
0.000105824
0.00019327
0.000376316
0.000242534
9.46809e-05
0.000104527
0.000235599
0.000253414
0.000181117
3.82617e-05
7.18793e-05
0.000326852
0.00010072
-9.7947e-05
0.000175694
0.000110809
3.75026e-05
0.00016224
0.000338594
0.000183097
7.15266e-05
0.000201964
0.00037813
0.000251669
7.988e-05
0.000108367
0.000233113
0.000253135
0.000164423
3.2004e-05
0.00012752
0.000280269
0.000133419
-0.000166185
0.000176844
3.37238e-05
-0.000104555
7.45516e-05
0.000366044
0.00019372
0.000108117
0.000219567
0.000357576
0.00031109
0.000114708
0.000144235
0.000239613
0.000222584
0.000210568
5.46609e-05
0.000129228
0.000256616
0.000156688
-2.54815e-05
0.000205314
1.5982e-05
-0.000189039
0.000124866
0.000287882
0.000232537
8.56245e-05
0.000235813
0.000347931
0.000239076
0.000115889
0.000132554
0.000253606
0.000213167
0.000197648
0.000117288
8.27075e-05
0.000214547
-1.43849e-05
-0.000105026
0.000186303
0.000106977
-2.12233e-05
-3.78303e-05
0.000160865
0.000128364
6.21521e-05
0.000267107
0.000351685
0.000247529
0.000127699
0.000109551
0.000245057
0.000206259
0.000184199
0.000139379
0.000124927
0.000159081
9.67357e-05
-3.03645e-05
0.00019257
0.000127164
0.000138761
0.000130217
0.000156122
-6.14333e-05
4.56944e-05
0.000116828
0.000386232
0.000198493
0.000106682
0.000123987
0.000180594
9.90532e-05
0.000170825
0.000195437
0.000138285
0.000102272
4.21589e-05
9.3704e-06
0.00018165
0.000196465
0.000200726
0.000269503
0.000274436
2.09272e-05
6.31995e-05
0.000153644
0.000367713
0.000190338
0.000109037
0.000163095
0.000148878
0.000157089
0.000198203
0.000194802
0.000140896
7.21086e-05
5.15194e-05
7.71108e-05
0.000151965
0.000195852
0.000188669
0.000197677
0.000207881
0.000128774
0.000107039
0.000221407
0.000295489
0.000202627
0.000132497
0.000191651
0.00016721
0.000174321
0.000187036
0.000182911
0.000188417
0.00015381
8.68815e-05
8.91106e-05
0.000131944
0.000188043
0.000203657
0.000195201
0.000188414
0.000158729
0.000146199
0.000238627
0.000290066
0.000231142
0.000171342
0.000208875
0.000182363
0.000188143
0.000201761
0.000202332
0.000199318
0.000187355
0.00015913
0.000130599
0.0001435
0.000165684
0.000146292
0.000141164
0.000170125
0.000174997
0.000153778
0.000179498
0.000237783
0.000221493
0.000205653
0.000199645
0.000251818
0.000188792
0.000168207
0.000173954
0.000173485
0.00016768
8.58798e-05
2.61972e-05
0.000265925
0.000381867
0.000291048
0.000276713
0.000288868
0.000311665
0.000275753
0.000238908
0.000141761
0.000158188
0.000309236
0.000377165
0.000220054
0.000180348
0.000158921
0.000241841
0.000163444
0.000167179
1.16341e-05
0.00011475
0.000251804
0.000296406
0.000291313
0.000263362
0.000257512
0.000310772
0.000275613
0.000240196
0.000105962
0.000155365
0.000308108
0.000346355
0.000249384
0.000145286
0.000220275
0.000187783
0.000177347
0.000149177
6.84708e-05
7.08256e-05
0.000237324
0.000294946
0.000291706
0.000261456
0.00026875
0.000319196
0.000245883
0.000225985
0.000138773
0.000208571
0.000321281
0.000390862
0.000207732
0.000131728
0.000203999
0.000245875
0.000212403
0.000154184
0.000119981
1.92374e-05
0.000237566
0.000257029
0.0002673
0.000293709
0.000257541
0.000275584
0.000269302
0.000317103
0.000109808
0.000195164
0.000293208
0.000413615
0.000227329
0.000119935
0.000186564
0.000212686
0.000177541
0.000145315
5.2997e-05
0.000127019
0.000243643
0.000240147
0.000221372
0.000273849
0.000265263
0.000246696
0.000152235
0.00029271
0.000114668
0.00014473
0.000193952
0.000392424
0.0002084
5.9686e-05
0.000136043
0.000117612
0.000165756
0.000140131
4.51951e-05
-2.71698e-05
0.00024444
0.000228732
9.31927e-05
0.000233398
0.000266345
0.000212126
0.000142564
0.000260456
0.000148501
0.000151436
0.000154154
0.000310123
0.000238898
0.00019479
0.00019365
0.000112688
7.57001e-05
0.000129598
8.30763e-05
2.35066e-05
0.000243059
0.000202846
0.000138159
0.000208616
0.000236114
0.000198119
0.000166145
0.000317859
0.000195655
0.000157853
9.76145e-05
0.00022949
0.000298853
1.22207e-07
6.89902e-05
0.000124886
3.14247e-05
6.05692e-05
8.26191e-05
7.06867e-05
0.000214359
0.000175143
0.000129015
0.000156424
0.000221456
0.000202772
0.000135559
0.0002464
0.000227379
0.00017047
5.65976e-05
0.00013832
0.000137116
0.000126436
3.4045e-05
0.000231729
2.61432e-05
-6.57761e-07
-6.63486e-06
1.58097e-05
0.000143702
0.000182825
0.000118087
0.000241546
0.00022542
0.00015214
0.000141588
0.000170011
0.000292204
0.000215023
0.000158595
0.000148128
0.000112624
0.000141861
0.000141514
0.000225326
0.000175174
5.34182e-05
-2.89085e-05
1.8273e-05
7.87924e-05
0.000162105
0.000163427
0.000189032
0.000200714
0.000154809
0.000163451
0.000156171
0.000248701
0.000223996
0.000190881
0.000146005
0.000159968
0.000190407
0.000201667
0.000217551
0.000267519
0.000175691
2.49158e-05
2.08378e-05
8.77958e-05
0.000145962
0.000205616
0.000238346
0.000180259
0.000141977
0.000154559
0.000208492
0.000238865
0.000211555
0.000214584
0.000171539
0.000180145
0.00018457
0.000197256
0.000213428
0.00021731
0.000197731
0.000145661
0.000104231
0.000112684
0.000135942
0.00017341
0.000198979
0.000206631
0.000145623
0.000136758
0.00016084
0.00022572
0.000231554
0.000225137
0.000189365
0.000177616
0.000146211
0.000261237
0.000318322
0.000205252
0.000150085
9.91282e-05
8.48472e-05
0.000169815
0.000193659
0.000205247
0.000266397
0.000281383
0.000312352
0.000284514
0.000150671
6.85832e-05
0.000151578
0.00035305
0.000325314
0.000150866
0.000144249
0.000260526
0.000282727
0.000206497
0.000149908
9.79111e-05
8.25344e-05
0.000187664
0.000194013
0.000204054
0.000282843
0.000281357
0.000324987
0.000226955
0.00014952
6.66642e-05
0.000149077
0.00035343
0.000266023
0.000146315
0.000138225
0.000260114
0.000327667
0.000209769
0.000147103
6.66111e-05
7.46543e-05
0.000187935
0.000187058
0.000215483
0.000285677
0.000279468
0.000317967
0.000222378
9.92851e-05
5.37556e-05
0.000229957
0.000352749
0.000261791
0.000173137
0.000119849
0.000251416
0.000296702
0.000165931
0.000118736
8.20957e-05
6.59004e-05
0.000199793
0.000168296
0.000168582
0.000313311
0.000292575
0.000262481
0.00020698
6.31075e-05
-2.71896e-05
5.48452e-05
0.000336999
0.00026636
0.000185621
0.000106271
0.000209231
0.000286651
0.000183058
0.000119765
7.18394e-05
4.89982e-05
0.000217963
0.000178213
0.000163977
0.000283999
0.000294004
0.000211869
0.00017624
0.000118803
-8.32379e-05
-6.30825e-05
0.000289934
0.000274952
0.000156489
9.14614e-05
0.000147561
0.000282657
0.000163292
0.000116054
7.80857e-05
2.3698e-05
0.00021666
0.000201099
0.000183144
0.000270104
0.000316239
0.000216144
0.000140007
0.000106539
2.96789e-05
-8.13424e-05
0.000191433
0.000325222
0.000154203
7.65443e-05
0.000159471
0.000215434
0.000144404
0.000122535
9.4048e-05
5.5857e-05
0.0002079
0.00022241
0.000208871
0.000265547
0.000316637
0.000247461
0.000116293
0.000163395
-9.65164e-06
-0.000211363
4.1362e-05
0.000265928
9.76841e-06
-4.69454e-05
-1.49515e-05
0.000295149
0.0001941
0.000108757
0.000103217
6.1705e-05
0.000188789
0.00022273
0.000198006
0.000315333
0.00029933
0.000248365
0.000154589
0.000136644
0.000100708
-0.000247963
-0.00013588
0.000101096
-1.61896e-06
6.4326e-05
-6.50991e-06
0.000214
0.000218568
6.95753e-05
7.10885e-05
4.59971e-05
0.000132959
0.000177648
0.000187829
0.000286772
0.00026302
0.000243994
0.000155454
0.000119953
0.000228755
9.97052e-06
-8.03996e-05
5.73127e-05
8.97229e-05
0.00013108
9.46939e-05
0.000258288
0.000225058
0.000140651
7.37389e-06
3.14785e-05
6.09268e-05
0.000129974
0.000125184
0.000164382
0.00014853
0.000177708
0.000142083
0.00015033
0.000235414
0.000213625
5.33139e-05
0.00012935
0.000158405
0.000152911
0.000175865
0.000250237
0.000277887
0.000239228
1.84782e-05
6.76936e-06
5.02143e-05
0.000102106
0.000168859
0.000202363
0.000136961
0.00013814
0.000153957
0.000161984
0.000218412
0.000224038
0.000161733
0.000159243
0.000189531
0.000178303
0.000199919
0.000214388
0.000236325
0.000243071
0.000191563
0.000101338
7.29048e-05
0.000105699
0.000151704
0.000218015
0.000215805
0.000130306
0.000147709
0.00017007
0.000202082
0.000228899
0.000207355
0.000197101
0.000185617
0.000231876
0.000267839
0.000210799
0.00010896
0.000164845
0.000222884
0.000174366
0.000169423
0.000147454
0.000127214
0.000231459
0.000342949
0.000317585
0.000197663
7.26318e-05
5.50909e-05
0.000214069
0.000414538
0.000331096
0.000184031
0.000262375
0.000270036
0.000155898
0.000111933
0.000164871
0.000207516
0.000174957
0.000169334
0.000147242
0.000125205
0.000289632
0.000344809
0.000280865
0.00019626
4.70945e-05
5.15815e-05
0.000212165
0.000416908
0.000331228
0.000175324
0.000232037
0.000279548
0.000144713
0.000105007
0.000155975
0.000221537
0.000176392
0.000172905
0.000125571
0.000118274
0.000291762
0.00035189
0.000315187
0.000189129
5.65027e-05
7.49177e-05
0.000204002
0.000427432
0.000333755
0.000173002
0.000205379
0.000303664
0.000113654
6.15981e-05
0.000137872
0.000166452
0.000149602
0.000188505
0.000136419
0.000114852
0.000288365
0.000369903
0.000267324
0.000106875
-2.44282e-05
4.77815e-06
0.000151631
0.000459709
0.000364783
0.000186989
0.00023443
0.000306348
0.000227205
3.79236e-05
8.96781e-05
0.00011164
9.66313e-05
0.000179757
0.000157081
0.000154358
0.000210539
0.000386753
0.000324429
0.000102478
2.04065e-06
-9.12548e-05
3.91217e-05
0.000470313
0.000314317
0.000225096
0.000209203
0.000258374
0.00016789
4.66995e-05
9.28125e-05
0.000113147
4.0381e-05
0.000132915
0.000174297
0.000158557
0.00021276
0.000381412
0.000346289
0.000133024
-1.91728e-05
-4.94301e-05
7.03484e-05
0.000410804
0.00044453
0.000249405
0.000165177
0.000190686
0.000243907
6.72434e-05
0.000111755
9.91725e-05
2.50507e-05
6.91916e-05
0.000149303
0.000164025
0.000216966
0.000328039
0.000322821
6.40642e-05
2.54982e-05
7.64971e-05
-0.0001903
0.000258577
0.000364987
0.00016337
0.000129574
9.01912e-05
0.000254928
5.13344e-05
3.88967e-05
0.000119499
0.000122745
8.85838e-05
0.000118897
0.0002036
0.000230535
0.000290096
0.000255762
0.000105636
9.61752e-05
0.000163832
-0.000245086
1.45955e-05
0.000326003
9.6349e-05
5.71873e-05
9.65079e-05
0.000264774
0.000182133
4.19049e-05
7.92712e-05
0.00012543
0.000130116
0.000127029
0.000156367
0.00023186
0.000214813
0.000242738
0.000155693
9.86335e-05
0.000170735
-0.000208224
-0.000191288
0.000257309
0.000149394
0.000126671
9.48523e-05
0.000209279
0.000183747
0.000133822
-9.03699e-07
7.32748e-05
8.0524e-05
9.25713e-05
6.65061e-05
0.000177313
0.000177406
0.000201899
0.000145529
0.000122756
0.00015605
0.000150366
1.8018e-05
0.000183244
0.000184632
0.000148453
0.000185628
0.000230831
0.000233479
0.00016488
2.75033e-05
2.96492e-05
5.05988e-05
7.46331e-05
0.000118087
0.000190575
0.000148557
0.000172278
0.000162879
0.000154723
0.000181773
0.000198368
0.000149922
0.000160842
0.00018105
0.000159611
0.000210647
0.000243178
0.000244324
0.000244176
0.000142653
0.000115572
8.83904e-05
0.000101563
0.00017644
0.000207033
0.000167316
0.000148783
0.000157074
0.000182448
0.000199539
0.000221996
0.000204645
0.00019879
0.000226429
0.000167674
0.000118298
0.000273106
0.000153163
9.62167e-05
0.000232606
0.000214377
0.000143447
0.000144174
0.000151741
0.000207987
0.000304979
0.000360494
0.00023749
0.000164922
0.000120407
0.000171614
0.000339884
0.000343544
0.000207454
0.000125144
0.000112909
0.000271011
0.00016999
0.000121519
0.000206103
0.000169581
0.000141409
0.000143695
0.000151889
0.000208065
0.000304637
0.000362604
0.000179671
0.000176197
0.000120644
0.000211655
0.000340183
0.000298772
0.00028811
0.00017818
0.000164604
0.0004092
0.000292413
9.47188e-05
0.000229735
0.000192879
0.000139535
0.00015077
0.000129965
0.000184793
0.000262526
0.000293682
0.000179558
0.000172947
0.000105536
0.000197059
0.000368168
0.00033361
0.000184765
0.000171698
8.95927e-05
0.00020672
0.000330901
9.88805e-05
0.000208239
0.000169919
0.000127306
0.000155956
0.000156306
0.000133886
0.000295739
0.000321745
0.000229883
0.000170769
5.51564e-05
6.85676e-05
0.000280725
0.000333515
0.000221352
0.000128746
0.000171542
0.000281974
0.000246773
0.000157864
0.000193957
0.000165359
0.00014928
0.000172954
0.000163414
0.000161409
0.000237868
0.00036702
0.00022921
0.000160834
8.54971e-05
9.34752e-05
0.000339567
0.000232043
0.000133184
0.000176557
0.000189575
0.000255185
0.000260053
0.000162896
0.000201627
0.000193964
0.000140511
0.000163678
0.00017816
0.000150132
0.000137658
0.000357694
0.000202634
0.000151897
9.32659e-05
7.5354e-05
0.000254441
0.000267322
0.000134716
0.000153106
0.000192376
0.000252136
0.000153446
0.000159091
0.000180393
0.000157566
0.000134746
0.000157682
0.000156862
9.46962e-05
0.000237056
0.000319468
0.000156078
0.000169074
9.26747e-05
1.58975e-05
0.00013798
0.000272113
8.2662e-05
0.000134826
0.000179437
0.000230247
0.00012731
2.29479e-05
0.000136186
0.000166197
0.000154026
0.00013043
0.000123783
5.91543e-05
0.000236961
0.000361626
0.000191186
0.000169727
0.000203754
7.80957e-05
6.79548e-05
0.000235342
0.000187052
0.000120319
0.000114544
0.000201278
0.000202299
2.9709e-05
0.000121847
0.000195577
0.00020997
0.000181081
0.000116589
2.82952e-05
4.17707e-05
0.000267647
0.000214524
9.74052e-05
0.000149054
0.000187626
0.000138782
0.000159462
0.00015644
0.000156279
0.000139924
0.000171722
0.000116864
7.8577e-05
6.29777e-05
0.00015641
0.000211225
0.000161324
0.000140649
0.000135191
0.000122588
0.000206594
0.000131237
7.95673e-05
0.000121353
0.000191211
0.000188045
0.00018355
0.000187057
0.000157531
0.000176879
0.000190138
0.000138541
0.000142507
0.000102893
6.47977e-05
0.000117028
0.000121393
0.000119948
0.000153924
0.000200213
0.000226554
0.000116787
6.14202e-05
0.000112329
0.000172164
0.000216247
0.000244662
0.000197007
0.000136105
0.000173045
0.000207859
0.000178807
0.000188219
0.000129684
0.000104023
0.000135669
0.000111926
0.000192036
0.000197323
0.000164594
0.000198355
0.000199964
0.000156398
0.000160249
0.000215272
0.000215541
0.00022299
0.000197907
0.000261549
0.000270295
0.00027008
0.000195052
0.000114935
0.000210299
0.000289181
0.000194027
0.000137969
7.4071e-05
5.98891e-05
0.000141515
0.000146597
7.98108e-05
0.0001808
0.000177384
0.000150132
0.000244936
0.00023768
0.000212753
0.000261862
0.000272287
0.000269917
0.00019461
0.000130521
0.000209432
0.000291597
0.000194765
0.000138111
7.36719e-05
8.92719e-05
0.000139247
0.000143678
9.67339e-05
0.000204502
0.000176311
0.000147231
0.000242796
0.000209951
0.000180379
0.000252317
0.000271916
0.000267632
0.000194586
0.000125552
0.000206867
0.000271264
0.000197451
0.000137687
4.64234e-05
8.01749e-05
0.000138434
0.000130226
8.51397e-05
0.000198528
0.000171271
0.000184519
0.000236392
0.000199092
0.000144487
0.000235089
0.000243419
0.000246431
0.000201128
0.000115776
0.000193029
0.000300243
0.000167296
0.000134211
6.86176e-05
9.52346e-05
0.000136946
8.12093e-05
4.2683e-05
0.000178897
0.000122191
0.000155826
0.000270884
0.000222436
0.000122939
0.000172725
0.000213543
0.000231591
0.000165832
0.000125172
0.000231123
0.00030568
0.000171224
0.000110664
6.58513e-05
0.000151754
0.000211531
0.000107406
5.76165e-05
0.000160035
0.000137835
0.00016424
0.000279807
0.000192348
0.000110267
0.000124249
0.000172893
0.000218082
0.000192928
0.00013635
0.000203976
0.00026085
0.000182434
0.000129143
6.92109e-05
9.83767e-05
0.000316377
0.000186087
8.16514e-05
0.000130193
0.00016488
0.000188234
0.000263997
0.00023496
0.000131042
0.000110931
0.000161783
0.00019713
0.000154126
0.000129995
0.000166719
0.000218796
0.000187434
0.000101309
5.936e-05
0.000142663
0.000345903
0.000314739
0.000153175
0.000165554
0.000187483
0.000204346
0.000242329
0.000215547
0.000177797
0.000100203
0.000144571
0.000191548
0.000170747
0.000106352
0.000152953
0.000200277
0.000185828
0.000157605
8.58223e-05
7.70326e-05
0.000359261
0.000268788
0.000198713
0.000150015
0.000179076
0.000229212
0.000235813
0.000223085
0.000211105
0.000138381
0.000127468
0.000200968
0.000132472
8.23452e-05
0.000119041
0.000202973
0.000190341
0.000166222
0.000114671
0.000107556
0.000202365
0.000283839
0.000198218
0.000114363
0.000158818
0.000247668
0.000255132
0.000206734
0.000169105
0.000139338
0.000131806
0.000163028
0.000139412
8.04397e-05
9.1289e-05
0.00015945
0.000179281
0.000203031
0.000156081
0.000153245
0.0002364
0.000284616
0.000172938
0.00010302
0.000135743
0.000249109
0.00023277
0.000195381
0.000238811
0.000148477
0.000109556
0.000143412
0.000150413
0.000114292
9.06479e-05
0.000118234
0.000141395
0.000197312
0.000205291
0.000137772
0.000223117
0.000361081
0.000263129
2.13084e-05
5.57868e-05
0.000223809
0.000221802
0.000219306
0.000203505
0.000138674
9.47263e-05
0.000124853
0.000159681
0.000131806
0.000112965
0.000119015
0.000157164
0.000185728
0.000221057
0.000205568
0.000176089
0.000263089
0.000203143
0.000131489
0.000119642
0.000196378
0.000208448
0.000225626
0.000194882
0.000122228
0.000102901
0.000127057
0.000164321
0.000152784
0.000136879
0.000111102
0.000142108
0.000241915
0.000247285
4.94666e-05
4.37118e-05
8.60809e-05
0.000146204
0.000165362
0.000174499
0.00017522
0.000191198
0.000212309
0.000222772
0.000113164
0.000111966
0.00017867
0.000181169
0.00015357
0.000147874
8.24349e-05
0.000127344
0.000187959
0.000123024
0.000111799
0.000103436
4.76961e-05
8.31401e-05
0.000134064
0.000172619
0.000173461
0.000193097
0.000232024
0.000227665
7.36236e-05
0.000160622
0.000259837
0.00015366
8.06768e-05
9.50754e-05
8.22163e-05
9.83985e-05
0.000236762
0.000218022
0.00022813
0.000197449
0.000148964
0.000130505
9.15493e-05
0.000153383
0.000141337
0.000200733
0.000386897
0.000137286
3.87407e-05
0.000102797
0.000201412
0.000102138
1.0883e-05
4.02271e-05
1.74548e-06
0.000134518
0.000218999
0.00025211
0.000228181
0.000250358
0.000258759
0.000161676
7.85589e-05
7.81376e-05
9.76841e-05
0.000275319
0.000421
8.16119e-05
6.23937e-05
0.000128772
0.000158834
3.83161e-05
-7.90729e-05
8.53049e-06
-9.3954e-06
0.000155052
0.000263165
0.000279821
0.000189596
0.000299004
0.00035746
0.000184608
-0.000102654
3.18032e-05
0.000146386
0.000435932
0.00022813
8.78213e-05
0.000133328
9.99531e-05
0.000162198
0.000121024
-6.67656e-05
1.36069e-05
-3.01505e-05
0.000130055
0.00033489
0.000282201
0.000148842
0.000289315
0.000454165
0.000339798
-4.26594e-05
6.14065e-05
0.000229855
0.00034097
0.000184884
0.00010822
0.000192629
0.000135124
0.000120938
0.000124161
3.10916e-05
4.35813e-05
-8.40178e-05
9.1664e-05
0.000272284
0.000227285
0.000172933
0.000371698
0.000432547
0.000315331
3.1968e-05
6.47101e-05
0.000265139
0.000302717
0.000148867
0.000177542
0.000216114
0.000157354
0.000149299
0.000132504
0.000134345
-4.88904e-05
-8.31371e-05
6.89791e-05
0.00024079
0.000202613
0.000216807
0.000418925
0.000390772
0.000266338
-1.86123e-05
-5.09562e-06
0.000267008
0.000264829
0.000132082
0.000203432
0.000229598
0.000163687
0.000156083
0.0001558
0.000150109
4.27018e-05
-4.09604e-05
7.80371e-05
0.000235718
0.000229352
0.000308895
0.000395322
0.000397551
0.000265198
3.23614e-05
0.000108039
0.000217567
0.000183017
0.000140886
0.000221248
0.000241629
0.000185723
0.000169094
0.000157809
0.000138922
7.82541e-05
1.38778e-06
8.54405e-05
0.000211071
0.000233063
0.000337431
0.000421995
0.000406712
0.000254933
7.23408e-05
7.58093e-05
0.000224234
0.000197689
0.000138118
0.000198972
0.000241945
0.000212062
0.000165841
0.000157627
0.000145269
8.49548e-05
1.29116e-05
4.8033e-05
0.000207704
0.000228277
0.000344252
0.000400494
0.000398625
0.000310251
0.000135003
8.48049e-05
0.000200378
0.000155695
0.000137644
0.000199344
0.000244759
0.000211933
0.000172062
0.000157461
0.000144442
8.56113e-05
1.52573e-05
4.94142e-05
0.000169133
0.000228782
0.000299464
0.000399737
0.000396767
0.000308336
0.000135879
8.70759e-05
0.000199395
0.000186315
0.000137149
0.000207279
0.000162399
0.000100357
0.00012618
0.000147906
0.000150878
0.000155725
0.000125899
0.000157361
0.000221591
0.00021501
0.000123259
0.000106829
0.000113481
0.000139426
0.000154509
0.000163752
0.000186226
0.000198782
0.000232349
0.000205222
0.000146766
0.000127397
0.000164684
0.00013791
0.00013359
0.000139751
0.00010181
0.000176378
0.000207082
0.00015887
0.000169083
0.000179559
0.000119142
0.000113099
0.000146095
0.000142948
0.000165525
0.000180467
0.000179479
0.000150578
3.44021e-05
8.07465e-05
0.000187456
0.000138887
9.94779e-05
0.000131028
0.000121656
0.000129073
0.000218779
0.000198733
0.000216348
0.000204596
0.000196257
0.000186323
0.000126169
7.06678e-05
0.000129
0.000191302
0.000248893
0.000104947
5.46092e-05
0.000180437
6.77783e-05
2.87902e-05
6.87464e-05
0.000143976
0.000110398
0.000170093
0.000223234
0.000234504
0.000232791
0.000229843
0.000273868
0.000190321
8.91095e-05
2.89392e-05
0.000153579
0.000180046
0.000183501
0.000107652
9.91865e-05
0.000130319
-6.13546e-06
5.63691e-06
1.96118e-05
0.000205108
0.000150265
0.000156897
0.000226197
0.000245342
0.00017242
0.000191904
0.000272953
0.000295232
3.65019e-05
-1.21913e-05
6.68534e-05
0.000277606
5.51853e-05
7.38657e-05
0.000137158
0.00016449
4.6855e-05
7.57228e-05
0.00019445
0.000244394
0.000132736
0.000131103
0.000132992
0.000224807
0.000214612
0.000221595
0.000359339
0.000239851
1.94988e-05
-5.51819e-06
4.74976e-05
0.000187447
-7.70794e-05
6.90068e-05
0.000245959
0.000182608
2.9283e-05
4.99249e-05
0.000123381
0.000203931
6.67487e-05
8.67716e-05
0.000115491
0.000220133
0.000247726
0.000328342
0.000355753
0.000200866
6.23218e-05
1.80957e-05
-6.21972e-07
-5.02456e-05
-0.000201026
0.000172675
0.00019941
0.000207735
6.4418e-05
8.3984e-05
0.000116257
0.000183476
9.71342e-05
5.09644e-05
0.000135456
0.000194389
0.000220986
0.000364959
0.000360032
0.000280349
3.46991e-05
-3.04812e-06
1.22434e-05
-8.59438e-05
-0.000229651
0.00022906
0.00025247
0.000248281
0.000110544
0.000130437
8.94396e-05
0.000149716
0.000101086
3.89005e-05
0.000165501
0.000190754
0.000285431
0.000345177
0.000309313
0.000264871
9.57946e-05
7.6439e-06
2.80238e-05
-6.68688e-05
1.24559e-05
0.000172084
0.000304119
0.000204066
0.000185797
0.00018017
0.000132588
0.00013531
8.54513e-05
0.000112426
0.00018594
0.000196482
0.000378761
0.00038427
0.00030505
0.000223229
0.000115993
6.98321e-05
7.64027e-05
-6.75899e-05
2.12749e-05
0.0002519
0.000293181
0.000213196
0.000152572
0.000160811
0.000165673
0.000152229
8.19491e-05
6.67389e-05
0.000208467
0.000231398
0.000383556
0.000381924
0.000348224
0.000179774
9.61773e-05
7.18467e-05
6.95023e-05
1.795e-05
5.11804e-05
0.000188045
0.000300148
0.000266068
0.000172042
0.000121769
0.000112147
0.000151947
8.23487e-05
4.41614e-05
0.000155802
0.000317659
0.000470473
0.00039948
0.000347911
0.000261232
0.000121006
7.12284e-05
9.11328e-05
9.11597e-06
-1.25636e-06
0.000230761
0.000213669
0.000168914
0.000148759
0.000137688
0.00015751
0.00017577
0.000161939
0.000147161
0.000191963
0.000218195
0.000161222
0.00014851
0.000167504
0.00015949
0.000150813
0.000166001
0.000194581
0.000206408
0.000222643
0.000235451
0.000198109
0.000195851
0.000149684
0.000130305
0.000139264
0.000174425
0.000177682
0.000174516
0.000215842
0.000195445
0.000187765
0.000206776
0.000159904
0.000125529
0.000135566
0.000136419
0.000154857
0.000198286
0.000219689
0.000219348
0.00013878
0.000158648
0.000127721
0.000117918
0.000181138
0.000174855
0.000199708
0.000203465
0.000205462
0.000165448
0.000178279
0.000203555
0.000153555
0.000128261
0.000140315
8.47527e-05
0.000143866
0.000168836
0.00020374
0.000182379
0.000106463
0.000138968
0.00012503
0.000178612
0.000180956
0.000121925
0.000216647
0.000196925
0.000194091
9.70419e-05
0.000129293
0.000224189
0.0001502
0.000126237
0.000113259
4.36598e-05
0.000107392
0.000137412
0.000181199
0.000195674
6.4794e-05
8.13615e-05
0.000120136
0.000231674
0.000127816
0.000145869
0.000220199
0.000189162
0.000208662
0.000165486
0.000171613
0.000244034
9.54873e-05
0.000151855
0.000127131
1.54747e-05
6.16704e-05
0.000109144
0.000141105
0.000201065
0.000160712
0.000103932
0.000197041
0.000261282
0.000180634
0.000190993
0.000169875
0.000141068
0.000177706
0.000186799
0.00012376
0.000247496
7.71784e-05
0.000173453
8.4817e-05
2.83933e-05
7.43946e-05
0.000106866
0.000141686
0.000252884
0.000209945
0.000132474
0.000255807
0.000337936
0.000256633
0.000207681
0.000138008
0.000123526
0.000189808
0.00013491
0.000220161
0.000171646
0.000131832
0.00020516
9.84715e-05
2.70767e-05
0.00012259
0.000101198
0.000163389
0.000297736
0.000203259
0.000176448
0.00026402
0.000407555
0.000223063
0.000215262
0.000138189
0.000173768
0.000188711
0.000121101
0.000145012
0.00022449
0.000236891
0.000218153
8.83014e-05
3.04501e-07
8.3912e-05
8.05024e-05
0.000219371
0.000319874
0.000249668
0.000236297
0.000429766
0.000466936
0.00026297
0.000228551
0.000151891
0.000210384
0.000223489
0.000122394
0.00022065
0.000245301
0.000264438
0.000210653
0.000127899
3.78928e-06
8.03987e-05
0.000118415
0.000249917
0.000380277
0.000306572
0.000277684
0.000365394
0.00042392
0.000263318
0.000245782
0.000174045
0.000219755
0.000223827
0.000157621
0.000257913
0.000260501
0.000260396
0.000200613
8.1701e-05
2.97017e-05
6.63786e-05
0.000127934
0.000286801
0.000398661
0.00035629
0.000284992
0.000364135
0.000359333
0.000288528
0.000247918
0.000177259
0.000216679
0.000221264
0.000162891
0.000269092
0.000266832
0.000263591
0.000238622
0.000131796
3.91561e-05
6.79112e-05
0.000156464
0.000300467
0.000395226
0.000356864
0.00028651
0.000363947
0.000405769
0.000289031
0.000247782
0.000177546
0.000192899
0.000220466
0.000165226
0.000240907
0.000268983
0.000262996
0.000238377
0.000132121
4.05929e-05
6.99883e-05
0.000135736
0.000235248
0.000247194
0.000219174
0.000202179
0.000161784
0.000145021
0.000163934
0.000176455
0.000169051
0.000158022
0.000189387
0.000215291
0.000169042
0.000155952
0.000177821
0.000170514
0.000148616
0.000162087
0.000182467
0.000222004
0.000240998
0.000233775
0.000223394
0.000235717
0.000132815
0.000139426
0.000168144
0.000175175
0.000179734
0.000189349
0.000193978
0.000193649
0.000205414
0.000212993
0.000170769
0.000125192
0.000118174
0.0001273
0.000155207
0.000201749
0.000249306
0.00021462
0.0002064
0.000151229
8.16053e-05
0.000144131
0.000173936
0.000177805
0.000196613
0.000205904
0.000165456
0.000174877
0.00024351
0.000272425
0.000143525
8.50708e-05
8.69324e-05
7.00806e-05
0.000152481
0.000188114
0.000253593
0.000206073
0.000154665
6.52642e-05
0.000113927
0.000181094
0.000145474
0.000158154
0.000225221
0.000224331
0.000233022
0.000158662
0.000223482
0.000322614
0.000127833
3.42321e-05
5.83434e-05
3.3055e-05
0.000112824
0.00017268
0.000216038
0.000222563
0.000115298
6.48326e-05
0.000159629
0.000216498
0.000164878
0.000231585
0.000259283
0.000189641
0.000236379
8.95754e-05
0.000250887
0.000276437
2.79989e-05
9.6256e-05
9.19826e-05
4.17642e-05
0.000117574
0.000121555
0.000202884
0.000245175
0.000182631
0.000142707
0.000202834
0.000246777
0.000202769
0.00028637
0.000260853
0.0001494
0.000235185
5.51821e-05
0.000180232
0.000311994
4.41541e-05
0.000100064
9.79221e-05
6.71308e-05
9.13262e-05
0.000101253
0.000182284
0.000297148
0.000218831
0.000169343
0.000236288
0.000285532
0.00027405
0.000351606
0.000228885
0.000186242
0.000248313
6.77703e-05
0.000511333
0.000329435
0.000161704
0.000186053
0.000165344
7.77238e-05
8.27489e-05
9.0786e-05
0.000220295
0.000332395
0.000227355
0.000197491
0.000298367
0.000352075
0.000315967
0.000342018
0.000180281
0.000235494
0.000243693
0.000102426
0.000365194
0.000349892
0.000261674
0.000196651
0.000130367
9.32397e-05
8.61076e-05
9.10741e-05
0.000262044
0.000327467
0.000243083
0.000227783
0.000290136
0.000365208
0.000345527
0.000337156
0.000222105
0.000242651
0.00017399
0.000111512
0.000457595
0.000365727
0.000275266
0.000182456
0.000134763
9.43266e-05
9.92692e-05
0.000121269
0.000206048
0.000362845
0.00030922
0.000262323
0.00036196
0.000395108
0.000361239
0.000324361
0.000220446
0.000240804
0.000223178
0.000184567
0.000333111
0.0003842
0.000302929
0.000170932
0.000131001
0.000116877
9.27257e-05
0.000105727
0.000225233
0.000376372
0.00028447
0.000264374
0.000363704
0.000391951
0.00037275
0.000317507
0.00019764
0.000238206
0.000175245
0.000143537
0.000388417
0.000342127
0.000260196
0.000202219
0.000137148
0.000114794
9.62235e-05
0.000143686
0.000236944
0.000387279
0.000321091
0.000256376
0.000317971
0.000401278
0.000371828
0.000315519
0.000219343
0.000215836
0.000219381
0.000146473
0.000329093
0.000375748
0.000295619
0.000202416
0.000138556
0.000123318
9.6651e-05
0.000112819
0.000239882
0.000240395
0.000214831
0.000193854
0.000171903
0.000158522
0.000182612
0.000177855
0.000169712
0.000195559
0.000218091
0.000204921
0.000177598
0.000144473
0.000188005
0.000186455
0.000143867
0.000150916
0.000188681
0.000216309
0.000249197
0.000248054
0.000236347
0.000235096
0.000156357
0.000123446
0.000176252
0.000180521
0.000171648
0.000194483
0.000201639
0.000248475
0.000235307
0.000214183
0.000232805
0.000179604
9.11882e-05
8.5207e-05
0.000130442
0.000187684
0.000253652
0.000238716
0.00024212
0.000174941
0.000113524
0.000164692
0.000187182
0.000165547
0.000175524
0.000215424
0.000268334
0.000301811
0.000256225
0.000332206
0.000220986
4.36175e-05
-1.79629e-06
2.77545e-05
9.91182e-05
0.000180533
0.000251773
0.000231599
0.000234607
0.000176583
0.000126359
0.00018144
0.000192312
0.00016048
0.000212896
0.000227249
0.000287531
0.000244122
0.000256615
0.000435288
0.000196548
1.66745e-06
1.04116e-05
2.133e-05
7.75706e-05
0.000182759
0.00022198
0.000250138
0.000189998
0.000161141
9.44057e-05
0.000177801
0.000222036
0.000198062
0.000211197
0.000255137
0.000349397
0.000109627
0.000138974
0.000378787
-2.50119e-05
-8.16497e-05
1.95554e-05
4.01886e-05
5.99374e-05
0.000160912
0.000218879
0.000189125
0.000107655
0.000114225
5.09968e-05
0.000119806
0.00022415
0.000171397
0.000244628
0.000337242
0.000386617
0.000151268
0.0001269
0.000287223
-7.79137e-06
1.72771e-05
0.000139599
0.000103351
0.000103736
0.000118608
0.000210181
0.000194479
8.39538e-05
4.09281e-05
-9.84342e-06
0.000229979
0.000277138
0.000167344
0.000233475
0.000386321
0.000160642
-2.70248e-05
0.000307231
8.11381e-05
4.37976e-05
7.11085e-05
0.000184141
0.000144761
0.000107635
0.000135307
0.000220579
0.000138211
0.000132111
8.61499e-05
0.000103633
0.000309922
0.000237853
0.000221819
0.000252897
0.000351062
0.000144827
0.000118121
0.000297932
0.000201979
2.11093e-05
5.83391e-05
0.000188969
0.000151923
0.000114445
0.000131212
0.000267959
0.000235388
7.83591e-05
5.12543e-05
9.59704e-05
0.000226229
0.000256256
0.000220012
0.000230351
0.000337547
0.000281299
0.000154937
0.000297034
0.000313318
-4.77503e-05
0.000105254
0.000164628
0.0001333
7.71596e-05
0.000136964
0.000210112
0.000165368
8.20077e-05
4.88523e-05
0.000121939
0.00035471
0.000273785
0.000214735
0.00029922
0.000272126
0.000227437
0.000196554
0.000352367
0.000186004
0.00010162
0.000165526
0.00021208
0.00013914
9.71408e-05
0.000148267
0.000213945
0.00023076
0.000117579
4.7247e-05
0.000249708
0.000348857
0.000278266
0.000221624
0.000241006
0.000284451
0.000198726
0.000343438
0.000349192
0.000297989
0.000110812
0.00016897
0.000138716
0.000119963
8.83109e-05
0.000129061
0.000202596
0.000233254
0.000143261
0.000120222
0.000249522
0.00034574
0.000278596
0.000222665
0.000241606
0.000276165
0.000242797
0.000209661
0.000304787
0.000295942
0.000112453
9.64595e-05
0.000139601
0.000138216
8.89569e-05
8.44634e-05
0.000185606
0.000228122
0.000219814
0.000185191
0.000157941
0.000174732
0.000185082
0.000162716
0.000164861
0.000200947
0.000203671
0.000198946
0.000140643
0.000136774
0.000155904
0.000144461
0.000136418
0.000153166
0.000171822
0.000199914
0.000222141
0.000248787
0.000248833
0.000221467
0.000142952
0.000147665
0.000182108
0.000158911
0.000145223
0.000182599
0.000205081
0.000199867
0.000127744
0.000170936
0.000216701
0.00012908
9.76558e-05
0.00010831
0.000130112
0.000198479
0.000229479
0.000238184
0.000277009
0.000221277
0.000140202
0.000120938
0.000177305
0.000117552
0.000128893
0.000197996
0.000253949
0.000263153
0.00019003
0.0002196
0.000249116
0.00015214
9.89177e-05
7.03723e-05
4.4404e-05
0.000140424
0.000215728
0.000238244
0.000317216
0.000295039
4.41631e-05
4.97604e-05
0.000138432
2.87561e-05
0.000145775
0.000228326
0.000269728
0.0003299
0.000138264
0.000226723
0.000235192
0.000149401
0.000119448
8.11174e-05
4.29797e-05
0.000157562
0.000193995
0.000296372
0.000320264
0.000200414
3.08234e-05
3.82132e-05
0.000111976
-4.38125e-05
0.000205089
0.000255759
0.000235582
0.000222346
0.000124379
9.19994e-05
6.54081e-05
-2.71455e-05
1.76544e-05
9.52612e-05
8.22129e-05
0.000136303
0.000205107
0.000299264
0.000315128
0.000146545
3.64385e-05
5.66194e-05
7.58895e-05
-2.11254e-05
0.000217404
0.000255709
0.000176121
0.000281437
0.000188125
-6.19985e-06
-6.35759e-05
-2.68503e-06
8.39109e-05
9.55197e-05
7.09002e-05
0.000108761
0.0002039
0.000339782
0.000299264
0.000153253
-3.05928e-05
2.4335e-05
3.0294e-05
6.6678e-06
0.000250744
0.000270028
0.000178265
0.000326181
0.000322126
-6.38639e-05
-0.000107652
8.40112e-05
0.000146908
0.000114892
4.9446e-05
7.78775e-05
0.000218565
0.000387504
0.000318557
7.96925e-05
-4.7528e-05
-2.29959e-05
7.775e-05
9.60531e-05
0.000337068
0.000248753
0.000212512
0.000423318
0.000219245
-7.67383e-05
-1.08044e-05
0.000103182
0.000176345
9.59895e-05
5.85219e-05
0.000138993
0.000285758
0.000397711
0.000195608
6.58897e-05
-5.81492e-05
5.99059e-05
0.000148309
0.000212645
0.000349122
0.000272073
0.000288852
0.000425201
0.000139423
-8.674e-05
-4.62861e-06
0.000200724
0.0002087
0.000145809
9.50956e-05
0.000160628
0.000386455
0.000424465
0.000272484
-3.72816e-06
-6.77076e-05
2.96054e-05
0.000218804
0.000253771
0.000332888
0.00030532
0.000352908
0.000324759
0.000142791
-4.78285e-06
9.22909e-05
0.00023579
0.000222482
0.000126253
0.000157241
0.000251109
0.000433544
0.000375885
0.000271925
2.48033e-06
-6.07206e-05
4.14494e-05
0.000220741
0.000249986
0.000317272
0.000282976
0.000343343
0.000322935
8.05789e-05
2.05439e-05
0.000183386
0.000262401
0.000227585
0.000130815
0.000167311
0.000260548
0.000428789
0.000413446
0.000271198
7.98142e-05
-5.8154e-05
4.41781e-05
0.000220127
0.00024908
0.000319515
0.000298324
0.000285583
0.000373897
0.000173132
2.77321e-05
0.000121846
0.000247651
0.000252427
0.000166323
0.000131312
0.000261605
0.000405012
0.000220391
0.000215087
0.000185839
0.000157562
0.000169158
0.000192025
0.00017165
0.000165009
0.000187077
0.00018784
0.000178574
0.000138704
0.000136266
0.000145291
0.0001271
0.000139156
0.000164817
0.000181974
0.000206562
0.000220667
0.000231921
0.000233455
0.000220154
0.000169078
0.000159797
0.000183888
0.000142314
0.000126811
0.000172113
0.000160446
0.000188972
0.000122756
0.000199353
0.00020367
0.000137528
0.000126822
0.00013916
0.000125818
0.000190918
0.00021145
0.000254691
0.000294362
0.000289718
0.000118316
0.000130789
0.000177717
6.71683e-05
0.000101232
0.000177945
0.000234171
0.000274031
0.000217479
0.000208619
0.000220932
0.000175257
0.000168084
0.000141766
8.53126e-05
0.000159916
0.000204962
0.000303395
0.00035263
0.000361065
1.31107e-05
4.94492e-05
9.0228e-05
-5.67455e-05
0.000101092
0.00022729
0.000245815
0.000301847
0.000181392
0.000179439
0.000204984
0.00019542
0.000191704
0.000113557
8.45227e-05
0.00012474
0.000183757
0.000307517
0.000342567
0.000237163
-5.01678e-05
2.95904e-05
5.26718e-05
-0.000224541
2.74411e-05
0.00027802
0.000167264
0.00022385
0.000173423
0.000162309
0.00013427
9.09903e-05
0.000137635
0.000132125
0.000114744
0.000156033
0.000239105
0.000331504
0.000348819
0.0002871
-0.000116247
6.12644e-05
-0.000172097
-0.000231755
0.000200789
0.000274524
0.000154771
0.000217148
0.000249193
0.000141289
6.69025e-05
0.00011962
0.00016664
0.000140271
0.000128697
0.000160652
0.000260014
0.00037713
0.000371339
0.000236256
-0.000117017
5.19094e-05
-0.00018627
-0.000141657
0.000171232
0.000256055
8.76113e-05
9.54548e-05
0.000192931
0.000146291
6.36118e-05
0.000130047
0.000163766
0.000131227
9.36636e-05
0.00017186
0.000250894
0.000433314
0.000375642
0.000197387
-8.52698e-05
1.97595e-05
-7.77757e-05
8.57774e-05
0.000224814
0.000221306
9.03417e-05
0.000108095
0.000124748
0.000128672
0.000164418
0.000213985
0.000182948
0.00011061
5.48245e-05
0.000133066
0.000338741
0.000455855
0.000312082
6.70152e-05
-4.13876e-05
2.75273e-05
3.03268e-05
0.000159409
0.000239066
0.000218855
0.000153981
0.000106357
0.000112655
0.000147546
0.000263176
0.000220162
0.000178654
9.06077e-05
6.97515e-05
0.000251654
0.000358284
0.000407297
0.000310896
9.1906e-05
-1.44076e-05
1.37177e-05
0.000128599
0.000147535
0.00023262
0.000224385
0.000194915
0.000103854
0.000123634
0.000204447
0.000255536
0.000222928
0.000150428
9.13221e-05
0.000112417
0.000228119
0.000428505
0.000424203
0.000310723
0.00019796
-2.48727e-05
8.30343e-05
0.000137123
0.000153367
0.000221748
0.000215358
0.000197239
0.000148305
0.000179374
0.000219738
0.000277111
0.000250248
0.000157154
7.02998e-05
0.000124149
0.00030606
0.000419269
0.000421498
0.000346607
0.000199078
5.05823e-07
2.40871e-05
0.000137786
0.00015432
0.000220098
0.00021924
0.000197077
0.000153658
0.000158646
0.00021326
0.000261989
0.000249949
0.000190807
0.000101418
8.20245e-05
0.000235262
0.000386342
0.000217806
0.00020846
0.000206233
0.00019956
0.000205369
0.000210517
0.000199803
0.000166475
0.000156013
0.000160292
0.000135498
9.13227e-05
0.000148256
0.000130511
9.66568e-05
0.00012235
0.000183986
0.000189965
0.00019832
0.000229309
0.000199505
0.000199356
0.000184668
0.000165154
0.000168105
0.000172547
0.000152908
0.000145789
9.68865e-05
7.24679e-05
9.27909e-05
0.000104229
0.000201473
0.000208476
0.000151265
0.000171666
0.000196911
0.000147851
0.000189275
0.00024812
0.000184515
0.000191132
0.000193125
0.000174369
0.000129691
0.000173217
0.000123991
5.34235e-05
6.57885e-05
0.000123153
0.000231943
0.000187536
0.000114291
0.000162176
0.000186184
0.000225231
0.000171342
0.000109856
0.000244149
0.000216616
0.000142811
0.00015061
0.000176022
4.24869e-05
9.43018e-06
0.000141464
0.000145964
-4.88858e-05
4.90406e-05
0.000252204
0.00031317
7.60546e-05
6.43889e-06
8.55218e-05
0.000222086
0.000236327
0.000149158
0.000112992
0.000192262
0.000108782
0.000183853
0.000116887
0.000219044
-6.08267e-05
-0.000183839
0.000104045
7.16864e-05
-0.000104065
1.10183e-05
0.000185344
0.000298853
0.000131255
7.93647e-05
7.62445e-05
0.000246354
0.000262355
0.000171708
0.00014746
0.00015191
0.00010663
0.000214065
0.000136985
0.000313084
-6.79416e-05
-0.000192454
0.000100713
5.76312e-05
-9.01598e-05
8.86856e-06
0.000194628
0.000276766
0.000259703
0.000195699
0.000126578
0.000233426
0.000260861
0.000192731
0.000123876
0.000116439
0.000124946
0.000155475
0.000173497
0.000396511
-6.77039e-05
-0.000181691
0.000111058
4.58281e-05
-5.62842e-06
0.000123091
0.000229564
0.000281369
0.000337879
0.000209836
0.000151268
0.000245015
0.000235409
0.000124857
8.8648e-05
8.87376e-05
0.000147347
0.000252313
0.000421855
0.00050313
-3.47239e-06
-3.45554e-05
5.41733e-05
3.00074e-05
8.20498e-05
0.00015549
0.000210431
0.000275003
0.000343908
0.000285978
0.000169962
0.000212958
0.000214531
0.000149315
7.09727e-05
8.59587e-05
0.000190182
0.000346945
0.000485991
0.000521122
4.76642e-05
-1.26647e-05
5.33885e-05
3.60987e-05
8.41597e-05
0.000156475
0.00018688
0.000220224
0.000317908
0.000287452
0.00018128
0.000213232
0.000204149
0.00011043
7.3522e-05
9.46026e-05
0.000187841
0.000378518
0.000497708
0.000510761
0.000223392
-3.31499e-05
5.80251e-05
5.70447e-05
9.01588e-05
0.00012758
0.000181469
0.000248507
0.000310816
0.00027928
0.000189801
0.000229823
0.000199138
0.000147296
8.10005e-05
0.000114483
0.000264379
0.00033979
0.000498459
0.000506019
0.00022121
4.51012e-06
5.79879e-05
6.32081e-05
9.27914e-05
0.000126925
0.000180607
0.000217528
0.000303716
0.000274508
0.000191895
0.000227256
0.00022155
0.000147542
8.39625e-05
0.000118581
0.000262775
0.000338615
0.000451444
0.00050485
0.000220462
-2.05911e-05
5.84656e-05
6.47882e-05
9.36523e-05
0.000126889
0.000180521
0.000217993
0.000291747
0.000273229
0.000196728
0.000212243
0.000220557
0.000147219
8.43379e-05
0.000119049
0.000218696
0.00022198
0.000213318
0.000207624
0.000207114
0.000193646
0.00019314
0.000189806
0.000138746
0.0001375
0.000158933
0.000157922
0.000160211
0.000171696
0.000153455
0.000107455
0.000138666
0.000189354
0.000195381
0.000208931
0.000225373
0.000225436
0.000196854
0.000189399
0.000184887
0.000165188
0.000172237
0.000187986
0.000150748
3.14239e-05
3.86026e-05
0.000115157
0.000197334
0.000214523
0.000183593
0.000171904
0.000196932
0.000180288
0.000160925
0.000189132
0.000268949
0.000191678
0.000147469
0.000192368
0.000205984
0.000131697
0.000138411
0.000122991
6.17294e-05
-7.42143e-05
-1.62228e-05
0.000124667
0.000195667
0.000189438
0.00018824
0.000209736
0.000231705
0.000161803
0.0001
0.000178851
0.000286464
0.000131974
2.36513e-05
0.000295372
0.000150279
-1.87461e-05
1.38733e-05
2.79245e-05
-1.2786e-05
-6.69021e-05
0.000109832
0.000222828
0.000106888
0.000109949
0.000135154
0.000242512
0.000192374
5.75209e-05
7.09164e-05
0.000226967
0.000301617
9.17746e-05
-9.86839e-05
0.000285549
0.000319442
-0.000156213
-7.30796e-05
4.2746e-05
7.72952e-06
-4.10634e-05
8.72436e-05
0.000282161
8.24442e-05
3.52541e-05
0.000219735
0.000286638
0.000199654
0.000131985
8.18247e-05
0.000118037
0.000250632
-1.55729e-05
0.000117976
0.000451822
0.000132972
-8.82043e-05
5.33178e-05
7.76087e-05
4.25715e-05
-1.72272e-05
0.00015463
0.000198908
2.96413e-05
3.20205e-05
0.000162231
0.000281702
0.000203489
0.000112598
9.90889e-05
0.000152185
0.000218719
3.91916e-05
0.000360928
0.000645917
0.000365838
-3.6341e-05
6.0566e-05
7.64524e-05
1.43775e-07
-4.95636e-06
0.000268592
0.00018966
8.60525e-05
9.71189e-05
0.000155923
0.000230968
0.000166714
0.000105521
0.000121232
0.000177779
0.000162192
0.000136573
0.00060841
0.000654299
0.000167022
1.33294e-05
9.03101e-05
7.47231e-05
3.27747e-06
1.59952e-05
0.000246176
0.000187907
9.24634e-05
0.000102491
0.000182175
0.000207812
0.000174528
0.000163931
0.000152769
0.000179356
8.3783e-05
0.000286592
0.000678404
0.000732025
0.000364404
4.90747e-05
9.97486e-05
9.32027e-05
2.36563e-05
3.95415e-05
0.00022409
0.000229525
0.000119528
0.000130052
0.000177536
0.000198521
0.000189616
0.000181191
0.000155669
0.000158264
4.55445e-05
0.000349726
0.000551668
0.000601526
0.00019831
6.80926e-05
0.000103307
0.000104324
4.25473e-05
5.69342e-05
0.000204716
0.000216882
0.000145626
0.000148425
0.00016282
0.000194276
0.000195731
0.000180159
0.000150768
0.000137979
7.42381e-05
0.000246166
0.000650329
0.000676749
0.000202966
7.16277e-05
0.000103566
9.87934e-05
7.36461e-05
6.26467e-05
0.000198611
0.000211895
0.000152448
0.000154676
0.000178044
0.000196701
0.000195564
0.000186642
0.0001588
0.000136206
8.77223e-05
0.000248255
0.000542177
0.000672469
0.000355734
7.81374e-05
0.000103238
0.000105144
7.36932e-05
3.47671e-05
0.000150667
0.000210196
0.000157927
0.000155945
0.000166219
0.000192974
0.000195642
0.000186241
0.00015864
0.000135889
7.87035e-05
0.000212735
0.000196333
0.000201699
0.000223009
0.000179514
0.000198999
0.000192348
0.000162728
0.000138781
0.000140017
0.000144918
0.000170548
0.000179316
0.000159652
0.00012291
0.000170382
0.00018487
0.000197774
0.000204015
0.000228352
0.000214595
0.000190447
0.000205658
0.000195817
0.000168874
0.00017581
0.000189019
0.000145836
3.10662e-05
4.05122e-05
0.00014782
0.000212086
0.000202065
0.000184608
0.000174488
0.000185293
0.000173787
0.000170922
0.000195813
0.000271447
0.000168716
0.000137549
0.000252909
0.000259081
0.000177769
0.00016569
0.000119136
3.51461e-05
-5.22335e-05
-4.17953e-05
0.000139395
0.000219526
0.000203034
0.000177102
0.000218711
0.00020708
0.00010638
0.000104041
0.000162888
0.000280568
8.42981e-05
9.15256e-05
0.000281254
0.000246557
7.44279e-05
7.42898e-05
6.40695e-05
1.23819e-05
-0.000106599
3.5628e-05
0.0001643
0.000197774
0.000152166
0.000169204
0.000231303
0.000123873
6.2143e-05
8.53971e-05
0.000203401
0.000249066
0.000149395
0.000122168
0.000406321
0.000444623
4.34416e-06
1.90716e-05
5.97026e-05
1.76128e-05
-8.56728e-05
-2.71554e-05
0.000176356
0.000152287
0.000120277
0.000190667
0.000190432
0.00011021
0.000137663
0.000131111
0.000125032
0.000188261
0.000199095
0.000228633
0.000499844
0.000281777
7.97967e-05
8.52876e-05
8.65792e-05
3.78526e-05
-0.000113172
1.04967e-05
0.00017898
8.53475e-05
9.81031e-05
0.000150772
0.000201593
0.000134435
0.000116388
0.000116092
0.000126965
0.000149707
0.000170115
0.000350712
0.000664077
0.000472523
0.000112351
0.00010274
0.000103772
4.17354e-05
-7.6975e-05
6.68562e-05
0.000169883
6.3047e-05
0.000123988
0.00017648
0.000172413
0.0001558
0.000120245
0.000130201
0.00015575
0.000107558
0.000112366
0.000288482
0.000705343
0.000299482
0.000109288
0.00013117
9.39705e-05
1.92103e-06
-4.9969e-05
0.000179037
9.48295e-05
3.42823e-05
0.000108812
0.000148811
0.000169776
0.00016358
0.000157836
0.000162733
0.000134925
3.99725e-05
0.000156287
0.000383279
0.00076984
0.000452967
0.000120968
0.000132371
0.000119527
6.57335e-05
1.08937e-05
0.000112951
0.000155511
4.46986e-05
0.000114504
0.000156983
0.000171977
0.000171763
0.000183851
0.000161134
0.000142275
5.35077e-06
0.00019286
0.000640173
0.000744795
0.000432159
0.000150086
0.000136482
0.000112929
7.7165e-05
1.19641e-05
0.000113221
0.000154489
9.90195e-05
0.000139477
0.000169568
0.000175687
0.000176157
0.000186102
0.000156621
0.000129394
1.57256e-05
0.00021371
0.000637735
0.00072458
0.000425447
0.000126343
0.000132339
0.000114538
7.96399e-05
1.94203e-05
0.000114365
0.000156014
9.46939e-05
0.000147176
0.000172771
0.000176293
0.000174584
0.000183335
0.000171201
0.000127419
2.34263e-05
0.000115207
0.000473592
0.000719215
0.000423566
0.000152145
0.000132085
0.000127399
7.97696e-05
2.09566e-05
0.000114415
0.000155577
9.72766e-05
0.000148517
0.00017328
0.000176295
0.000174796
0.000183448
0.000171278
0.00012797
2.69308e-05
0.000210144
0.00018336
0.000165142
0.00017779
0.000166483
0.000170677
0.000200715
0.000205098
0.00014879
7.88585e-05
0.00010153
0.000139802
0.00017487
0.000164779
0.000164127
0.000190003
0.000203504
0.000191293
0.000206552
0.000230992
0.000238183
0.000212273
0.000176521
0.000167242
0.000185237
0.000173596
0.000223761
0.000152226
3.48864e-05
8.73879e-05
0.000123118
0.000167375
0.000157113
0.000145072
0.000166716
0.000194572
0.00019071
0.000182542
0.000214919
0.000243987
0.000186791
0.000159384
0.000215761
0.000233437
0.000255817
0.000213844
0.000207481
0.000125739
2.50406e-05
7.40551e-05
0.000162274
0.00017994
0.000174486
0.000139365
0.000203869
0.000198719
0.000175121
0.000178428
0.00022787
0.00026245
9.24028e-05
7.25262e-05
0.000270828
0.000226559
0.000242473
0.000211717
0.000157199
4.76306e-05
-5.13869e-05
7.80329e-05
0.000153253
0.000169862
0.000135564
0.000132836
0.000233966
0.000203608
0.000166894
0.000156593
0.000154843
0.000184565
0.000189075
0.000110316
0.000245679
0.000379054
0.000167107
0.000168608
0.000181394
0.000116718
-7.70854e-05
-1.88463e-05
0.000139677
0.00018596
9.68174e-05
0.000153034
0.000141354
9.30776e-05
0.000136703
0.000104039
0.000110812
0.000129186
0.000237
0.000145926
0.000327423
0.00043585
0.000204178
0.0001556
0.000152539
8.23081e-05
3.62754e-05
0.000108597
0.00018409
0.000148799
0.000104127
0.000139961
7.4895e-05
8.42425e-05
0.000143115
8.96072e-05
8.42102e-05
0.00016151
0.000216914
0.000153212
0.000342133
0.000421717
0.000237489
0.000161653
0.000142295
9.05214e-05
-1.0819e-05
4.23889e-05
0.000206225
0.000123947
0.000111777
9.85479e-05
0.000158726
0.000130594
0.00014624
0.000110388
7.40798e-05
0.000205913
0.000289358
0.000184374
0.000229864
0.000352232
0.000203704
0.000167524
0.000139319
9.51737e-05
7.56008e-05
0.000118398
0.000146342
0.000160407
0.000151789
0.000175407
0.00015979
0.000171594
0.000162209
0.000153387
0.000102103
0.000210421
0.000206692
0.000141203
0.00040098
0.000375288
0.000205924
0.000169387
0.000142731
0.000108735
8.38092e-05
9.13938e-05
0.000138759
0.000148875
0.000213615
0.000181058
0.000150106
0.000192064
0.000189166
0.000198435
0.000109739
0.000227531
0.00025978
0.000187782
0.000407006
0.000297525
0.000201239
0.000158207
0.000134413
0.000106248
5.86891e-05
9.42397e-05
0.000138691
0.000197664
0.00025585
0.000207026
0.000175956
0.000203796
0.00021752
0.000204834
0.000157882
0.000367833
0.000402065
0.000205477
0.000274093
0.000364658
0.000178988
0.000156355
0.000145408
0.000118202
6.47319e-05
0.000123192
0.000147002
0.000201862
0.000258403
0.000209286
0.000156664
0.000200805
0.000209219
0.000220357
0.000140503
0.000240994
0.000257415
0.000211668
0.000371565
0.000363773
0.000201965
0.00015824
0.000145596
0.000109304
6.29265e-05
9.91132e-05
0.000144273
0.000171258
0.000246699
0.000230953
0.0001764
0.000190319
0.000200664
0.000219304
0.000159822
0.000184106
0.000189455
0.000187097
0.000160206
0.000209972
0.000237464
0.000220544
0.000212454
0.000210258
6.72032e-05
4.07233e-05
0.000102134
0.000178427
0.000176719
0.000144388
0.000157767
0.000199065
0.000216458
0.000214041
0.000209368
0.000217725
0.000235138
0.00019907
8.92315e-05
0.000127182
0.000220868
0.000204346
0.00020945
0.000102422
-5.27392e-05
-1.17292e-05
9.68067e-05
0.000158794
9.76756e-05
9.65187e-05
0.000127076
0.000185683
0.000225844
0.000207767
0.000177594
0.000193719
0.000350953
0.000243396
3.77907e-05
0.000151717
0.000285608
0.000244638
0.000180208
7.44598e-05
-5.58978e-05
6.57789e-05
0.00012463
0.000151997
0.000108101
9.46887e-05
8.96136e-05
0.000209466
0.000234482
0.000195142
0.00017033
0.000221043
0.000399245
5.06442e-05
3.88698e-05
0.000193429
0.000311412
0.000242977
0.000162282
2.65777e-05
5.13373e-05
9.81221e-05
0.000108836
0.000169459
0.00014233
2.82773e-05
0.000111935
0.000200443
0.00021771
0.000192882
0.00014923
0.000179501
0.000297763
-2.90103e-05
2.99561e-05
0.000295039
0.0003007
0.000217607
0.000124513
6.93716e-05
8.87992e-05
0.000129839
0.00013988
0.00020263
7.53845e-05
2.63853e-05
0.000183308
0.000213176
0.00019964
0.000191309
0.000111139
0.000212356
0.000232028
2.47644e-05
0.000174897
0.000283611
0.000299561
0.000204085
0.000124736
9.06329e-05
0.000109785
0.000151167
0.000161748
0.000219004
8.67429e-05
0.000129841
0.000174393
0.000227321
0.000196088
0.000199027
0.000106804
0.000221036
0.000227349
4.40712e-05
9.62772e-05
0.000319543
0.000304295
0.000168255
0.000133853
9.4206e-05
0.000126701
0.000152884
0.00017096
0.000209537
0.000121965
0.000101309
0.000218815
0.000254755
0.000190633
0.000190627
8.82201e-05
0.000319229
0.000332435
0.000134854
0.000115992
0.000317169
0.000270074
0.000176732
0.000150038
8.95048e-05
0.000119638
0.00014896
0.000174026
0.000225208
9.8922e-05
4.42461e-05
0.000162907
0.000257853
0.000219792
0.00023789
0.000101162
0.00023782
0.000297479
0.000165621
0.000124733
0.000278844
0.000271644
0.0002058
0.000147265
7.46511e-05
0.000116034
0.000138987
0.000174112
0.000211798
9.25236e-05
2.31374e-05
0.00023001
0.000267645
0.000260892
0.000202322
8.8481e-05
0.000264556
0.000328517
0.000190976
0.000128129
0.000308436
0.000300426
0.000198584
0.000136681
7.89896e-05
0.000116532
0.000155389
0.000200765
0.000212974
4.29828e-05
1.35877e-05
0.000185947
0.000286377
0.00027373
0.000236414
9.6189e-05
0.000394507
0.000400241
0.000196883
0.000134459
0.000274812
0.000256718
0.000197391
0.000135371
7.99432e-05
0.000116533
0.000158241
0.000183704
0.000194733
0.00011158
2.9646e-05
0.00025397
0.000285554
0.000271608
0.00018631
0.000123435
0.000289702
0.000398659
0.000197749
0.000136593
0.000275425
0.000293789
0.000197147
0.00013489
8.00854e-05
9.89877e-05
0.000142692
0.00018385
0.00021451
0.000113665
3.42363e-05
0.000192774
0.000284715
0.00027096
0.000232573
0.000107386
0.000289267
0.000191479
0.000200201
0.000198468
0.000217262
0.000256559
0.000231228
0.000193502
0.000130512
5.82604e-06
6.06756e-05
0.000147017
0.000194118
0.000141525
0.000133466
0.000164998
0.000204394
0.000219359
0.00021016
0.000218463
0.000209387
0.000246836
0.000218467
0.000142211
0.000135759
0.000234847
0.000185595
0.000162322
1.0225e-05
-4.3765e-05
9.08873e-07
0.000120305
0.000103665
1.00657e-05
8.53914e-05
0.000148494
0.000170042
0.000232042
0.00021984
0.000179282
0.000174074
0.000398788
0.000158923
-5.41547e-05
9.26431e-05
0.000281434
0.000230255
0.000165498
1.04762e-05
-5.18737e-05
7.82411e-05
0.000128709
0.000153765
7.61274e-05
0.000107619
0.000116484
0.000210278
0.00023593
0.0002019
0.000167938
0.000119343
0.000511309
0.000197306
-6.82781e-05
0.000224461
0.00029809
0.000189034
6.83947e-05
1.36338e-06
3.33881e-05
8.56477e-05
0.000134739
0.000157818
0.000123298
8.00727e-05
0.000152429
0.000195307
0.000230018
0.00021708
0.000152486
0.000136033
0.000395038
-3.58149e-05
-2.82201e-05
0.000172836
0.000269089
0.000205505
0.00011513
5.27249e-05
7.39171e-05
0.000102184
0.000136364
0.000210063
7.11202e-05
-1.65445e-07
0.000184682
0.000221684
0.000232832
0.000221592
0.000129053
0.000181996
0.000259192
4.46141e-05
0.000159605
0.000239073
0.000264895
0.000175044
0.000118816
9.43672e-05
0.000102788
0.000125405
0.000170821
0.000225806
0.000160383
0.000135269
0.000242428
0.000249189
0.000219322
0.000230461
0.000117463
0.000207878
0.000231005
0.000133619
0.000182863
0.000277019
0.000316815
0.000169988
0.00011006
8.69628e-05
0.000111249
0.000138774
0.000172497
0.000236873
0.000166204
0.000158257
0.000277878
0.000252447
0.000210193
0.000196375
0.000128849
0.000230375
0.000299934
0.000154793
0.000121137
0.000278481
0.000288137
0.000159513
7.17715e-05
7.47525e-05
0.000119153
0.00013975
0.000171036
0.000221186
0.000142687
0.000124324
0.000276727
0.000248938
0.000235276
0.000203862
0.000138348
0.000328126
0.000259268
0.000109961
0.000161297
0.000269565
0.000334182
0.000154259
9.55325e-05
4.72356e-05
0.00010306
0.000145824
0.000173984
0.000220965
0.000135311
0.000189339
0.000309592
0.00025028
0.000243047
0.000208843
0.000149795
0.000283691
0.000265644
0.000101027
9.48954e-05
0.000262794
0.000325131
0.000149885
6.31751e-05
5.17382e-05
7.92799e-05
0.000142637
0.000189437
0.00023184
0.000150038
0.000123249
0.000262719
0.000272978
0.000251464
0.000207573
0.000159373
0.000335134
0.00031816
0.000104241
0.000100268
0.00026259
0.000277927
0.000195337
9.61793e-05
5.23213e-05
0.000108408
0.000170535
0.00019532
0.000237516
0.000120809
0.00017144
0.000282346
0.000270863
0.000252255
0.000244122
0.00017498
0.000330938
0.00031796
0.000160457
0.000102561
0.000262839
0.000316576
0.000194824
9.67716e-05
4.65097e-05
8.21506e-05
0.000150774
0.000195646
0.000238573
0.000163539
0.000128514
0.000252326
0.000270289
0.000252545
0.00024392
0.000162055
0.000272167
0.000203812
0.000203456
0.000175182
0.000244321
0.000247437
0.000220267
0.000168453
8.19936e-05
5.13394e-05
0.000179656
0.000235569
0.000228855
0.000116284
0.000136349
0.00016621
0.000180399
0.000209001
0.000211668
0.000219876
0.00021263
0.000234267
0.0001992
0.000198734
0.000208627
0.000254517
0.000184057
0.000125329
-2.05615e-05
-1.65872e-05
0.00013624
0.000172689
0.000107037
-4.59249e-05
-8.53673e-06
0.000155203
0.000184605
0.000245827
0.000246259
0.000227129
0.000208045
0.000151918
0.000196709
0.000132708
0.00022229
0.000230334
0.000165397
3.9774e-05
-0.000106231
-6.14346e-05
9.22748e-05
0.000209778
0.000195843
0.000101762
0.000118275
0.000120522
0.000201242
0.00029017
0.000263726
0.000106678
-2.42812e-05
0.000297759
0.000249336
9.1711e-05
0.000215488
0.000258127
0.000169851
-9.80699e-05
-0.000117428
5.10469e-05
0.000228919
0.000258428
0.000302052
0.000237123
0.000200371
0.000115745
0.000166678
0.000236933
0.000233246
9.28342e-06
-9.86018e-05
0.000366453
0.00017359
5.09001e-05
0.000135283
0.000236302
0.000177422
-1.08405e-05
-2.53948e-05
7.62389e-05
0.000285582
0.000264116
0.000289933
0.000259068
3.29858e-05
0.000115358
0.000238558
0.000219924
9.88582e-05
8.5275e-05
0.000160289
0.000302901
0.000125852
-2.23685e-05
0.000119766
0.000282245
0.000151934
5.75182e-05
3.93593e-05
8.93553e-05
0.000302912
0.000259986
0.000275597
0.000187916
2.63022e-05
0.000116157
0.000143012
0.000206921
0.000148376
0.000135162
0.000172144
0.000264437
0.000180183
1.76479e-05
0.000157722
0.000255823
6.96135e-05
8.43328e-05
7.42767e-05
0.000183286
0.000193482
0.000227583
0.000208874
0.000103552
0.000119559
0.000159168
0.00022385
0.00022898
0.000168255
0.000149314
0.000193412
0.000274112
0.000111172
0.000117601
0.000235863
0.000166584
0.000101821
8.55117e-05
8.43411e-05
0.000207129
0.000149074
0.000110787
0.000232749
0.000218263
0.00018912
0.000209477
0.000245716
0.000246504
0.000216256
0.000140329
0.000185454
0.000251421
0.000155
0.000109331
0.000213978
0.000186762
0.000142159
7.97744e-05
8.40711e-05
0.000185236
0.000132256
8.73936e-05
0.000307961
0.000280449
0.000237136
0.000242361
0.000246977
0.000245484
0.000185306
0.00011238
0.000235986
0.000241279
0.000132608
0.000127117
0.000237505
0.000242219
0.000147755
8.0271e-05
9.78423e-05
0.000101007
0.000111381
0.00011463
0.000375976
0.000356395
0.000237659
0.000246353
0.000243295
0.000239756
0.0001724
0.0001283
0.000194021
0.000267361
0.000123213
0.000163038
0.000235271
0.000270382
0.000110175
8.09697e-05
8.73201e-05
0.000137012
0.00011686
0.00013268
0.000421355
0.000369285
0.000255035
0.000244703
0.000256161
0.000233794
0.000188028
0.000145567
0.000241048
0.000267298
0.000176595
0.000130208
0.000235257
0.000269816
0.000149945
8.52968e-05
8.77485e-05
9.78801e-05
0.000119333
0.000178151
0.00035801
0.00036848
0.000252656
0.000246355
0.000255842
0.000248965
0.000215793
0.000130644
0.000198175
0.000197956
0.000134974
0.000116535
0.000160812
0.000207446
0.000169991
0.0001411
9.75753e-05
0.000100058
0.000212268
0.000295895
0.000150597
7.03569e-05
0.000107971
0.000141654
0.000170872
0.000192272
0.000189699
0.000204517
0.000209059
0.000257129
0.000149577
0.000123294
0.000188447
0.000229966
0.000183432
0.000112748
6.53696e-05
0.000102939
0.000159823
0.000124402
0.000138539
2.53099e-06
-2.2364e-05
6.79194e-05
0.000180845
0.000221279
0.000200431
0.000188371
0.000282215
0.000292984
0.0001304
0.00012541
0.000215837
0.000173892
0.000107485
6.00893e-05
4.07498e-05
9.83011e-05
0.000182944
0.000231042
0.000259207
0.000122028
9.63134e-05
0.000123427
0.000168055
0.000220368
0.000108613
0.00010789
0.00036273
0.000335052
0.000167072
0.00011063
0.000214021
0.000143249
-2.16299e-05
-3.41444e-06
2.6846e-05
0.000137488
0.000184836
0.000250516
0.000297565
0.000248046
0.000236058
0.000163296
8.2293e-05
0.000127792
-1.46705e-05
6.25036e-05
0.000359273
0.000295922
0.000185675
9.17432e-05
0.000156918
0.000180989
-3.61096e-05
-6.15303e-05
2.88643e-05
0.000114451
0.000269755
0.000323828
0.000245435
0.000279112
0.000305502
0.000146683
3.27523e-06
8.69148e-05
4.33479e-05
0.000205049
0.000247257
0.000292359
0.000185318
4.03383e-05
0.000181119
0.000176032
-5.82965e-05
-4.50541e-05
6.46519e-05
0.000253483
0.000356438
0.000341982
0.000205783
0.000264812
0.00027625
8.92934e-05
-2.36884e-05
0.000120952
0.000163641
0.000239613
0.000209043
0.000332818
0.000225225
8.53547e-05
0.000186662
0.00018309
5.09899e-06
-6.03317e-05
8.45286e-05
0.000265649
0.000360779
0.000292131
0.000183317
0.000285539
0.000266583
0.000223086
6.6697e-05
0.000125932
0.00023798
0.000228653
0.000257901
0.000292877
0.000230524
0.000118063
0.000163625
0.000144464
-2.38361e-05
-2.17054e-05
8.07263e-05
0.000227953
0.000281993
0.000227352
0.000231754
0.00029223
0.000290531
0.000261437
8.08725e-05
9.41372e-05
0.000244471
0.00018488
0.000260591
0.00027156
0.000228036
0.000144946
0.000182136
0.000153163
6.16854e-05
-2.50199e-05
8.92033e-05
0.000196086
0.000230064
0.000210478
0.000239237
0.000307074
0.000323334
0.00027251
0.000102518
0.00015396
0.000231366
0.00017571
0.000236651
0.000266449
0.0002293
0.00015828
0.000190078
0.0001991
5.27199e-05
1.97323e-05
9.78936e-05
0.000143441
0.000210483
0.000210625
0.000268672
0.000351205
0.000334064
0.000274119
0.000161964
0.000126592
0.000213694
0.000186427
0.000187811
0.00026124
0.0002277
0.000160239
0.000190605
0.000163648
9.87842e-05
3.5176e-05
7.44185e-05
0.000137093
0.000194344
0.000211989
0.000280882
0.000353318
0.000334425
0.000273883
0.000165464
0.000131999
0.000212117
0.000169144
0.000186408
0.000259955
0.00022711
0.000160542
0.000190162
0.00019637
9.99134e-05
3.86968e-05
7.50859e-05
0.000135718
0.00019282
0.000211459
0.000282257
0.000353965
0.000334223
0.000273492
0.000165912
0.000133366
0.000210378
0.00018353
0.000186312
)
;

boundaryField
{
    bottomWall
    {
        type            zeroGradient;
    }
    topWall
    {
        type            zeroGradient;
    }
    sides1_half0
    {
        type            cyclic;
    }
    sides1_half1
    {
        type            cyclic;
    }
    sides2_half0
    {
        type            cyclic;
    }
    sides2_half1
    {
        type            cyclic;
    }
    inout1_half0
    {
        type            cyclic;
    }
    inout1_half1
    {
        type            cyclic;
    }
    inout2_half0
    {
        type            cyclic;
    }
    inout2_half1
    {
        type            cyclic;
    }
}


// ************************************************************************* //
