/*--------------------------------*- C++ -*----------------------------------*\
| =========                 |                                                 |
| \\      /  F ield         | OpenFOAM: The Open Source CFD Toolbox           |
|  \\    /   O peration     | Version:  5.0                                   |
|   \\  /    A nd           | Web:      www.OpenFOAM.org                      |
|    \\/     M anipulation  |                                                 |
\*---------------------------------------------------------------------------*/
FoamFile
{
    version     2.0;
    format      ascii;
    class       volScalarField;
    location    "0";
    object      nut;
}
// * * * * * * * * * * * * * * * * * * * * * * * * * * * * * * * * * * * * * //

dimensions      [0 2 -1 0 0 0 0];

internalField   nonuniform List<scalar> 
7200
(
1.9992e-08
6.88392e-09
1.18686e-09
7.16377e-10
8.47353e-10
5.53221e-09
1.16058e-08
7.42575e-09
9.37119e-10
2.69973e-09
5.9838e-09
1.46425e-09
6.04051e-09
1.11427e-08
9.27053e-09
6.93973e-09
4.53864e-09
3.85343e-08
7.80033e-08
4.45363e-08
1.04814e-07
2.03338e-08
4.35975e-09
1.94928e-09
3.52879e-09
1.2173e-08
2.99403e-08
2.29288e-08
2.33453e-09
2.466e-08
4.25769e-08
2.48492e-08
2.66201e-08
3.61258e-08
2.02921e-08
1.70432e-08
2.27644e-08
9.62208e-08
3.97262e-07
1.9192e-07
8.17005e-06
5.27958e-06
8.90581e-08
1.91428e-08
3.35512e-09
2.32692e-08
6.73706e-08
6.68949e-08
1.20419e-08
1.6633e-07
1.25123e-06
3.15575e-06
2.7084e-06
6.8701e-07
1.79981e-07
5.44489e-08
5.69087e-08
5.5717e-07
4.42054e-06
6.68854e-06
2.10297e-05
2.39078e-05
3.95392e-06
1.41098e-06
7.00994e-07
3.66673e-07
4.80931e-07
2.59137e-07
8.88473e-08
4.28496e-08
9.86908e-08
5.49275e-07
9.34438e-07
9.3407e-06
9.56821e-06
1.18858e-06
1.65091e-06
1.36327e-06
3.104e-07
1.74192e-06
5.26182e-06
2.7119e-05
1.51274e-05
3.04948e-06
3.13741e-06
2.87678e-06
7.23626e-07
2.93567e-06
9.68923e-07
3.49613e-07
4.68634e-07
8.68871e-07
1.41016e-06
5.31376e-06
2.60375e-05
2.04629e-05
2.39927e-06
2.74261e-06
8.86931e-06
7.97839e-06
1.3666e-06
2.05186e-05
3.1407e-05
1.42686e-05
2.34993e-06
3.43504e-06
2.25248e-06
4.89971e-06
4.39314e-06
2.27377e-06
1.58236e-06
6.22269e-06
4.8151e-06
4.7766e-06
2.35144e-05
3.54728e-05
1.51413e-06
1.35986e-06
2.36598e-06
1.75395e-05
5.71288e-06
3.28394e-06
1.86316e-05
1.64584e-05
5.77863e-06
1.6634e-06
3.39023e-06
1.72106e-06
6.77905e-06
6.86278e-06
9.3862e-06
1.22662e-05
4.07403e-06
7.24929e-06
1.11477e-05
3.06567e-05
1.0412e-05
4.90067e-06
3.71421e-06
4.2046e-06
1.67829e-06
4.47398e-06
4.22431e-06
6.34957e-06
3.34057e-06
3.83187e-06
2.798e-06
3.08853e-06
5.73051e-06
4.56813e-06
3.57432e-06
1.53265e-05
5.94736e-06
9.5816e-06
9.96712e-06
2.00645e-05
2.04688e-05
8.60535e-06
7.59916e-06
3.28759e-06
6.84965e-06
4.03518e-06
4.05682e-06
3.23079e-06
6.0207e-06
5.92947e-06
1.8471e-06
1.91498e-06
1.7161e-06
9.21289e-07
1.56538e-05
1.12947e-05
4.65422e-06
8.9231e-06
3.92613e-06
4.38767e-06
6.62084e-06
5.25918e-06
4.13564e-06
4.68645e-06
1.32017e-05
3.75285e-05
7.54972e-06
2.91595e-06
2.60174e-06
6.13638e-06
3.65251e-06
1.07882e-05
9.18394e-06
5.12122e-06
3.39545e-06
1.24993e-05
1.17692e-05
8.03748e-06
4.12253e-06
4.59106e-06
6.65026e-06
3.07857e-06
1.49567e-06
1.68887e-06
7.53463e-06
1.49552e-05
2.7901e-05
1.02862e-05
2.84425e-06
1.33418e-05
1.38837e-05
6.63397e-06
1.50713e-05
1.23771e-05
6.26078e-06
2.02477e-06
6.61512e-06
1.07723e-05
3.90595e-06
7.76931e-06
2.73506e-05
1.48065e-05
3.59756e-06
6.65924e-06
1.28695e-05
3.98012e-06
2.64606e-05
3.35156e-05
2.78522e-05
1.14142e-05
8.64827e-06
1.30847e-05
1.16929e-05
7.10853e-06
4.27424e-06
4.2555e-06
7.60451e-06
1.43249e-05
1.44957e-05
9.1253e-06
3.66506e-05
3.08775e-05
1.25857e-05
1.65911e-05
1.21752e-07
1.21181e-07
5.16231e-08
1.12777e-08
4.33048e-09
6.21367e-09
7.79285e-09
5.63447e-09
2.41037e-09
1.51582e-09
1.32776e-09
1.42635e-09
5.96504e-09
1.75398e-08
3.12717e-08
6.77843e-08
1.41745e-07
1.72753e-07
2.65886e-08
1.96072e-08
2.97673e-07
3.60187e-07
9.11717e-08
7.70836e-08
6.14966e-08
2.17745e-08
3.50334e-08
2.20345e-08
1.40422e-08
1.88013e-08
3.31743e-09
3.30325e-09
1.12446e-08
3.25216e-08
4.94774e-08
9.3093e-08
1.92023e-07
1.28719e-07
3.46313e-08
5.68564e-08
4.38206e-06
5.03167e-06
5.13775e-07
2.48031e-07
2.09027e-07
2.90207e-07
4.6099e-07
1.27832e-07
6.47091e-07
7.48328e-07
7.08373e-07
6.37854e-07
3.47463e-07
1.41499e-07
9.31369e-08
5.46142e-08
3.36125e-07
3.64742e-07
2.53139e-07
1.50793e-07
1.9619e-06
8.49511e-06
1.30318e-05
5.54865e-06
4.26202e-06
9.01861e-07
1.23483e-06
2.43581e-07
2.22528e-07
1.62074e-07
1.11655e-07
2.20845e-06
2.04926e-06
5.12374e-06
2.45815e-06
2.02286e-06
1.88352e-06
8.96389e-07
1.12153e-06
1.0192e-06
8.22254e-07
1.07006e-05
2.57238e-05
9.81614e-06
8.34409e-06
3.97662e-06
2.37383e-06
5.52601e-06
1.62148e-06
1.3996e-06
6.29944e-07
5.57887e-07
1.81277e-06
3.8342e-06
5.77765e-06
2.8998e-06
1.55721e-06
1.31237e-06
1.37383e-06
3.00646e-06
4.21761e-06
2.53253e-06
8.71927e-06
1.76009e-05
2.35614e-05
2.72506e-05
3.59732e-05
1.75496e-05
5.86052e-06
5.11501e-06
5.64437e-06
4.84317e-06
9.53833e-06
5.41235e-06
7.89159e-06
8.67438e-06
2.34235e-06
1.46613e-06
1.69581e-06
1.46313e-06
6.15424e-06
2.2611e-06
6.56085e-06
1.24951e-05
4.3083e-06
1.44038e-05
9.17004e-06
8.35212e-06
1.4003e-05
4.65887e-06
4.58512e-06
6.49416e-06
2.67084e-05
3.08452e-05
6.01768e-06
4.40333e-06
3.22928e-06
2.66813e-06
2.43219e-06
4.03753e-06
4.06277e-06
5.32972e-06
6.51194e-06
2.15408e-05
1.41288e-05
5.86815e-06
6.0871e-06
4.9903e-06
3.6913e-06
9.00827e-06
7.74324e-06
8.23994e-06
8.84503e-06
3.97395e-05
6.23861e-06
3.32306e-06
8.58747e-06
1.41044e-05
9.73341e-06
4.31836e-06
1.33345e-05
3.42039e-06
3.06271e-06
4.83987e-06
1.31264e-05
1.71231e-05
5.23913e-06
4.09909e-06
8.12399e-06
1.42713e-05
8.11814e-06
2.29741e-06
1.06936e-05
1.89452e-05
7.8127e-06
2.7276e-06
2.64955e-06
8.07582e-06
6.78133e-06
8.35013e-06
1.75226e-05
1.68818e-05
6.84757e-06
6.30871e-06
4.13107e-06
4.75079e-06
1.39829e-05
8.36462e-06
1.86315e-05
5.87709e-06
2.68024e-06
1.13714e-05
8.88553e-06
6.17398e-06
4.34847e-06
2.93938e-06
8.83466e-06
2.82432e-05
1.57929e-05
1.10981e-05
4.22172e-06
3.19813e-06
1.12782e-05
1.21403e-05
4.51702e-06
6.18069e-06
3.40226e-06
8.32819e-06
2.40685e-05
2.5197e-05
1.27788e-05
7.92155e-06
8.02981e-06
4.82604e-06
2.88027e-06
3.04388e-06
4.30949e-06
4.66146e-06
7.3542e-06
7.43909e-06
5.2795e-06
2.98284e-06
1.78617e-06
2.36012e-06
3.51778e-06
1.88295e-06
3.01414e-06
5.77581e-06
7.65599e-06
8.53632e-06
2.25791e-05
2.81901e-05
1.76225e-05
9.65894e-06
5.37393e-06
3.16657e-06
8.96005e-06
5.51972e-06
1.97657e-06
6.04117e-06
1.01351e-07
2.1068e-07
8.08765e-08
1.00604e-08
4.34131e-09
3.47713e-09
3.06815e-09
2.2124e-09
7.91153e-10
1.55311e-09
5.63853e-09
1.34342e-08
1.32993e-08
8.37492e-09
4.4468e-08
1.48522e-07
1.16125e-07
3.90669e-08
8.62415e-09
2.14494e-08
1.90747e-07
3.72103e-07
1.73764e-07
3.71236e-08
3.05473e-08
2.48975e-08
1.77876e-08
1.39671e-08
2.10454e-09
3.07534e-09
8.41278e-09
2.79235e-08
3.07282e-08
4.91539e-08
1.90678e-07
3.69754e-07
2.16659e-07
8.23874e-08
1.77335e-08
4.36158e-08
4.96446e-07
8.85212e-07
6.4434e-07
3.76297e-07
3.81896e-07
3.59774e-07
4.21182e-07
4.28519e-07
1.44698e-07
6.45844e-08
1.6833e-08
9.70807e-08
7.21865e-08
4.85874e-08
1.81198e-07
9.03938e-07
1.68665e-06
1.10092e-06
4.79666e-07
1.21714e-07
3.20316e-06
1.86233e-06
1.83721e-06
2.31628e-06
3.90246e-06
4.39629e-06
4.59269e-06
3.61438e-06
8.17512e-07
5.46341e-07
6.13486e-07
2.23474e-06
3.29149e-06
2.76684e-06
8.57577e-07
1.70611e-07
5.11116e-07
2.98828e-07
1.58215e-06
8.77204e-06
8.15216e-06
4.24771e-06
3.61935e-06
2.17225e-06
4.49272e-06
4.62542e-06
4.19047e-06
2.23302e-06
1.77358e-06
1.04689e-06
1.00005e-06
3.53754e-06
3.43263e-06
1.87164e-06
1.89943e-06
8.24831e-06
2.62914e-06
2.19585e-06
1.22337e-06
2.67237e-06
6.77169e-06
4.96852e-06
6.62827e-06
2.62872e-06
8.53935e-06
7.23944e-06
5.68877e-06
6.64493e-06
1.50889e-05
1.59837e-05
7.94356e-06
3.0184e-06
7.33511e-06
2.0259e-06
6.10041e-06
1.9278e-05
2.73705e-06
3.21416e-06
5.48288e-06
1.40605e-05
1.37379e-05
8.7557e-06
6.1782e-06
6.14451e-06
4.92526e-06
6.43346e-06
5.73462e-06
1.7012e-05
3.43375e-05
4.4745e-05
3.38264e-05
1.7832e-05
5.30233e-06
1.36552e-05
5.98321e-06
1.7481e-05
2.11156e-05
1.67627e-05
1.00925e-05
1.73337e-05
1.16355e-05
9.73768e-06
5.99833e-06
7.84419e-06
6.36362e-06
2.86696e-06
3.00781e-06
1.11411e-05
2.7004e-05
5.66334e-05
4.64684e-05
7.89762e-06
2.62237e-05
3.55844e-05
2.22971e-05
1.24734e-05
1.40959e-05
2.26967e-05
1.83375e-05
1.71666e-05
1.62538e-05
1.65666e-05
1.45488e-05
5.77974e-06
1.09391e-05
2.31079e-05
2.85234e-05
5.97271e-06
3.65597e-06
6.26962e-06
6.4541e-06
5.66786e-06
1.0814e-05
9.61257e-06
7.35249e-06
1.83827e-05
2.17102e-06
3.2577e-06
2.95266e-06
9.70287e-06
3.32284e-06
5.3279e-06
7.8984e-06
6.13663e-06
6.03048e-06
4.08225e-06
2.41424e-06
1.07213e-05
2.80908e-05
4.99961e-06
4.07687e-06
3.4639e-06
4.83544e-06
3.87158e-06
8.42469e-06
6.06106e-06
7.29832e-06
8.61591e-06
6.48999e-06
2.0227e-05
2.79369e-06
2.38055e-05
1.41395e-05
1.17516e-05
3.34712e-06
5.12292e-06
4.91789e-06
4.02222e-06
7.02399e-06
7.47235e-06
3.7207e-06
4.59894e-06
4.3849e-06
4.09978e-06
8.25665e-06
6.51392e-06
4.03024e-06
1.83726e-05
1.11508e-05
6.67049e-06
5.21954e-06
1.04935e-05
9.7286e-06
4.18886e-06
2.62267e-06
2.97753e-06
3.45674e-06
4.31856e-06
2.70173e-06
2.54595e-06
6.32865e-06
6.57014e-06
2.26931e-06
1.29848e-06
2.04375e-06
2.15355e-06
1.25693e-05
3.47084e-06
2.09138e-06
4.83574e-06
1.71243e-07
8.2498e-08
1.95393e-08
1.33236e-09
1.07561e-10
1.54191e-10
6.95827e-10
1.37304e-09
1.72827e-09
3.6082e-09
6.7163e-09
8.95222e-09
1.70935e-08
6.3737e-08
1.4862e-07
1.22329e-07
2.8698e-08
1.57993e-08
5.37637e-08
1.18769e-07
3.15398e-07
1.70318e-07
3.93441e-08
2.7989e-09
4.34613e-10
5.63185e-10
2.32988e-09
3.76814e-09
4.7868e-09
6.80115e-09
1.63061e-08
2.02389e-08
5.8572e-08
1.63522e-07
4.60557e-07
2.64259e-07
7.96377e-08
5.91422e-08
1.17283e-07
2.37631e-07
8.77453e-07
5.5132e-07
1.2648e-07
2.02766e-08
2.02163e-08
1.01814e-08
1.47358e-08
1.31275e-08
8.31261e-09
1.60008e-08
2.63624e-08
2.46141e-08
7.01109e-08
3.66865e-07
1.90523e-06
3.26298e-06
1.9308e-06
5.9761e-07
1.51652e-07
4.01967e-07
1.21129e-06
9.76156e-07
5.15177e-07
1.01961e-06
1.61554e-06
9.75877e-07
8.64253e-07
9.44278e-07
8.01352e-07
5.95675e-07
2.21108e-07
2.17606e-07
1.36967e-06
8.9351e-08
1.79503e-07
3.56137e-06
4.30169e-06
2.41605e-06
2.34789e-06
3.62515e-06
5.75565e-06
2.59047e-06
1.94103e-06
2.19296e-06
3.57904e-06
3.56389e-06
1.7164e-06
2.53675e-06
3.94697e-06
4.04434e-06
3.83998e-06
6.59355e-07
5.0545e-07
8.45114e-07
2.54794e-07
1.79511e-06
3.73373e-06
3.2748e-06
8.41064e-06
7.73257e-06
1.65253e-05
3.74031e-06
2.93019e-06
4.04331e-06
3.36279e-06
5.02193e-06
5.59943e-06
4.48703e-06
6.98113e-06
5.92437e-06
3.07733e-06
1.39187e-06
1.66246e-06
1.94305e-06
9.4992e-06
9.70742e-06
3.80083e-06
3.92907e-06
1.07236e-05
2.46865e-05
3.19002e-05
3.02123e-06
3.4028e-06
1.53648e-05
3.91159e-06
3.72329e-06
1.99094e-06
6.24827e-06
8.85944e-06
1.08707e-05
1.06236e-05
4.4537e-06
3.50575e-06
4.86718e-06
9.8695e-06
9.34355e-06
1.29341e-05
9.22313e-06
2.79743e-05
2.80177e-05
9.809e-06
9.00042e-06
5.48646e-06
6.79641e-06
1.91283e-05
6.49858e-06
4.55139e-06
4.71154e-06
9.59816e-06
1.22858e-05
1.22076e-05
5.48164e-06
1.28356e-05
8.97607e-06
1.48892e-05
1.54833e-05
4.70425e-06
2.13942e-05
2.28256e-05
2.58538e-05
2.66977e-05
1.18525e-05
9.17343e-06
6.05065e-06
1.16004e-05
1.87029e-05
1.91705e-05
1.04224e-05
1.74e-05
1.0492e-05
3.42441e-06
3.79353e-06
1.1326e-05
9.02118e-06
3.57311e-05
1.65505e-05
3.9739e-06
6.89906e-06
2.65898e-06
9.75359e-06
1.03368e-05
6.47553e-06
1.67474e-05
1.20092e-05
4.29475e-06
1.63099e-05
6.12939e-06
7.09031e-06
8.4752e-06
4.04701e-06
2.21385e-06
5.63149e-06
8.67381e-06
5.58472e-06
1.74157e-05
1.33735e-05
2.03463e-05
5.57272e-06
3.95081e-06
5.75549e-06
1.66261e-05
1.278e-05
9.15228e-06
1.03024e-05
1.02694e-05
6.05016e-06
6.42254e-06
6.50978e-06
6.0028e-06
2.87874e-06
4.09362e-06
1.80049e-05
1.74358e-05
2.5737e-06
4.30721e-06
9.68751e-06
4.47788e-06
1.13705e-05
6.81241e-06
4.95833e-06
3.31144e-06
5.69182e-06
6.97397e-06
3.52724e-06
3.06918e-06
3.63343e-06
4.92098e-06
7.61872e-06
1.88764e-06
2.34024e-06
3.05507e-06
2.75596e-06
3.21496e-06
3.32351e-06
3.69027e-06
4.34734e-06
1.70598e-05
4.03224e-06
4.05e-06
8.12817e-06
7.97396e-09
1.01348e-08
3.33599e-09
2.97883e-09
9.03653e-09
3.38657e-09
3.52753e-10
1.2536e-09
1.73024e-09
4.1774e-09
2.08186e-08
2.91889e-08
1.31029e-08
1.64825e-09
9.19489e-10
2.17334e-09
1.31626e-09
5.98308e-09
1.08928e-08
6.33448e-09
1.58683e-07
2.7784e-08
7.94269e-09
7.30633e-09
2.01649e-08
6.54287e-09
6.93004e-09
2.07091e-09
5.96985e-09
1.80851e-08
1.56338e-08
1.95482e-08
8.48498e-09
3.36486e-09
1.77738e-09
2.87956e-09
3.44747e-09
1.40054e-08
2.87511e-08
2.07153e-08
2.96729e-07
1.04252e-06
6.14285e-08
2.25045e-08
2.49286e-08
7.94284e-09
1.37245e-08
6.16961e-08
1.38537e-07
7.08227e-08
8.66442e-08
3.05827e-07
3.45841e-07
7.36563e-08
1.94222e-08
1.89601e-08
4.79034e-08
1.59452e-08
1.51743e-07
2.60324e-07
6.32219e-06
6.22101e-06
3.26661e-06
6.95675e-06
7.47569e-07
2.59041e-07
4.71203e-08
9.16608e-08
3.43157e-07
1.18873e-06
1.02925e-06
4.9418e-07
7.4448e-07
2.3591e-06
1.03636e-06
2.27944e-08
4.37686e-07
4.11512e-07
1.3903e-07
1.78284e-06
1.34064e-06
2.28126e-06
6.67843e-07
9.62332e-07
1.43663e-06
5.91677e-07
4.83393e-07
3.58606e-07
7.21403e-07
1.20097e-06
9.04244e-07
1.34565e-06
8.93284e-07
2.63834e-07
1.82095e-06
1.0022e-06
1.74138e-06
5.68897e-06
2.07782e-07
3.67815e-07
1.31371e-05
1.85277e-05
6.26985e-06
3.02889e-06
3.47718e-06
2.33392e-06
5.09062e-06
4.4641e-06
1.56852e-06
7.71225e-07
1.05813e-06
3.89454e-06
7.98579e-06
1.95227e-06
1.67336e-06
9.85565e-07
1.29506e-06
7.79823e-06
1.32354e-05
2.88061e-06
1.65205e-05
6.61393e-06
2.79048e-05
7.12027e-06
2.78757e-06
1.33839e-06
3.63799e-06
7.46168e-06
8.09035e-06
3.50185e-06
2.9845e-06
4.25536e-06
3.94476e-06
2.44455e-06
2.55307e-06
3.05639e-06
3.7764e-06
2.59714e-06
3.89205e-06
1.23152e-05
5.01147e-06
5.26212e-06
5.52219e-06
2.01924e-05
4.62233e-06
2.26492e-06
9.27277e-06
1.00369e-05
2.46012e-05
2.92427e-05
4.21829e-06
3.90722e-06
1.6651e-06
2.68705e-06
2.73621e-06
8.05442e-06
3.11179e-05
4.43813e-06
7.86145e-06
1.4129e-05
2.99603e-05
1.45529e-05
2.10663e-05
4.62962e-06
2.45789e-05
1.14454e-05
1.01624e-05
7.70593e-06
4.23935e-05
2.29705e-05
1.47061e-05
2.47701e-05
5.86173e-06
4.36997e-06
6.57392e-06
4.83061e-06
1.71892e-05
7.36452e-06
9.63788e-06
8.71116e-06
1.46521e-05
1.35728e-05
1.95125e-05
8.28758e-06
8.75141e-06
9.25894e-06
7.32883e-06
3.37016e-05
1.70589e-05
1.67435e-05
1.50831e-05
8.09122e-06
1.42954e-05
6.35039e-06
8.13245e-06
7.70024e-06
1.27456e-05
2.14379e-06
2.88245e-06
4.44979e-06
2.26086e-05
9.36501e-06
1.07298e-05
1.1545e-05
6.643e-06
5.42046e-06
8.24423e-06
1.65969e-05
1.04769e-05
4.62083e-06
6.85875e-06
2.41763e-05
4.18474e-05
6.39293e-05
3.70248e-05
2.10047e-05
6.99722e-06
5.97298e-06
3.04397e-06
3.07224e-06
6.37065e-06
3.98293e-06
7.06126e-06
3.37242e-06
4.71361e-06
5.85075e-06
5.65946e-06
1.2375e-05
5.94621e-06
4.21358e-06
5.75559e-06
7.47796e-06
7.08283e-06
1.55507e-05
2.82907e-05
3.20733e-05
1.7084e-05
5.23071e-06
8.32971e-06
1.30669e-05
2.91671e-08
6.2732e-09
1.57658e-09
1.80042e-09
2.63043e-10
7.79155e-09
2.69314e-08
2.02379e-08
1.90726e-08
1.70205e-08
1.07429e-08
9.37895e-09
1.40395e-08
1.095e-08
1.90686e-09
1.72214e-09
3.00868e-09
5.60137e-09
2.76394e-08
4.94298e-08
7.9078e-08
9.399e-09
8.52581e-09
1.08562e-08
1.03033e-09
9.17064e-09
4.50301e-08
5.73991e-08
5.72217e-08
6.04882e-08
5.23922e-08
3.66652e-08
4.23682e-08
2.35192e-08
4.40473e-09
5.5153e-09
7.36601e-09
3.4637e-08
7.31891e-08
1.28602e-07
2.63653e-07
4.03368e-08
2.56606e-08
1.39622e-07
4.94754e-08
1.65883e-08
5.32904e-08
3.12351e-07
3.39477e-07
2.73445e-07
3.91167e-07
2.84671e-07
1.32195e-07
1.29604e-07
6.15255e-08
2.98878e-08
1.87724e-08
1.54669e-07
3.26783e-07
3.68656e-07
1.71185e-06
7.00021e-08
4.84365e-08
1.6445e-07
3.68451e-06
2.80371e-06
1.65951e-06
2.4648e-06
1.84305e-06
2.17722e-06
1.79843e-06
2.30807e-06
1.71716e-06
5.58082e-07
1.1108e-07
2.04663e-07
7.38104e-08
1.91196e-07
9.54121e-07
4.15039e-06
3.21437e-06
1.72191e-06
1.95095e-07
6.32968e-07
3.40138e-06
3.19447e-06
1.9808e-06
7.48876e-06
1.54737e-05
4.39244e-07
1.57962e-06
5.7089e-06
6.47667e-06
2.90611e-06
6.05253e-07
9.72312e-07
8.20851e-07
1.1728e-06
5.7789e-07
2.71961e-06
1.97108e-06
1.71964e-06
2.66002e-06
2.11538e-06
3.31986e-06
1.86562e-06
2.99515e-06
8.75889e-06
1.4172e-05
5.70577e-06
4.08859e-06
2.7651e-06
2.06497e-05
2.84904e-05
2.07622e-05
7.06235e-06
4.11543e-06
4.2886e-06
6.95066e-06
4.43564e-06
1.0349e-05
1.07566e-05
3.33873e-06
1.08953e-06
3.33771e-06
1.61218e-05
1.49333e-05
5.25547e-06
9.9107e-06
1.23208e-05
7.61462e-06
6.67126e-06
2.0633e-05
2.85606e-05
2.59669e-05
1.18553e-05
6.8281e-06
2.7196e-06
3.39217e-06
4.06487e-06
5.37935e-06
1.72563e-05
1.11729e-05
5.27786e-06
3.3328e-06
8.05632e-06
1.20535e-05
9.92781e-06
1.10427e-05
9.63081e-06
4.69223e-06
2.24851e-06
1.75773e-06
6.60804e-06
5.43072e-06
2.45289e-06
4.90216e-06
2.92985e-06
1.239e-06
1.80038e-06
6.20947e-06
8.10414e-06
1.57498e-05
5.57405e-06
1.25366e-05
7.68182e-06
8.29018e-06
6.29367e-06
3.78653e-06
6.82414e-06
4.71261e-06
5.40138e-06
3.4479e-06
8.55021e-06
5.15556e-06
1.98639e-06
2.66532e-06
2.39865e-06
4.11111e-06
2.60063e-06
5.88454e-06
1.05081e-05
2.78189e-05
1.37464e-05
2.00796e-05
1.02033e-05
6.79936e-06
4.48565e-06
1.0979e-05
1.5805e-05
5.46065e-06
8.13118e-06
7.3602e-06
2.28065e-05
1.01881e-05
8.77153e-06
1.83917e-06
3.40824e-06
5.01584e-06
5.17404e-06
4.2236e-06
1.43679e-05
5.23682e-06
8.26015e-06
1.51029e-05
2.32695e-05
1.35769e-05
6.6351e-06
4.1764e-06
1.50581e-05
9.89631e-06
1.886e-05
5.9761e-06
4.67043e-06
6.17528e-06
4.25071e-06
7.42425e-06
1.2251e-05
4.18438e-06
4.38373e-06
2.08249e-05
2.20805e-05
4.03602e-05
1.52353e-05
5.12051e-06
1.07786e-05
4.41653e-06
2.19805e-05
1.46361e-05
1.04476e-05
8.51029e-06
8.46243e-06
1.73133e-05
1.33507e-05
9.27421e-06
1.33545e-05
1.24251e-05
6.80578e-06
7.0044e-06
1.72808e-05
3.03792e-08
1.97227e-08
1.05144e-08
4.67339e-08
1.79307e-09
3.74935e-09
1.46644e-08
4.97056e-08
2.45987e-08
1.87369e-09
6.12676e-10
1.95672e-09
2.94292e-09
5.5568e-09
4.82147e-09
4.07993e-09
8.2842e-09
8.80867e-09
1.21522e-08
1.92575e-08
5.48461e-08
3.46939e-08
2.71923e-08
8.67765e-08
5.44821e-09
7.11634e-09
3.4229e-08
8.22226e-08
2.00848e-08
7.09692e-09
4.39005e-09
8.89049e-09
1.43144e-08
2.04442e-08
1.30301e-08
1.4121e-08
2.43354e-08
3.44451e-08
3.16078e-08
3.15812e-08
5.6228e-08
1.11895e-07
7.43437e-08
3.05284e-07
2.27864e-07
8.95269e-08
1.48073e-07
6.98826e-07
7.34789e-08
5.43629e-08
5.89374e-08
1.38241e-07
1.73338e-07
2.66651e-07
1.54556e-07
3.82315e-08
2.81553e-08
6.26423e-07
6.66731e-07
3.31998e-07
4.75653e-06
2.38417e-07
2.40206e-07
6.24428e-06
1.00811e-05
6.97101e-06
5.95345e-06
1.03224e-05
3.75722e-06
8.08211e-07
1.89095e-07
8.80652e-07
2.0579e-06
1.79358e-06
7.29123e-07
6.64278e-07
1.94726e-07
3.16767e-07
9.02171e-06
8.42684e-06
9.1425e-06
5.85738e-06
1.72519e-06
1.05078e-06
1.18485e-05
9.59787e-06
8.15556e-06
9.8031e-06
1.68028e-05
2.24785e-06
2.00327e-06
1.62103e-06
2.9904e-06
3.69498e-06
2.56521e-06
5.99366e-06
1.49452e-06
1.90666e-06
1.52818e-06
1.16788e-05
5.80854e-06
5.92362e-06
1.14293e-05
3.64472e-06
5.49938e-06
1.31884e-05
7.38654e-06
2.82753e-05
1.55291e-05
1.62051e-05
1.94273e-05
2.33753e-06
7.04932e-06
1.84705e-05
1.47672e-05
2.60717e-05
2.48591e-05
7.10905e-06
4.25206e-06
4.27943e-06
5.55407e-06
2.65174e-06
1.37462e-05
1.45379e-06
4.48126e-06
5.05197e-05
2.37623e-05
3.54922e-05
1.03538e-05
5.14064e-06
2.10834e-05
1.08715e-05
5.57152e-06
1.7998e-05
3.28907e-05
2.4346e-05
2.11538e-05
1.26411e-05
4.45008e-06
2.51199e-06
5.28319e-06
8.82522e-06
1.02974e-05
1.03512e-05
3.27628e-06
1.60814e-05
4.55223e-05
3.10481e-05
1.6766e-05
5.20034e-06
6.15958e-06
4.07389e-06
4.8367e-06
6.60105e-06
1.17389e-05
8.27985e-06
1.16046e-05
9.67287e-06
4.3433e-06
2.39305e-06
8.91955e-06
3.20559e-05
2.32036e-05
5.99549e-06
7.83218e-06
1.22942e-05
1.46175e-05
1.19861e-05
6.64859e-06
9.87968e-06
3.54044e-06
1.54933e-05
1.85215e-05
4.29497e-06
3.83303e-06
2.49059e-06
6.53052e-06
4.33255e-06
5.48505e-06
6.86076e-06
9.12569e-06
3.00523e-06
1.34567e-05
5.00773e-06
7.1028e-06
1.77712e-05
9.39701e-06
7.62679e-06
6.49635e-06
1.73741e-05
1.02156e-05
1.51663e-05
8.21743e-06
7.50765e-06
4.77506e-06
6.2868e-06
1.49263e-06
4.1826e-06
4.13555e-06
7.71771e-06
4.43623e-06
7.82406e-06
1.10073e-05
6.01207e-06
8.01034e-06
1.32468e-05
1.04591e-05
3.81095e-06
6.37172e-06
1.56052e-05
1.42997e-05
3.046e-05
5.10136e-06
4.56297e-06
4.0087e-06
4.38176e-06
3.06751e-06
8.535e-06
8.79761e-06
5.00567e-06
1.19591e-05
9.78515e-06
1.43827e-05
1.20194e-05
4.02271e-06
5.38035e-06
3.91593e-06
2.41358e-05
1.08962e-05
9.15089e-06
4.17216e-06
1.20966e-05
1.40149e-05
1.93336e-05
5.48288e-06
9.84347e-06
5.67615e-06
2.51462e-06
3.65489e-06
7.44471e-06
5.94147e-09
1.20748e-08
5.02303e-08
5.30948e-07
3.25412e-07
1.4457e-07
8.40344e-08
9.72155e-09
3.14252e-08
5.84508e-08
3.9098e-08
9.57755e-09
6.47552e-09
4.37988e-09
6.06494e-10
1.8849e-09
1.57183e-09
4.63425e-09
2.4181e-08
1.66817e-08
1.02458e-08
7.95423e-08
4.00501e-07
1.81716e-06
1.16895e-06
3.75298e-07
2.7435e-07
3.00114e-08
9.26251e-08
1.07608e-07
4.67587e-08
1.6916e-08
1.71843e-08
1.41544e-08
2.03189e-09
1.2479e-08
1.82096e-08
9.84e-09
6.63737e-08
5.85775e-08
8.76178e-07
1.01192e-06
4.69292e-06
1.69833e-06
1.96939e-06
1.03956e-05
9.29206e-06
6.97794e-06
1.06391e-06
1.33458e-06
1.15764e-07
5.02846e-08
5.89308e-08
6.11642e-08
1.89601e-08
1.89233e-07
5.84437e-07
6.52444e-07
4.55613e-07
3.49126e-07
7.35003e-06
1.97148e-06
3.70187e-06
4.84325e-06
4.93531e-06
1.15567e-05
2.38943e-05
3.29456e-05
2.60884e-05
1.20497e-05
1.42636e-05
5.25471e-06
8.8769e-07
1.07763e-06
6.13025e-07
3.60158e-07
2.54511e-06
3.62985e-06
2.21601e-06
4.95832e-06
4.54555e-06
6.68549e-06
6.01756e-06
8.44364e-06
5.54537e-06
2.4877e-06
2.897e-06
2.00807e-05
3.04698e-05
1.48738e-05
1.57526e-05
1.3595e-05
4.65493e-06
3.43964e-06
1.85321e-06
3.80897e-06
5.63507e-06
3.5228e-06
4.20566e-06
2.26868e-06
2.59997e-06
4.35411e-06
5.69617e-06
4.70295e-06
6.69732e-06
7.27138e-06
4.18114e-06
6.05088e-06
5.50878e-06
1.02698e-05
1.29549e-05
6.37057e-06
1.44644e-05
4.27375e-06
3.24401e-06
4.83194e-06
6.5272e-06
6.48353e-06
1.08618e-05
4.63081e-06
1.82044e-05
4.28271e-06
3.66096e-06
3.6032e-06
4.8111e-06
3.37192e-06
1.46254e-05
1.56425e-05
1.13323e-05
6.82529e-06
6.39746e-06
1.42105e-05
2.09403e-05
1.36253e-05
7.05014e-06
4.86177e-06
3.29628e-06
6.76166e-06
5.65783e-06
8.14637e-06
2.42314e-05
1.00726e-05
2.3649e-06
7.22068e-06
8.25103e-06
2.56309e-06
5.41622e-06
4.76189e-05
1.3474e-05
5.75675e-06
7.93891e-06
4.42604e-06
5.50124e-06
8.1179e-06
5.8792e-06
2.29839e-05
2.17855e-05
2.92892e-06
1.77665e-06
3.68889e-06
1.48477e-05
5.01442e-06
1.83393e-06
6.80418e-06
5.47652e-06
1.83629e-05
2.27975e-05
1.73504e-05
2.5126e-05
1.02937e-05
6.0763e-06
2.91873e-06
4.23279e-06
2.59911e-06
1.5085e-05
1.11843e-05
1.24196e-05
1.62375e-05
3.06898e-06
1.10355e-05
1.02472e-05
5.26334e-06
3.53323e-06
5.8853e-06
3.87358e-06
4.93684e-06
9.71534e-06
1.07134e-05
6.54632e-06
1.73275e-05
6.91822e-06
2.74558e-06
5.37467e-06
4.75684e-06
1.73012e-05
1.91964e-05
5.40583e-06
1.99219e-05
6.54112e-06
7.11097e-06
4.2556e-06
2.82821e-05
2.66591e-05
8.56642e-06
1.17081e-05
1.52439e-05
1.96377e-05
1.04899e-05
6.75704e-06
4.57302e-06
3.77835e-06
5.68244e-06
6.86431e-06
4.52176e-06
8.47336e-06
6.02152e-06
3.8009e-06
3.52388e-06
3.98376e-06
1.22689e-05
7.21342e-06
7.11875e-06
8.29309e-06
9.39386e-06
2.71238e-06
6.57917e-06
8.25806e-06
3.66137e-06
2.89543e-06
4.89047e-06
6.61667e-06
8.62887e-06
9.49685e-06
1.79953e-05
2.12579e-05
2.55985e-05
1.4107e-05
4.14633e-06
3.92441e-06
4.22644e-06
4.25535e-09
1.09156e-08
2.19056e-08
9.55261e-09
1.22189e-07
1.91068e-07
9.4779e-08
1.15659e-07
1.66436e-07
9.72004e-08
1.75559e-08
3.53217e-09
9.91393e-09
1.59251e-08
1.15103e-09
7.9717e-09
5.80328e-09
9.00514e-09
2.66725e-08
2.61187e-08
9.0591e-09
2.33201e-08
4.12345e-08
5.19925e-08
2.54021e-07
4.08245e-07
1.92118e-07
3.63216e-07
4.90189e-07
1.79422e-07
1.87758e-08
8.84955e-09
2.64329e-08
4.8304e-08
3.70193e-09
2.09376e-08
2.61389e-08
4.65274e-08
6.13453e-08
4.85229e-08
1.66816e-08
3.19424e-08
5.54626e-07
4.76512e-06
1.05577e-06
7.68056e-07
1.62685e-06
1.60887e-06
2.87494e-06
2.11396e-06
1.08774e-06
1.03775e-07
9.39108e-08
2.39207e-07
2.44873e-07
1.3329e-07
1.24181e-07
6.21568e-07
1.26779e-06
8.58809e-08
3.46599e-07
9.97579e-07
1.46524e-07
1.52556e-06
4.81486e-06
1.68094e-06
4.34688e-06
9.35848e-06
1.31492e-05
7.3361e-06
6.65586e-06
5.53742e-06
5.85099e-06
7.28046e-06
6.7311e-06
3.95075e-06
7.17486e-07
1.06239e-06
5.89398e-06
4.582e-06
1.27188e-06
1.8956e-06
4.52992e-07
1.42075e-06
3.86683e-06
3.62955e-06
7.49193e-06
1.10015e-05
1.94986e-05
9.34136e-06
7.29967e-06
1.26335e-05
6.37733e-06
3.22407e-06
5.57761e-06
3.90625e-06
4.25844e-06
5.36068e-06
8.78974e-06
3.60262e-06
4.4695e-06
3.29304e-06
5.28138e-06
6.42671e-06
3.74548e-06
4.83221e-06
7.87559e-06
4.66149e-06
1.03335e-05
6.58636e-06
6.50865e-06
2.09131e-05
1.7497e-05
1.0443e-05
1.12353e-05
7.40294e-06
5.8284e-06
2.48531e-06
4.61938e-06
2.98067e-06
3.84119e-06
5.81782e-06
7.01461e-06
1.26594e-05
5.54108e-06
1.12021e-05
1.45362e-05
6.6181e-06
2.17085e-05
2.77861e-05
1.96219e-05
1.35188e-05
1.70181e-05
1.78207e-05
1.43243e-05
2.66741e-06
4.77737e-06
3.33692e-06
9.56058e-06
7.10931e-06
8.16015e-06
8.65429e-06
7.00117e-06
6.77594e-06
7.18118e-06
1.00455e-05
7.39048e-06
5.43998e-06
1.02867e-05
1.05534e-05
7.72021e-06
6.05217e-06
4.16953e-06
2.33716e-05
2.23778e-05
1.35537e-05
7.68243e-06
4.43435e-06
7.81581e-06
5.70388e-06
5.76003e-06
8.89699e-06
1.56449e-05
2.82146e-05
9.35946e-06
8.9461e-06
1.37582e-05
8.84252e-06
9.0182e-06
6.04081e-06
4.71659e-06
4.41175e-06
3.57337e-06
3.58144e-06
8.27847e-06
1.19501e-05
8.28525e-06
5.43111e-06
1.12621e-05
9.82137e-06
7.92793e-06
5.02399e-06
8.48049e-06
1.94119e-05
1.39203e-05
1.06894e-05
5.92628e-06
4.24885e-06
1.13811e-05
1.6245e-05
5.9136e-06
3.62596e-06
8.49027e-06
6.0532e-06
1.28944e-05
2.91556e-05
1.11764e-05
8.05223e-06
5.76192e-06
1.09745e-05
6.79016e-06
1.14126e-05
6.56698e-06
3.08815e-05
3.04439e-05
5.3855e-06
1.08358e-05
4.63397e-06
6.50788e-06
5.37071e-06
3.15638e-06
4.38146e-06
1.07097e-05
7.30026e-06
2.65991e-05
1.6228e-05
6.73068e-06
5.5452e-06
4.52383e-06
4.61494e-06
4.47617e-06
7.92116e-06
5.51365e-06
3.7933e-06
4.66764e-06
3.23141e-06
4.00589e-06
1.89057e-06
2.38879e-06
1.7354e-06
6.79574e-06
1.8407e-05
2.38803e-05
6.98183e-06
6.55001e-06
7.63204e-06
6.75147e-06
1.1837e-05
1.28642e-05
1.13853e-05
1.94873e-08
1.59933e-08
2.85243e-08
1.64741e-08
3.18697e-08
6.63513e-08
1.55984e-08
1.11919e-08
1.38338e-07
3.43077e-07
8.34209e-08
4.7154e-09
2.51411e-09
6.65392e-09
1.02481e-08
3.43283e-09
2.37912e-08
1.05862e-08
1.31515e-07
1.30415e-07
6.00761e-08
1.5482e-07
1.91925e-07
7.65177e-08
1.82169e-07
2.51834e-07
3.87151e-08
5.08654e-08
3.60945e-07
5.62621e-07
2.20845e-07
5.31675e-09
1.26983e-08
2.48647e-08
4.39547e-08
1.01146e-08
6.34325e-08
2.76675e-08
2.28546e-07
2.44226e-07
1.38238e-07
4.01502e-07
2.15703e-06
2.50015e-06
3.31273e-07
8.356e-07
5.23219e-07
4.9226e-07
2.95601e-06
6.79033e-07
2.50478e-07
4.60174e-08
1.18818e-07
6.50248e-08
1.78746e-07
4.68819e-07
2.7521e-07
2.63223e-07
9.93855e-07
7.05388e-07
1.68204e-07
3.55522e-07
1.69747e-06
6.46445e-06
4.53898e-06
1.45312e-06
2.52018e-06
8.34929e-06
1.95082e-06
1.00555e-05
5.75556e-06
3.29037e-06
3.94431e-06
1.08502e-05
7.62368e-06
2.29563e-06
1.9311e-06
7.53713e-07
1.17605e-06
2.39595e-06
1.43177e-06
9.56178e-07
1.17814e-06
1.79709e-06
6.61072e-06
3.96058e-06
2.35499e-06
9.21016e-06
4.89343e-06
1.26284e-05
3.67526e-05
3.26869e-05
9.10866e-06
9.54539e-06
1.61727e-05
6.76338e-06
4.55087e-06
3.80335e-06
8.76109e-06
5.36724e-06
7.08631e-06
1.90919e-06
8.55169e-06
1.85204e-06
4.62436e-06
4.11611e-06
1.09636e-05
1.07967e-05
9.82257e-06
1.57392e-05
4.94694e-05
8.00858e-05
3.33974e-05
6.04009e-06
9.39072e-06
1.05959e-05
4.69055e-06
2.70209e-06
2.615e-06
1.22031e-05
2.84119e-06
3.61595e-06
6.38391e-06
4.59858e-06
1.55726e-05
7.43926e-06
2.08178e-05
5.43386e-06
6.27525e-06
1.18577e-05
1.36896e-05
2.18658e-05
5.38854e-05
3.32256e-05
8.19803e-06
3.12692e-06
1.08093e-05
4.52745e-06
4.13283e-06
1.11732e-05
1.90589e-06
3.71632e-06
1.22981e-05
6.79923e-06
1.4902e-05
1.00739e-05
1.03465e-05
1.17907e-05
1.22284e-05
8.85904e-06
4.11625e-06
7.79289e-06
6.20181e-06
5.1595e-05
5.60845e-05
1.01478e-05
7.0389e-06
7.16287e-06
3.58684e-06
2.64121e-06
3.1994e-06
2.12741e-05
3.66033e-05
2.69969e-05
8.00271e-06
1.14874e-05
1.6593e-05
1.97782e-05
1.245e-05
4.78424e-06
4.64845e-06
1.2312e-05
7.6089e-06
1.7053e-05
2.83346e-05
1.68677e-05
8.16891e-06
5.19706e-06
2.65403e-05
1.38992e-05
4.70792e-06
2.05778e-05
9.35351e-06
7.1306e-06
9.59889e-06
1.0373e-05
9.49447e-06
2.59443e-06
4.91746e-06
7.6018e-06
3.84442e-06
1.57866e-05
1.24783e-05
9.6887e-06
1.39163e-05
1.76529e-05
7.91544e-06
4.18715e-06
2.17988e-05
2.3127e-05
4.93927e-06
8.25819e-06
2.32875e-06
6.37823e-06
2.09987e-05
1.11688e-05
4.22819e-06
1.89609e-06
6.41121e-06
3.44419e-06
4.91438e-06
1.12675e-05
1.79673e-05
1.34886e-05
1.14492e-05
7.81383e-06
3.83027e-06
4.61552e-06
1.00832e-05
8.41896e-06
7.97799e-06
1.25411e-05
8.91556e-06
5.51935e-06
1.11142e-05
7.08613e-06
2.67466e-06
2.44092e-06
2.25303e-06
2.54644e-06
9.08874e-06
3.31423e-05
3.86211e-05
5.66873e-06
2.18924e-06
4.19766e-06
7.72068e-06
6.46712e-06
7.28543e-06
9.64893e-06
8.47053e-09
9.02931e-09
2.66092e-08
2.97793e-08
3.37796e-08
6.83314e-08
4.5163e-09
2.09058e-08
9.62812e-08
4.40337e-08
1.16e-08
1.62222e-09
7.0396e-10
4.10954e-09
5.59058e-09
3.86305e-09
2.18893e-09
7.08574e-09
4.72476e-08
4.20413e-08
3.34878e-08
8.35441e-08
1.04877e-07
1.41762e-08
7.46223e-08
4.91513e-07
2.38029e-08
6.61972e-08
8.34509e-08
1.68431e-08
2.99769e-08
5.39551e-09
1.13868e-08
1.28776e-08
1.40959e-08
8.78752e-09
6.49693e-09
1.16172e-08
8.91727e-08
5.73691e-08
1.35054e-07
2.62532e-07
1.84996e-07
6.55092e-07
5.42188e-07
2.23394e-06
1.13156e-07
2.38407e-07
2.16367e-06
5.93921e-07
5.03949e-08
4.92648e-08
1.75603e-07
4.67775e-07
5.14848e-08
8.68945e-08
8.45663e-08
8.65022e-08
1.75824e-07
2.739e-07
2.48941e-06
1.08762e-05
7.26532e-06
4.42469e-06
4.99379e-07
7.68846e-06
4.04768e-06
5.82941e-06
9.75432e-06
3.41196e-06
2.86487e-06
3.10979e-06
3.77435e-06
6.79424e-06
6.51289e-06
5.72332e-06
8.9108e-07
3.33814e-06
4.7942e-06
7.12168e-07
1.35929e-06
7.6692e-06
7.07293e-06
5.13888e-06
1.78762e-06
3.45568e-06
8.66436e-06
3.55412e-06
2.33006e-06
7.11305e-06
1.03692e-05
2.48523e-06
1.88288e-06
5.32304e-06
7.87494e-06
8.21247e-06
1.75961e-06
1.87388e-05
1.7323e-05
4.97685e-06
4.2394e-06
1.86937e-05
1.75499e-05
5.17599e-06
1.17793e-05
3.46628e-06
1.08525e-05
5.72222e-06
3.8033e-06
5.26227e-06
1.1692e-05
9.64452e-06
3.00784e-06
3.76732e-06
6.80804e-06
5.99568e-06
1.00674e-05
1.71635e-05
2.06314e-05
2.31193e-05
4.29495e-06
1.11204e-05
1.73179e-05
1.02205e-05
2.68332e-05
1.39086e-05
6.17769e-06
3.36031e-06
8.48333e-06
1.03874e-05
1.18634e-05
1.15967e-05
6.53166e-06
9.57509e-06
8.1826e-06
8.89125e-06
1.54697e-05
5.61649e-06
9.63219e-06
8.75695e-06
1.64288e-05
1.53319e-05
4.26864e-05
1.66632e-05
2.2384e-05
2.93034e-05
6.64253e-06
1.16772e-05
1.67349e-05
5.94513e-06
1.10786e-05
2.08955e-05
5.30095e-06
9.10714e-06
8.14633e-06
1.09002e-05
1.58244e-05
1.38909e-05
1.73968e-05
5.16162e-05
4.76824e-05
1.19152e-05
1.19645e-05
9.68129e-06
1.59123e-05
4.75236e-05
3.86492e-05
1.88381e-05
7.87676e-06
5.38864e-06
1.99514e-05
1.19026e-05
7.36183e-06
4.76013e-06
8.52733e-06
1.22432e-05
1.66208e-05
2.35029e-05
3.81402e-05
9.74806e-06
1.81812e-05
2.8484e-05
1.90938e-05
1.80486e-05
7.11465e-06
4.43461e-06
1.08706e-05
1.79243e-05
1.68884e-05
1.41034e-05
5.93798e-06
2.99177e-05
1.20744e-05
1.21153e-05
8.68177e-06
1.04854e-05
1.32594e-05
5.66544e-06
1.42483e-05
1.99985e-05
1.25758e-05
1.47587e-05
5.62613e-06
5.2074e-06
9.21548e-06
5.55007e-06
8.34478e-06
5.71692e-06
7.71845e-06
3.1832e-06
1.01059e-05
5.23784e-06
4.31313e-06
1.18262e-05
1.98227e-05
3.54664e-06
8.45919e-06
5.54407e-06
8.1733e-06
3.40821e-06
7.31515e-06
1.37458e-05
6.86657e-06
7.3701e-06
3.89387e-06
6.88208e-06
5.62168e-06
5.15549e-06
4.33447e-06
5.38531e-06
8.15678e-06
1.03841e-05
9.04547e-06
7.82497e-06
1.8838e-05
2.79482e-05
1.26448e-05
2.35249e-06
1.87295e-06
2.80462e-06
3.86589e-09
8.33268e-09
1.10532e-08
2.65229e-08
4.31662e-09
1.25517e-08
6.50195e-09
2.37017e-09
4.08231e-09
7.59646e-09
1.88602e-08
6.21569e-09
1.6221e-08
9.32756e-08
1.2002e-07
7.41021e-08
4.31129e-08
2.91132e-08
1.76518e-08
1.13263e-08
1.6257e-08
2.40926e-08
1.8751e-08
4.85063e-08
1.22608e-08
6.35523e-08
8.88107e-08
6.18883e-09
1.46343e-08
3.33748e-08
3.82558e-08
1.06868e-08
4.17569e-08
3.31337e-07
2.21671e-07
1.50263e-07
1.0347e-07
8.50726e-08
5.27388e-08
3.23275e-08
2.38118e-07
1.08732e-07
1.46413e-07
2.81238e-07
1.97639e-07
2.82214e-07
6.7164e-07
2.45975e-07
5.37557e-08
6.88563e-08
2.90059e-07
6.09963e-08
2.51925e-07
7.71127e-07
1.3924e-06
4.59926e-07
3.69983e-07
4.36149e-07
3.36704e-07
1.33574e-07
1.16639e-06
5.54767e-06
1.69629e-06
1.72213e-06
2.25137e-06
3.61214e-06
2.48358e-06
3.59765e-07
6.87955e-07
1.68559e-06
1.64084e-06
1.03723e-06
1.52069e-06
1.76698e-06
2.76207e-06
1.06334e-05
7.16827e-06
4.35449e-06
2.04357e-06
9.84625e-07
4.51091e-06
1.11267e-05
7.95387e-06
4.05667e-06
3.74404e-06
1.37087e-06
5.27754e-06
1.32731e-05
3.43719e-06
3.9841e-06
7.83586e-06
4.33584e-06
1.99673e-06
2.5882e-06
1.2707e-06
4.56224e-06
1.2789e-05
1.00205e-05
4.04733e-06
1.85364e-06
2.98577e-06
6.8896e-06
7.16942e-06
4.21172e-06
5.61089e-06
4.32732e-06
4.77933e-06
2.42325e-05
9.20449e-06
6.41618e-06
5.63252e-06
2.62725e-06
5.36111e-06
5.16846e-06
4.86501e-06
5.04451e-06
1.71953e-05
4.65061e-06
4.439e-06
6.65547e-06
6.75846e-06
6.35655e-06
1.66707e-05
2.01255e-05
1.68085e-05
7.66601e-06
7.50788e-06
1.58682e-05
9.95205e-06
9.73502e-06
5.13712e-06
7.81075e-06
6.84297e-06
7.50751e-06
9.18248e-06
9.50334e-06
7.13979e-06
1.64109e-05
1.03194e-05
7.73882e-06
4.90339e-05
2.74412e-05
3.19499e-05
7.36555e-06
5.1436e-06
1.65431e-05
6.99707e-06
8.31445e-06
4.65002e-06
8.71903e-06
4.25413e-06
7.971e-06
5.3121e-06
7.94975e-06
4.50381e-06
1.23077e-05
1.1967e-05
5.59541e-05
3.66519e-05
7.36045e-06
5.62562e-05
7.50572e-05
2.04172e-05
1.64689e-05
6.83146e-06
6.58728e-06
8.6832e-06
1.17952e-05
2.31919e-05
9.24373e-06
8.79264e-06
1.19129e-05
1.54536e-05
4.124e-06
3.39527e-06
2.34993e-05
1.2451e-05
9.71571e-06
6.72411e-05
2.96607e-05
1.14831e-05
1.1087e-05
9.77304e-06
2.73364e-05
1.62573e-05
8.50566e-06
3.96522e-06
6.68543e-06
1.25862e-05
9.88317e-06
1.6907e-05
3.17439e-05
2.85179e-05
2.73278e-05
2.25707e-06
4.30936e-06
7.47557e-06
5.44807e-06
9.54459e-06
4.15416e-05
9.24113e-06
6.28091e-06
2.3122e-05
1.58046e-05
7.409e-06
8.80709e-06
4.81577e-06
7.71197e-06
6.44518e-06
6.29763e-06
7.35358e-06
5.85166e-06
1.38414e-05
1.01156e-05
1.63772e-05
3.47621e-06
3.05678e-06
6.16803e-06
4.69011e-06
1.27399e-05
6.93173e-06
3.63474e-06
4.66173e-06
4.54149e-06
1.42384e-05
7.70588e-06
5.50525e-06
4.47786e-06
2.27077e-06
1.28614e-05
1.6235e-05
7.37335e-06
4.80312e-06
5.91859e-06
3.47849e-05
2.29362e-05
3.5315e-06
2.61971e-06
4.33582e-06
7.88082e-06
1.03702e-08
5.30091e-08
4.11272e-08
1.39843e-07
1.73508e-08
4.42164e-09
1.21547e-08
3.70649e-09
1.42094e-08
5.12853e-08
2.48124e-08
1.76971e-09
1.91789e-09
2.41411e-08
1.843e-08
1.15947e-08
8.00012e-09
9.0301e-09
5.25579e-09
4.36214e-09
3.7784e-08
1.3025e-07
7.9101e-08
4.18121e-07
1.80568e-08
1.97623e-08
2.10929e-08
1.18938e-08
5.85872e-08
1.41661e-07
1.75484e-07
2.12525e-09
7.09484e-09
1.09759e-07
7.32183e-08
1.85509e-08
1.9905e-08
2.21161e-08
1.02083e-08
1.03524e-08
2.64882e-07
2.47441e-07
5.30226e-07
1.63727e-06
4.96137e-07
2.32669e-07
4.44808e-07
1.00866e-07
2.49807e-08
5.58076e-07
9.44991e-07
2.05117e-07
8.64869e-08
4.58927e-07
1.55105e-06
1.96059e-06
9.24454e-08
1.31997e-07
5.60842e-08
4.09778e-08
3.09855e-06
1.19664e-06
6.77182e-07
5.66324e-06
1.49107e-05
1.47559e-05
8.86524e-06
1.4096e-06
2.21085e-07
1.72275e-07
2.14076e-07
3.78112e-07
3.35459e-07
1.96726e-06
6.84435e-06
1.65179e-05
1.98667e-05
1.94943e-05
2.11826e-06
8.72352e-07
6.39585e-06
7.88305e-06
2.40471e-06
1.90379e-06
1.90502e-05
9.61298e-06
8.1011e-06
5.06898e-06
4.42932e-06
3.98881e-07
5.46685e-06
7.02264e-06
2.22144e-06
2.36597e-06
3.30561e-06
5.95034e-06
2.762e-05
4.61298e-05
9.2644e-06
1.35856e-06
4.82338e-06
4.91844e-06
4.8382e-06
4.3871e-06
7.60223e-06
4.36275e-06
3.5012e-06
1.29031e-05
3.13176e-05
1.37938e-05
6.04552e-06
2.45041e-06
4.00458e-06
4.8827e-06
2.5129e-06
5.74917e-06
9.61815e-06
1.71404e-05
2.09098e-05
5.37903e-06
6.42996e-06
5.77318e-06
9.22982e-06
1.08507e-05
6.72505e-06
7.28909e-06
5.25175e-06
2.63658e-05
5.41883e-05
2.71776e-05
2.17726e-05
6.0337e-06
5.36521e-06
8.48331e-06
4.58822e-06
9.69879e-06
1.48333e-05
1.12492e-05
2.94999e-05
5.61976e-06
8.58627e-06
1.01174e-05
1.05293e-05
1.14954e-05
8.54907e-06
3.94338e-05
1.54847e-05
4.40124e-06
1.93915e-05
3.30705e-05
9.95028e-06
5.51215e-06
8.99817e-06
1.21244e-05
9.01934e-06
1.69166e-05
3.41897e-05
1.84545e-05
3.69946e-05
4.20572e-06
1.42274e-05
2.02142e-05
2.5282e-05
7.36299e-06
5.93102e-06
9.74995e-06
7.78446e-06
2.86587e-06
2.46452e-05
7.48233e-06
3.2025e-06
4.80415e-06
7.5717e-06
1.22138e-05
3.63195e-06
2.14959e-05
3.71466e-05
1.58927e-05
4.17294e-05
3.85458e-05
7.95039e-06
1.40687e-05
1.44292e-05
2.67891e-05
1.15427e-05
1.42795e-05
9.06994e-06
2.10686e-05
1.70482e-05
3.39619e-05
3.60941e-05
4.53764e-05
1.46552e-05
8.4936e-06
5.50214e-06
3.26496e-06
6.30762e-06
1.50601e-05
1.37138e-05
3.37855e-05
2.45613e-05
1.18139e-05
1.80863e-05
1.02301e-05
6.74173e-06
3.47597e-06
6.04288e-06
1.45266e-05
3.48277e-06
8.04971e-06
1.60636e-05
1.25702e-05
7.20871e-06
1.31676e-05
7.23869e-06
2.63053e-06
6.04189e-06
7.2408e-06
6.43302e-06
1.98568e-05
1.06586e-05
1.20307e-05
7.258e-06
5.58426e-06
7.52412e-06
7.66765e-06
7.68423e-06
7.18879e-06
2.06389e-06
6.77224e-06
1.07875e-05
5.64718e-06
2.55735e-06
4.21373e-06
2.14352e-05
1.02309e-05
3.82032e-06
1.23552e-05
7.38289e-06
6.85803e-06
3.09117e-08
6.11085e-08
3.36811e-08
1.0263e-07
3.78354e-08
1.7788e-08
2.38176e-08
3.85559e-09
4.97244e-10
1.09184e-09
4.48967e-09
9.16946e-09
1.24746e-08
1.20571e-08
1.75102e-09
4.89925e-09
7.85573e-09
8.7763e-09
1.3634e-09
2.91746e-09
2.60025e-07
7.3786e-07
3.69841e-07
1.8338e-07
9.24848e-08
9.46591e-08
9.42902e-08
2.10889e-08
6.02284e-10
4.3845e-09
1.04366e-08
1.83096e-08
2.87583e-08
2.87007e-08
5.62146e-08
9.42437e-08
6.19005e-08
7.52332e-09
3.31313e-09
1.10479e-08
2.12786e-07
3.53737e-06
6.9112e-06
5.21772e-07
9.8786e-07
1.78803e-07
4.08477e-07
1.91433e-07
3.35322e-08
5.69896e-09
4.65341e-08
1.41643e-07
2.36011e-07
1.81463e-07
2.12778e-07
4.63293e-07
1.21741e-06
2.31972e-06
6.35248e-07
8.82026e-08
7.39429e-07
1.17813e-06
3.2313e-07
4.65594e-06
2.70225e-06
1.8769e-06
1.36378e-06
1.60968e-06
2.10051e-06
3.06465e-07
5.50216e-07
2.45105e-06
6.32876e-07
1.39949e-06
3.32442e-06
5.23681e-06
3.13557e-06
3.84505e-06
1.35455e-06
6.76718e-06
8.06637e-06
2.90929e-06
6.07247e-06
3.9518e-06
3.89816e-06
2.12873e-06
8.15071e-07
2.62998e-06
5.89605e-07
4.93355e-07
9.68546e-07
2.43743e-06
7.6521e-06
6.25284e-06
9.92651e-07
3.23149e-06
7.44346e-06
2.27982e-06
3.59946e-06
7.40467e-06
3.2271e-05
1.18933e-05
6.2845e-06
3.86653e-06
6.77882e-06
1.94918e-06
8.73353e-07
2.11495e-06
2.05742e-06
2.65135e-06
3.47934e-06
4.22754e-06
1.40742e-05
4.2847e-06
2.14978e-06
1.96605e-06
6.44911e-06
1.13313e-05
1.38036e-05
1.06295e-05
2.00514e-05
3.4355e-05
3.44891e-06
4.05982e-06
4.88849e-06
2.37003e-06
2.06455e-06
2.05503e-06
5.6421e-06
1.06058e-05
6.81203e-06
2.63993e-06
4.49484e-06
2.88842e-06
2.73096e-06
1.35643e-05
5.93211e-06
1.07596e-05
3.39788e-05
2.08789e-05
1.90243e-05
3.89659e-05
2.80836e-06
3.96036e-06
3.71023e-06
2.43933e-05
3.25098e-05
4.07367e-06
8.15775e-06
1.66057e-05
7.7428e-06
1.5912e-05
6.32524e-06
6.12894e-06
9.25995e-06
9.18168e-06
7.89544e-06
5.94009e-06
9.08738e-06
2.42094e-05
1.73927e-05
1.71881e-05
9.12767e-06
8.52622e-06
6.64592e-06
7.73183e-06
4.4633e-06
3.91963e-06
5.44773e-06
4.48214e-06
3.54708e-06
2.42235e-05
4.43898e-05
3.70465e-05
1.19333e-05
1.10729e-05
1.90746e-05
1.18211e-05
1.02474e-05
1.68317e-05
5.36322e-05
2.19849e-05
5.06455e-06
9.39434e-06
2.9885e-05
2.92539e-05
1.25511e-05
3.85107e-06
4.64056e-06
5.77357e-06
6.21933e-06
6.14064e-06
1.93067e-05
1.66557e-05
8.64067e-06
1.55475e-05
4.21108e-05
1.65359e-05
7.1838e-06
1.28863e-05
9.97096e-06
1.90671e-05
1.1313e-05
5.99864e-06
1.2974e-05
8.16311e-06
3.57783e-06
7.61511e-06
3.03915e-06
1.23813e-05
1.89216e-05
2.66687e-05
8.9172e-06
1.70769e-05
5.94923e-06
6.40263e-06
2.18007e-05
2.48261e-05
9.84339e-06
5.27181e-06
4.19609e-06
7.07275e-06
6.76597e-06
4.92273e-06
7.66369e-06
1.01433e-05
7.5643e-06
1.56066e-05
4.98628e-06
1.20226e-05
2.77069e-05
1.68473e-05
9.86623e-06
2.24493e-05
7.19826e-06
7.82937e-06
6.75876e-06
1.25655e-05
6.45142e-06
5.52297e-06
2.67471e-08
5.9114e-08
3.71524e-08
9.13434e-09
4.92999e-09
6.40789e-09
1.3099e-08
9.82566e-09
7.7926e-10
1.14753e-08
3.16265e-08
5.43784e-08
5.61221e-08
2.92227e-08
9.68223e-09
5.43438e-09
8.38397e-09
2.29441e-08
9.70137e-09
9.24068e-09
9.77526e-08
1.61724e-07
4.14408e-08
1.61568e-08
9.24375e-09
1.96692e-08
3.15477e-08
2.28785e-08
2.96051e-09
4.11626e-08
1.17999e-07
1.86966e-07
1.74318e-07
7.87433e-08
7.28499e-09
2.1e-08
2.97446e-08
7.56839e-08
2.354e-07
2.61311e-08
3.024e-06
5.89789e-07
9.07766e-07
7.5718e-08
9.87189e-09
2.27599e-08
8.34393e-08
8.60435e-08
2.34635e-08
1.99405e-07
1.31158e-06
2.98509e-06
4.31435e-06
3.88179e-06
7.90686e-08
9.65245e-08
1.86529e-07
7.47999e-07
3.75571e-06
6.42779e-06
1.35334e-05
7.75711e-06
2.38965e-06
1.55354e-06
9.03197e-07
7.31589e-07
1.09354e-06
7.36045e-07
1.49922e-07
4.63162e-08
8.88337e-07
1.71387e-05
2.70154e-05
1.87589e-05
1.58295e-05
5.81067e-06
5.68624e-06
3.8722e-06
1.49999e-06
2.75466e-06
4.5937e-06
1.49978e-05
4.25027e-06
1.84337e-06
1.52421e-06
1.0789e-06
1.87355e-06
2.10339e-06
1.07893e-06
1.59546e-07
1.23916e-07
7.66669e-06
1.47251e-05
1.82765e-05
2.38872e-05
4.23556e-06
8.33749e-06
1.1405e-05
4.29316e-06
4.89035e-06
8.91868e-06
1.65804e-05
6.12469e-06
2.93304e-06
1.46795e-06
1.41418e-06
1.81415e-06
4.70476e-06
4.00362e-06
4.71601e-06
8.87452e-07
2.28435e-06
6.58917e-06
5.26869e-06
1.99634e-05
2.67708e-05
4.16212e-06
2.1574e-06
3.2693e-06
6.84839e-06
9.09889e-06
1.46434e-05
3.78219e-06
3.55528e-06
2.11966e-06
6.59003e-06
2.87024e-06
8.82702e-06
7.49831e-06
5.9781e-06
4.4374e-06
4.0903e-06
4.28526e-06
5.01494e-06
2.92888e-06
8.70098e-06
4.8578e-06
1.74177e-06
7.60252e-06
4.23918e-06
4.19012e-06
1.49744e-05
1.03272e-06
2.74979e-06
1.67895e-06
1.93453e-05
7.03202e-06
6.68204e-06
3.04656e-06
2.81502e-06
5.37237e-06
1.51015e-05
8.72269e-06
4.59343e-06
2.52957e-06
4.03218e-06
5.2984e-06
3.79894e-06
4.8781e-06
2.85383e-06
6.6592e-06
5.58808e-06
4.29877e-06
1.14877e-06
2.1726e-06
1.52745e-05
1.51986e-05
2.51452e-06
2.12195e-06
1.77596e-06
3.58959e-06
8.11528e-06
1.2234e-05
6.81721e-06
1.31277e-05
9.91422e-06
2.552e-05
8.04121e-06
3.13989e-06
9.04419e-06
1.09648e-05
6.77979e-06
8.77249e-06
3.99148e-06
6.91757e-06
2.66969e-06
1.25832e-05
2.41281e-05
9.15428e-06
3.18703e-06
3.68653e-06
4.09742e-06
6.97693e-06
7.67401e-06
1.52542e-05
6.60697e-06
4.80001e-06
6.21636e-06
5.31577e-06
2.83193e-06
1.28809e-05
5.06263e-06
2.18698e-05
1.84371e-05
6.31674e-06
4.03182e-06
1.07825e-05
5.93611e-06
4.00683e-06
1.90316e-06
3.94347e-06
2.12281e-05
1.93028e-05
1.00343e-05
7.17492e-06
5.1945e-06
2.11718e-05
7.11433e-06
3.39278e-06
2.49369e-05
3.53655e-06
6.51307e-06
3.3953e-05
3.24518e-05
1.47643e-05
6.69801e-06
1.23884e-05
6.82723e-06
1.09373e-05
3.36559e-06
4.9239e-06
6.44756e-06
8.17024e-06
1.33992e-05
4.3248e-06
3.56677e-06
1.94795e-05
3.44928e-05
1.09663e-05
1.19626e-05
1.6069e-05
2.98503e-06
2.39186e-05
3.13099e-05
2.06593e-05
1.50868e-05
3.14334e-05
6.29504e-06
2.3344e-05
3.07127e-06
4.87918e-06
2.04898e-05
4.32697e-05
4.07022e-05
1.36824e-05
9.27749e-06
7.96885e-06
7.63956e-06
1.41336e-05
6.95102e-06
3.37352e-05
3.55329e-06
1.39525e-05
1.76988e-05
9.39124e-06
5.88505e-06
2.44989e-06
1.38329e-05
7.17836e-06
1.0371e-05
1.11784e-05
4.0956e-05
8.29705e-06
1.1743e-05
2.27259e-05
1.95296e-05
7.91757e-06
8.86101e-06
1.41312e-05
1.9317e-05
4.83863e-06
7.39976e-06
1.15164e-05
7.02021e-06
6.1729e-06
7.51658e-06
1.54405e-05
6.61141e-06
5.27557e-06
1.62734e-05
1.16301e-05
5.50644e-06
1.83488e-06
2.93116e-06
6.35636e-06
3.23998e-05
1.38431e-05
3.31232e-06
5.66614e-06
4.0904e-06
4.24784e-06
2.3691e-05
2.94182e-05
6.80047e-06
1.68555e-05
1.39881e-05
2.08974e-05
3.79296e-06
2.58961e-05
9.78472e-06
1.83982e-05
1.89194e-06
2.63538e-06
4.22881e-06
4.82352e-06
6.94445e-06
8.86515e-06
5.63024e-06
1.64387e-05
7.44006e-06
6.15094e-06
2.18276e-05
7.29562e-06
1.50477e-05
9.02726e-06
1.79648e-05
2.54753e-05
2.13634e-05
1.11366e-05
4.07731e-06
1.20489e-05
4.91395e-06
4.92458e-06
1.00434e-05
7.23333e-06
1.75557e-05
2.83567e-05
9.31801e-06
1.14385e-05
5.50434e-06
7.61309e-06
2.86435e-05
2.47962e-06
1.25276e-06
4.35791e-06
1.54048e-05
8.30704e-06
5.6964e-06
7.74095e-06
4.22452e-06
3.40954e-06
6.61199e-06
1.07616e-05
6.08455e-06
5.87159e-06
9.33825e-06
2.22159e-05
4.97455e-06
3.86041e-06
2.64357e-06
1.0352e-05
1.10416e-05
1.97404e-06
6.88993e-06
6.4824e-06
8.40003e-06
1.99969e-06
4.03198e-06
5.42442e-06
9.50695e-06
2.75251e-06
1.32512e-05
1.03982e-05
1.85262e-06
9.71579e-06
4.18321e-06
2.51238e-06
1.49674e-06
2.5992e-06
5.0979e-06
6.71524e-06
2.83217e-06
4.90261e-06
3.10635e-06
6.1775e-07
6.06064e-07
3.19487e-06
1.00138e-05
6.02474e-06
3.71123e-06
1.34197e-06
1.25443e-05
6.22489e-06
1.31163e-05
5.43865e-07
9.34209e-07
1.0694e-06
2.14286e-06
3.37614e-06
9.11659e-06
3.53397e-06
3.57414e-06
9.36013e-07
8.84847e-07
2.4388e-07
6.34453e-07
2.51003e-06
3.23157e-06
2.47675e-06
7.2818e-07
6.97171e-07
3.13895e-06
5.01419e-06
1.7972e-07
1.22807e-07
9.57283e-07
9.76051e-07
9.60434e-07
1.99748e-06
2.33948e-06
4.32985e-07
1.80188e-07
2.52675e-07
2.62369e-07
2.09497e-07
8.2461e-07
1.41686e-06
8.88659e-07
7.7619e-07
1.34067e-07
4.64781e-07
4.40177e-07
5.35198e-08
5.00705e-08
2.74642e-08
1.59753e-07
1.61656e-07
1.1411e-07
1.03301e-07
3.86685e-07
8.84001e-08
3.27035e-08
4.66969e-08
5.20749e-08
5.76996e-08
1.53139e-07
3.36466e-07
1.89127e-07
5.63503e-08
1.07312e-08
1.693e-08
5.50063e-09
1.46413e-08
1.09616e-08
1.19038e-09
1.21672e-08
1.41242e-08
9.42307e-09
5.16553e-08
8.25678e-08
2.34632e-08
7.02126e-09
1.23455e-08
1.54565e-08
1.48804e-08
4.05834e-08
1.06387e-07
5.9987e-08
1.13534e-08
2.28771e-09
1.30318e-09
1.01621e-09
6.22523e-09
4.91964e-09
4.52725e-10
2.86385e-09
2.62541e-09
2.11019e-09
5.78039e-09
2.10673e-08
3.63763e-06
2.95041e-06
1.48527e-05
2.6901e-05
1.48813e-05
6.33631e-06
1.57959e-05
3.91785e-06
1.54612e-05
3.13263e-06
3.3516e-06
1.12519e-05
1.47825e-05
3.14789e-05
1.02886e-05
1.74833e-05
6.78668e-06
1.1363e-05
4.98125e-06
5.69656e-06
1.88101e-05
6.36861e-06
2.78455e-05
1.26475e-05
5.42068e-06
5.26397e-06
1.00066e-05
5.62078e-06
4.43163e-06
3.13491e-06
8.80272e-06
2.14693e-05
4.06223e-06
5.88607e-06
8.5848e-06
4.69921e-06
3.55253e-06
8.35349e-06
1.15453e-05
8.19854e-06
7.37795e-06
3.95884e-05
3.24909e-05
1.0744e-05
3.73723e-06
3.61877e-06
7.75158e-06
4.2958e-06
6.78178e-06
6.57562e-06
8.52044e-06
3.09022e-06
2.16524e-06
4.74699e-06
2.36949e-06
3.36551e-06
2.34352e-05
1.60747e-05
7.57688e-06
5.74077e-06
4.63526e-06
4.28394e-06
4.5214e-06
1.47375e-05
5.44552e-05
4.60488e-05
1.6307e-05
8.25622e-06
1.90265e-05
8.62286e-06
7.28676e-06
4.44276e-06
3.42765e-06
7.35314e-06
4.62932e-06
3.18554e-06
6.33156e-06
9.0298e-06
6.67393e-06
1.85802e-05
9.19735e-06
1.00107e-05
1.03465e-05
6.75116e-06
2.39259e-05
3.57036e-05
6.29371e-06
4.97694e-06
5.8147e-06
4.63433e-06
8.76917e-06
4.66638e-06
4.22809e-06
1.41076e-05
6.22153e-06
2.3061e-06
1.11425e-05
2.33174e-05
1.63328e-05
1.63998e-06
3.80418e-05
1.26659e-05
7.02939e-06
3.84916e-06
8.21286e-06
1.20216e-05
5.61497e-06
3.3062e-06
2.99409e-06
3.96483e-06
1.01533e-05
2.71617e-06
8.34502e-06
5.25623e-06
1.05418e-05
1.82229e-05
7.14633e-06
7.96938e-06
5.49322e-06
1.51856e-05
3.97939e-05
6.58839e-06
3.6215e-06
2.95982e-06
8.70393e-06
1.2238e-05
3.83461e-06
7.07037e-07
2.89968e-07
4.03893e-06
2.59954e-05
3.75237e-06
9.71453e-06
3.9501e-06
7.07893e-06
7.01995e-06
3.86762e-06
6.68445e-06
1.51458e-05
5.41749e-05
2.0172e-05
1.578e-05
1.81595e-06
1.18319e-05
2.98693e-06
1.31933e-06
5.29004e-07
6.61073e-07
1.93547e-06
1.22161e-05
1.15059e-05
1.89261e-05
5.35705e-06
1.82815e-06
1.48802e-06
5.3759e-06
1.17216e-05
1.06044e-05
1.76764e-05
3.00749e-05
2.23984e-06
9.59736e-07
7.64788e-07
1.37801e-06
1.08301e-06
1.96489e-06
1.70366e-06
1.48682e-06
4.63735e-06
4.46118e-06
4.95391e-06
1.74746e-05
6.72871e-06
5.23687e-07
2.23461e-06
1.1089e-05
1.34226e-05
1.56796e-05
2.30724e-05
2.55027e-05
3.13921e-07
1.28229e-07
1.56674e-07
6.25049e-07
7.69911e-07
8.60762e-08
3.71798e-08
3.56376e-08
2.29693e-07
3.6096e-06
8.78907e-06
1.13886e-06
5.33972e-07
1.23565e-07
2.68032e-07
2.2413e-07
2.06218e-07
4.08115e-07
4.39025e-07
2.09652e-07
3.37936e-08
6.13807e-09
6.07983e-08
2.44922e-07
4.70556e-08
3.87451e-09
3.54373e-09
4.96198e-09
2.00922e-08
8.87828e-07
3.2711e-07
1.58579e-07
5.29054e-08
4.75111e-08
2.55824e-08
1.92312e-08
1.99064e-08
1.27578e-07
5.35013e-08
7.53455e-08
4.70693e-08
6.37388e-09
2.23295e-08
6.61674e-08
3.56348e-08
7.30731e-09
1.02125e-09
1.08014e-09
2.67014e-09
3.00839e-08
1.27407e-07
2.89488e-07
1.11679e-08
1.69654e-08
1.87719e-08
8.55306e-09
7.89812e-09
5.8957e-08
1.54925e-07
1.77631e-07
5.60005e-06
3.75387e-06
4.51211e-06
4.39829e-06
8.27834e-06
9.73584e-06
5.44496e-06
5.26683e-06
1.29014e-05
1.58042e-05
5.43377e-06
4.28343e-06
6.47512e-06
7.23472e-06
3.94583e-06
9.93212e-06
3.3684e-06
4.06125e-06
4.21741e-06
1.19471e-05
4.05241e-06
3.60543e-06
6.09128e-06
5.39021e-06
8.46849e-06
1.5722e-05
6.54951e-06
4.94487e-06
5.93242e-06
1.13192e-05
7.60366e-06
7.69116e-06
7.51027e-06
2.6479e-06
5.66111e-06
8.63149e-06
4.27217e-06
1.91736e-06
2.54081e-06
3.49562e-06
8.85745e-06
1.38517e-05
1.44498e-05
7.30109e-06
8.88601e-06
3.56579e-06
8.57842e-06
2.97277e-06
6.51605e-06
2.06916e-05
1.20407e-05
1.12982e-05
8.04265e-06
1.02751e-05
4.14309e-06
4.86698e-06
4.63206e-06
1.208e-05
5.11677e-06
1.79093e-05
7.48203e-06
1.40927e-05
1.50742e-05
1.38487e-05
9.21731e-06
8.4314e-06
4.48685e-06
9.54691e-06
5.63668e-06
1.57971e-05
9.54543e-06
2.31151e-05
2.87414e-05
1.11721e-05
8.87325e-06
6.95623e-06
8.83903e-06
2.34644e-05
6.22884e-06
2.76219e-05
9.35423e-06
4.45824e-06
2.47004e-05
1.19347e-05
8.23235e-06
9.97194e-06
2.00116e-05
6.37004e-06
5.18962e-06
3.52537e-06
8.8931e-06
4.80883e-05
2.85305e-05
1.50964e-05
8.37057e-06
5.39838e-06
1.47405e-05
2.07746e-05
1.34401e-05
2.27699e-05
9.28491e-06
9.84007e-06
7.86024e-06
1.70126e-05
7.52099e-06
8.15203e-06
1.20695e-05
1.87762e-06
3.29234e-06
9.88339e-06
5.06542e-06
4.67572e-06
2.55707e-06
3.10164e-05
2.7491e-05
4.67756e-06
2.84943e-06
2.92081e-06
5.94075e-06
1.05599e-05
4.31671e-06
2.72597e-06
6.3739e-06
5.84246e-06
5.70084e-06
3.40443e-06
1.31483e-06
2.42058e-06
8.51272e-06
1.01482e-05
4.8431e-06
4.9811e-06
1.45391e-05
2.93242e-05
1.07442e-05
2.68349e-06
1.88035e-06
5.85747e-06
4.9046e-06
1.04424e-05
4.32334e-06
1.94677e-06
6.76755e-06
1.82256e-06
3.79841e-06
2.10657e-06
1.3423e-06
1.76817e-06
3.87884e-06
2.62739e-06
1.99323e-06
1.14024e-05
1.61169e-05
1.45552e-05
3.05254e-06
1.40591e-06
9.18613e-06
8.82329e-06
6.8754e-06
5.76944e-06
2.20739e-06
2.90914e-06
1.50437e-06
1.07819e-06
2.0255e-06
8.49697e-07
1.53016e-06
1.71533e-06
2.65702e-06
1.56073e-06
6.26549e-06
1.588e-05
5.02926e-06
7.60726e-07
7.5323e-07
5.53396e-07
3.89349e-06
3.12475e-06
3.30927e-06
4.07796e-06
2.08769e-06
7.8014e-07
5.63653e-07
2.92164e-07
3.73452e-07
3.31411e-07
4.67596e-07
4.6764e-07
1.85533e-07
1.01811e-07
3.18226e-06
4.4281e-06
3.02108e-06
5.6622e-07
1.31749e-07
9.80944e-08
1.5127e-07
1.86398e-07
8.27637e-07
1.47442e-07
7.54558e-08
7.61345e-08
8.2354e-08
2.30618e-07
6.2436e-08
2.80957e-08
4.07013e-08
2.34446e-08
6.2844e-09
4.95377e-08
7.01948e-07
1.33334e-06
6.00964e-07
6.59875e-09
1.05949e-08
1.25904e-08
1.00383e-08
9.79869e-09
3.03964e-08
4.48941e-08
2.56257e-08
3.22084e-08
6.24434e-08
1.53849e-07
8.29185e-08
7.08036e-09
7.51963e-09
2.77485e-09
9.0306e-10
1.04623e-08
1.99688e-07
3.57127e-07
6.65011e-08
4.3351e-09
5.57245e-09
3.69451e-09
1.50621e-09
2.49316e-09
1.30185e-08
1.67648e-08
6.5311e-06
5.73857e-06
6.5153e-06
4.05527e-06
5.74759e-06
4.9383e-06
5.46574e-06
5.48328e-06
1.17383e-05
1.87348e-05
1.05324e-05
2.50525e-06
7.91795e-06
7.12117e-06
3.59317e-06
3.3242e-06
7.84786e-07
1.31607e-06
4.07839e-06
6.0044e-06
2.63992e-06
2.51505e-06
8.53643e-06
4.94176e-06
1.38407e-05
6.9432e-06
5.86393e-06
1.01966e-05
5.7932e-06
1.1718e-05
1.07116e-05
5.78364e-06
3.22874e-06
1.33022e-06
5.71035e-06
6.12519e-06
3.67095e-06
2.29021e-06
2.04884e-06
1.67493e-06
4.42571e-06
8.77744e-06
3.74239e-06
1.85111e-05
2.97233e-05
6.28897e-06
3.14483e-06
1.47286e-05
6.14309e-06
1.65187e-05
2.91348e-05
2.44607e-05
1.56859e-05
7.58934e-06
4.59389e-06
4.25796e-06
4.7331e-06
4.83032e-06
1.78943e-06
5.49059e-06
4.73857e-06
1.03543e-05
2.47957e-05
3.47507e-05
5.25633e-06
2.23017e-05
1.02429e-05
1.21121e-05
1.01026e-05
2.52461e-05
1.6227e-05
9.07274e-06
1.49525e-05
9.60117e-06
2.20077e-05
2.20671e-05
1.21492e-05
5.51863e-06
3.68451e-06
7.16773e-06
1.0683e-05
7.3094e-06
4.62972e-05
2.143e-05
4.57638e-06
1.01724e-05
1.49968e-05
4.54531e-06
5.40204e-06
1.8393e-05
1.20314e-05
1.99913e-05
8.37343e-06
6.85879e-06
4.40246e-06
1.99724e-06
7.33988e-06
5.17128e-06
9.3553e-06
1.72833e-05
1.28856e-05
3.33236e-06
7.69388e-06
6.88504e-06
1.86692e-06
1.1459e-05
8.52302e-06
5.54922e-06
2.66508e-06
4.65813e-06
5.41291e-06
1.17673e-05
4.70305e-06
1.45872e-05
1.59648e-05
4.47785e-06
7.3873e-06
4.42967e-06
9.29465e-06
4.70996e-06
4.30389e-06
2.56254e-06
5.22068e-06
4.01355e-06
4.35299e-06
5.10045e-06
2.27108e-06
2.70285e-06
7.09317e-06
7.65866e-06
5.91198e-06
7.19758e-06
5.14939e-06
1.62451e-05
2.8141e-06
1.82588e-06
3.70081e-06
6.58303e-06
5.59819e-06
8.70706e-06
4.49296e-06
2.77918e-06
3.44318e-06
1.73538e-06
2.4862e-06
1.52767e-06
1.75502e-06
9.44108e-07
5.44552e-06
4.92878e-06
6.87279e-06
4.91959e-06
5.66809e-06
9.71536e-06
2.09346e-06
8.47315e-07
1.29227e-06
4.53266e-06
2.51546e-06
4.44312e-06
6.56046e-07
2.70707e-06
4.94509e-06
2.38125e-06
2.11222e-06
7.12797e-07
2.12905e-06
4.91285e-07
3.50996e-06
2.43774e-06
6.04237e-06
4.50534e-06
2.09133e-06
1.32927e-06
1.65201e-06
1.0392e-06
4.69527e-07
5.44797e-07
1.78389e-06
2.4058e-06
6.89218e-07
5.82445e-07
4.00991e-07
1.30506e-07
9.45387e-08
3.17333e-07
3.52979e-07
7.27513e-08
4.93323e-08
5.34277e-08
5.80999e-07
9.16519e-07
8.67026e-07
1.96397e-07
5.31805e-07
3.4394e-07
1.89399e-07
9.26549e-08
3.233e-07
5.95959e-07
6.77627e-08
5.78749e-08
5.13964e-08
7.15349e-08
6.44847e-08
1.13213e-07
3.81775e-08
2.92698e-09
8.06085e-10
1.8568e-08
8.34452e-08
1.89696e-07
4.68458e-08
3.34166e-08
2.52899e-08
1.77632e-08
5.0778e-08
1.81942e-08
6.6683e-09
1.46889e-08
2.43734e-08
2.78426e-08
2.85717e-08
3.84926e-08
3.25012e-08
4.32143e-08
1.18651e-08
1.70624e-09
3.46349e-10
5.55845e-10
1.66787e-08
5.37263e-08
4.15378e-08
2.01377e-08
7.91111e-09
8.87105e-09
1.35417e-08
3.88908e-09
2.87045e-09
8.3172e-09
2.63106e-06
2.67516e-06
4.19325e-06
1.23853e-05
7.54876e-06
5.28717e-06
4.12586e-06
3.41888e-06
5.50946e-06
4.10094e-06
7.05639e-06
2.86175e-06
4.48521e-06
3.94512e-06
3.93445e-06
2.77883e-06
3.383e-06
6.30929e-06
4.37242e-06
2.43826e-06
1.70834e-06
3.27134e-06
7.51623e-06
4.2774e-06
1.96252e-05
1.03139e-05
3.83779e-06
3.40314e-06
7.29871e-06
1.08387e-05
6.72867e-06
1.0019e-05
7.88161e-06
7.86282e-06
5.64e-06
3.39419e-06
4.67802e-06
5.14915e-06
4.34421e-06
2.8559e-06
4.33295e-06
1.16914e-05
3.39273e-06
4.13308e-06
1.80481e-05
3.64764e-06
4.5203e-06
7.40075e-06
4.17954e-06
7.30412e-06
5.07936e-06
1.10297e-05
7.88409e-06
4.35337e-06
5.30505e-06
2.00731e-05
1.11034e-05
1.25078e-05
2.58501e-06
1.9998e-06
1.01058e-05
2.85507e-05
5.19299e-06
9.04507e-06
1.00215e-05
5.92619e-06
1.29495e-05
7.76318e-06
3.90982e-06
5.88333e-06
4.64543e-06
2.72754e-05
9.91179e-06
4.11776e-06
2.74793e-06
1.0575e-05
1.57239e-05
1.21463e-05
1.68912e-05
9.33167e-06
2.18885e-06
7.74369e-06
9.30389e-06
4.73271e-06
4.67738e-06
4.27589e-06
6.49142e-06
1.65923e-05
9.84841e-06
1.10972e-05
4.44004e-06
9.57436e-06
9.01853e-06
6.75279e-06
8.14941e-06
1.14893e-05
6.46507e-06
1.10155e-05
1.27858e-05
2.95151e-06
1.12965e-05
2.59202e-05
1.92809e-05
4.30125e-06
3.11918e-05
4.14222e-06
4.07015e-06
4.11946e-06
2.95533e-05
1.9055e-05
7.75169e-06
3.66542e-06
4.89791e-06
1.3838e-05
1.55058e-05
2.28559e-06
2.49457e-06
1.21129e-05
5.49848e-06
1.44366e-05
5.36812e-06
1.17535e-05
1.92843e-05
1.80059e-05
1.61809e-05
2.75713e-06
4.93194e-06
1.30512e-05
2.09167e-05
6.92431e-06
7.74442e-06
8.20814e-06
1.0307e-05
1.1336e-05
1.71404e-05
4.68712e-06
2.75721e-06
1.90087e-06
3.13148e-06
9.65945e-07
9.20815e-06
5.35667e-06
7.03541e-06
6.65394e-06
3.51368e-06
3.39876e-06
7.20662e-06
5.79242e-06
7.79365e-06
9.49459e-06
4.16781e-06
5.12629e-06
4.93668e-06
1.8529e-05
1.82562e-05
1.82371e-06
3.77606e-06
3.47688e-06
1.25343e-06
2.34389e-06
1.67055e-05
1.98821e-06
2.14461e-06
1.38011e-06
5.65321e-07
7.62533e-07
3.07352e-06
5.53298e-07
8.87264e-07
6.89545e-07
6.39974e-07
2.16617e-06
2.71844e-06
1.20526e-05
1.46571e-06
8.24659e-07
1.07587e-06
9.16996e-07
2.05123e-06
1.50464e-06
3.36348e-06
5.13848e-07
8.66351e-07
6.85461e-08
2.03066e-07
5.6519e-07
1.12459e-07
7.31059e-08
5.91654e-08
7.45428e-08
5.03884e-07
5.09453e-07
4.85087e-07
3.58189e-07
4.91304e-08
1.08275e-07
8.61128e-08
1.93445e-07
1.56956e-06
3.17822e-06
2.24638e-08
4.63107e-09
1.04003e-08
7.41909e-08
1.43521e-07
3.28102e-08
8.55602e-09
1.40945e-08
5.13952e-09
6.27202e-09
6.86445e-08
1.05457e-07
1.03e-07
1.6224e-07
5.77946e-08
1.44252e-07
2.65735e-08
5.06534e-08
2.88665e-07
4.08368e-07
8.24453e-09
2.06811e-09
9.47935e-09
5.82831e-08
7.38857e-08
1.18857e-08
3.58734e-09
4.95937e-09
3.43659e-09
5.60998e-09
4.90031e-08
3.7514e-08
3.83463e-08
8.68079e-08
1.11586e-07
4.72985e-08
7.29133e-09
1.44503e-08
2.55566e-08
1.75117e-08
1.05331e-05
1.22559e-05
1.19881e-05
7.52666e-06
1.35025e-05
5.90477e-06
4.1056e-06
4.48516e-06
2.56588e-06
4.5404e-06
1.16433e-05
9.3934e-06
6.17917e-06
1.05851e-05
1.67093e-05
9.55381e-06
6.40682e-06
3.24623e-06
4.23156e-06
2.24785e-06
9.58552e-06
3.56442e-06
3.93332e-06
6.29792e-06
8.02048e-06
1.48598e-06
2.52625e-06
4.24134e-06
4.69678e-06
1.41385e-05
1.85999e-05
1.0162e-05
3.77202e-05
3.03814e-06
2.79195e-06
1.09418e-05
6.78646e-06
6.06661e-06
4.04618e-06
2.7061e-06
3.02658e-06
4.33306e-06
3.60493e-06
5.75766e-06
1.38206e-05
5.35053e-06
3.59884e-06
1.03438e-05
1.06924e-05
5.63752e-06
1.09497e-05
1.1778e-05
1.03846e-05
3.33998e-06
4.18103e-06
8.04404e-06
7.85764e-06
1.59869e-05
9.58472e-06
2.33568e-06
1.29499e-05
1.50557e-05
3.14874e-06
8.05309e-06
3.84431e-05
2.10568e-05
2.98371e-06
2.81636e-05
4.24301e-06
5.78103e-06
6.11888e-06
2.41895e-05
3.20672e-05
1.03469e-05
1.13657e-05
1.0144e-05
7.44525e-06
1.57313e-05
2.20175e-05
8.20518e-06
5.28574e-06
7.87871e-06
3.18117e-06
3.02083e-06
1.20749e-05
1.21805e-05
7.59889e-06
2.73268e-05
8.65417e-06
1.50063e-05
1.36768e-05
1.2235e-05
3.31103e-05
2.74141e-05
1.57911e-05
3.70886e-05
2.03863e-05
7.57065e-06
7.99808e-06
2.92825e-06
1.59915e-05
4.34979e-06
3.36961e-06
3.62531e-06
5.02326e-06
6.11644e-06
9.30005e-06
9.32302e-06
1.14781e-05
6.06703e-06
7.39973e-06
5.26539e-06
2.40922e-05
1.79495e-05
2.54838e-05
2.9037e-05
2.8923e-06
5.07528e-06
7.09601e-06
5.72548e-06
8.72849e-06
5.62195e-06
6.25736e-06
9.21713e-06
7.49694e-06
1.31354e-05
1.54313e-05
1.5053e-05
5.80004e-06
1.00925e-05
1.77743e-05
5.45821e-06
2.01988e-05
2.74356e-05
1.42342e-05
1.1099e-05
4.8877e-06
5.39737e-06
1.58398e-05
5.35948e-06
6.0764e-06
2.76394e-06
2.40621e-05
1.18417e-05
5.25678e-06
7.58725e-06
3.60515e-06
4.72421e-06
3.53163e-06
1.02105e-05
3.67294e-06
5.11966e-06
2.31509e-05
2.43739e-05
1.42098e-05
4.66219e-06
3.6866e-06
2.78871e-06
1.15853e-05
9.46888e-06
2.19638e-06
3.62415e-06
1.50031e-05
9.18306e-06
5.71839e-06
5.75999e-06
8.65285e-06
1.06669e-06
1.33244e-06
1.37009e-06
2.99499e-06
3.52461e-06
2.1046e-05
1.9592e-05
5.25235e-06
3.95374e-06
2.2149e-06
5.4491e-06
7.21624e-06
2.76872e-06
2.82766e-07
4.48147e-07
2.96763e-07
1.34131e-07
3.61678e-07
6.43432e-07
3.53722e-07
1.33614e-07
3.73513e-08
2.13691e-07
1.06833e-06
1.93396e-06
1.98417e-06
9.55371e-07
1.03914e-06
3.14968e-07
3.99448e-07
8.89393e-07
7.51984e-07
3.53046e-07
3.28717e-08
4.61878e-08
3.25351e-08
1.54425e-08
2.79179e-08
1.2616e-07
1.14124e-07
2.59505e-08
1.09198e-08
4.46788e-08
3.31961e-07
3.2295e-07
1.09903e-07
1.29766e-07
1.2231e-07
7.33044e-08
5.46331e-08
1.10756e-07
1.20658e-07
1.01556e-07
1.12184e-08
1.62452e-08
2.44804e-08
6.06193e-09
1.92158e-08
7.53953e-08
5.6683e-08
2.8452e-08
1.22397e-08
8.63657e-09
1.22656e-07
2.09908e-07
4.58017e-08
2.92876e-08
5.11692e-08
3.09853e-08
2.37701e-08
4.80169e-08
7.51594e-08
6.06718e-08
6.41615e-06
9.21968e-06
9.12557e-06
6.21544e-06
8.70799e-06
3.46598e-06
7.73828e-06
5.26865e-06
4.68925e-06
2.52458e-06
3.95938e-06
9.87349e-06
6.73013e-06
1.31895e-05
1.39217e-05
2.04635e-05
1.04624e-05
3.36028e-06
2.95412e-06
2.74981e-06
2.0045e-05
2.94916e-06
6.81016e-06
8.22944e-06
3.77328e-06
2.53569e-06
2.07341e-06
1.01193e-05
3.69212e-06
6.59481e-06
2.86327e-05
1.87685e-05
1.75032e-05
4.16577e-06
3.08124e-06
6.16301e-06
3.52013e-06
4.82053e-06
7.78183e-06
4.34801e-06
6.91226e-06
4.29644e-06
1.93718e-06
4.32957e-06
9.10837e-06
5.14846e-06
4.26028e-06
1.24599e-05
1.10234e-05
1.22944e-05
1.05751e-05
1.1049e-05
5.93955e-06
4.41029e-06
3.12654e-06
5.03419e-06
5.80466e-06
7.72286e-06
6.01701e-06
7.84031e-06
8.93242e-06
7.78201e-06
3.67396e-06
6.62277e-06
2.16391e-05
1.58901e-05
4.86477e-06
3.43838e-05
4.16125e-06
5.45584e-06
8.73716e-06
7.40335e-06
1.36594e-05
7.59855e-06
6.71039e-06
1.01257e-05
4.85423e-06
7.16933e-06
1.18646e-05
2.5538e-05
4.40253e-06
6.55159e-06
8.97453e-06
6.20238e-06
9.09328e-06
1.25694e-05
2.60414e-05
5.30169e-05
8.35053e-06
6.73641e-06
1.93084e-05
6.2868e-06
1.25213e-05
1.57043e-05
9.811e-06
1.00063e-05
8.55091e-06
3.4326e-06
6.53029e-06
5.75018e-06
6.49095e-06
5.27462e-06
7.4716e-06
3.65443e-05
5.74671e-06
8.22795e-06
3.03793e-05
1.10008e-05
1.17146e-05
3.80736e-06
2.47666e-05
2.10071e-05
9.57103e-06
9.92724e-06
1.00282e-05
4.38078e-06
5.08116e-06
3.51578e-06
5.4154e-06
3.72765e-06
5.96659e-06
5.18357e-06
2.82666e-06
1.08526e-05
3.68342e-06
3.06484e-05
3.18575e-05
7.73032e-06
6.34701e-06
3.49569e-06
4.44067e-06
4.38423e-06
5.81389e-06
1.10831e-05
9.21744e-06
4.01493e-06
3.85757e-06
2.30289e-06
8.02428e-06
3.78501e-06
8.33697e-06
4.61126e-06
9.20734e-06
8.31329e-06
1.44241e-05
2.95415e-05
4.53763e-06
1.83607e-06
2.6667e-06
4.93519e-06
1.84607e-06
2.71285e-06
1.13968e-05
1.21203e-05
3.61863e-06
2.21855e-06
1.50918e-06
8.74359e-07
5.28454e-06
2.05803e-06
2.29721e-06
1.87961e-06
1.11775e-05
1.06934e-05
5.5906e-06
1.23183e-06
1.63552e-06
2.34932e-06
1.8989e-06
4.3991e-06
7.79174e-06
5.20294e-06
5.66566e-06
5.04696e-06
1.55225e-06
1.57549e-06
2.50695e-06
1.1402e-05
5.32499e-06
3.38438e-06
1.33242e-07
4.78047e-07
8.06109e-07
4.25925e-07
1.91926e-07
6.18162e-07
5.44451e-07
1.47496e-07
1.93346e-07
8.54534e-07
2.44254e-06
1.6041e-06
3.37376e-06
3.03612e-07
1.67928e-07
1.71208e-07
6.39577e-07
2.07336e-07
2.99092e-07
4.55504e-07
2.31555e-08
1.05769e-07
1.38708e-07
1.15837e-07
1.36406e-07
1.38691e-07
7.65721e-08
2.94182e-08
4.01096e-08
7.45274e-08
1.4315e-07
2.30765e-07
1.85343e-07
3.02546e-07
1.56027e-07
1.26037e-08
1.78664e-08
6.17473e-08
1.86442e-07
1.55591e-07
7.08785e-09
2.53852e-08
7.06909e-08
3.88954e-08
4.32742e-08
4.49922e-08
2.64764e-08
1.17044e-08
1.21488e-08
3.77791e-08
7.09559e-08
7.40621e-08
6.73703e-08
1.29509e-07
5.71266e-08
6.56351e-09
7.40658e-09
3.39727e-08
1.06589e-07
1.06403e-07
6.6922e-06
8.42303e-06
7.50717e-06
5.30306e-06
5.54439e-06
4.56799e-06
4.34231e-06
2.47141e-06
5.05975e-06
5.7076e-06
4.55354e-06
1.81783e-05
2.36422e-05
9.27857e-06
1.18492e-05
1.9107e-05
5.75947e-06
5.12755e-06
4.43968e-06
6.09071e-06
3.22811e-06
4.00789e-06
1.79181e-06
6.1143e-06
5.58196e-06
8.37119e-06
4.06071e-06
3.05721e-06
5.7066e-06
1.49682e-05
3.08676e-05
3.76913e-05
1.08602e-05
5.05177e-06
6.38745e-06
1.78897e-05
4.99924e-06
4.44977e-06
7.61046e-06
4.2597e-06
7.43525e-06
3.93693e-06
1.25142e-05
1.29566e-05
8.23525e-06
5.82481e-06
3.91693e-06
1.22131e-05
1.58415e-05
1.48202e-05
8.17402e-06
3.90726e-06
1.7234e-05
2.34818e-05
1.02782e-05
1.24087e-05
4.80417e-06
5.85178e-06
1.54124e-05
4.61711e-06
9.68052e-06
1.22948e-05
4.09689e-05
1.80175e-05
2.40749e-05
1.95115e-05
7.94109e-06
9.87387e-06
2.54602e-05
4.89625e-06
3.32317e-06
1.06454e-05
7.33792e-06
1.17028e-05
7.65621e-06
1.16809e-05
1.93691e-05
1.05803e-05
1.42623e-05
3.60472e-06
5.70997e-06
1.49838e-05
2.8837e-05
2.87292e-05
5.53533e-05
3.21398e-05
7.79634e-06
1.24171e-05
2.00522e-05
7.00943e-06
5.09485e-06
1.34139e-05
1.58489e-05
2.53791e-05
1.04972e-05
3.89933e-06
3.04775e-06
2.25412e-06
2.92202e-06
7.16383e-06
9.20023e-06
1.59399e-05
6.36495e-06
1.24597e-05
2.90508e-05
2.65236e-05
7.80452e-06
1.40212e-05
2.6978e-05
1.24695e-05
3.97379e-06
5.00751e-06
5.57995e-06
4.78287e-06
5.68242e-06
1.48822e-06
2.21861e-06
6.53432e-06
1.98009e-06
1.20665e-05
2.09534e-05
2.39137e-05
6.63725e-06
2.11382e-06
1.30941e-05
1.23218e-05
6.26015e-06
1.22324e-05
8.92316e-06
9.53419e-06
3.05731e-06
2.90436e-06
2.88821e-06
5.23311e-06
4.33757e-06
2.62644e-06
3.46884e-06
2.49069e-06
6.75375e-06
1.86667e-05
1.13777e-05
5.68233e-06
5.82161e-06
2.53466e-06
3.1734e-06
6.62869e-06
1.03909e-05
3.25243e-06
3.04976e-06
1.14791e-06
4.08044e-07
9.66683e-07
1.07817e-06
8.07697e-07
3.16804e-07
7.36057e-07
1.464e-06
6.21467e-06
1.2029e-05
1.68047e-05
3.47047e-06
3.61289e-06
2.47589e-06
4.85033e-06
7.76125e-06
1.0158e-05
9.38918e-06
2.01697e-06
3.86958e-07
1.7375e-07
8.38445e-08
2.88736e-07
4.20709e-07
2.42739e-08
2.37037e-08
3.14115e-07
9.84217e-07
3.37409e-06
1.05588e-05
8.79553e-06
2.39022e-07
2.56188e-07
1.4928e-07
2.96498e-07
8.97586e-07
2.85841e-08
2.75976e-08
4.41917e-08
4.20004e-08
2.05968e-08
7.70772e-08
9.95475e-08
4.6826e-08
2.20512e-09
3.5078e-09
3.234e-08
1.099e-07
4.22489e-07
3.22197e-07
2.4008e-07
3.58343e-08
3.00399e-08
8.77178e-09
6.16291e-09
3.09014e-09
3.69587e-09
1.09519e-08
2.53637e-08
2.79303e-08
1.95018e-08
2.3032e-08
2.88623e-08
1.05013e-08
8.0467e-10
6.4104e-10
2.2501e-09
1.77363e-08
3.41084e-08
2.11521e-08
1.60559e-08
1.01925e-08
1.20712e-08
3.03007e-09
8.96617e-10
2.35654e-09
1.43548e-09
4.81374e-09
1.27571e-08
1.54879e-08
1.09445e-08
1.26589e-08
1.88035e-08
4.79088e-09
4.29532e-10
1.1544e-10
3.83941e-10
4.30974e-09
8.06182e-09
4.15841e-09
2.44533e-09
2.12011e-06
3.58408e-06
5.01466e-06
8.02901e-06
5.35097e-06
4.49633e-06
1.89201e-06
4.0207e-06
6.34186e-06
2.74962e-06
3.88389e-06
5.65348e-06
6.24992e-06
4.95586e-06
2.07001e-05
3.22586e-05
1.23931e-05
5.38375e-06
7.9132e-06
1.2137e-05
4.6049e-06
3.38898e-06
3.5467e-06
6.00101e-06
7.65487e-06
3.72029e-06
3.63236e-06
3.84195e-06
9.38819e-06
1.56508e-05
2.70568e-05
1.1342e-05
4.5541e-06
3.766e-06
8.04867e-06
1.10985e-05
8.52749e-06
6.82815e-06
6.75302e-06
4.81848e-06
3.58995e-06
4.53188e-06
1.03162e-05
1.55977e-05
1.31837e-05
8.90882e-06
6.04511e-06
9.30744e-06
1.28478e-05
2.35904e-05
2.9762e-05
4.89587e-06
4.44972e-06
5.04879e-06
8.38518e-06
7.78872e-06
6.10785e-06
1.06079e-05
1.90944e-05
4.64445e-06
1.22478e-05
8.32863e-06
2.42369e-05
5.26736e-06
8.78371e-06
2.624e-05
4.34239e-05
4.13127e-05
2.62593e-05
1.9911e-05
1.47033e-05
7.74144e-06
1.47757e-05
1.05935e-05
4.69171e-06
5.86812e-06
2.22796e-05
2.6346e-05
2.54439e-05
9.62811e-06
6.17659e-06
2.35538e-05
2.89489e-05
5.97003e-06
3.44669e-05
6.31987e-05
3.4068e-05
1.96141e-05
1.55091e-05
6.08338e-06
1.08053e-05
6.14725e-06
1.78832e-05
7.28211e-06
4.56515e-06
5.89775e-06
6.21771e-06
9.60651e-06
1.63978e-05
1.2723e-05
5.92268e-06
1.53607e-05
3.93989e-05
2.63399e-06
1.31166e-05
5.43601e-06
2.71043e-06
5.87729e-06
4.60528e-06
6.63461e-06
3.54901e-06
1.10789e-05
1.3394e-05
2.11176e-06
3.72055e-06
5.93257e-06
5.89848e-06
1.10929e-05
8.59226e-06
5.85918e-06
3.64445e-06
5.54393e-05
4.28906e-05
3.72533e-06
1.34232e-05
1.02682e-05
1.08951e-06
3.92607e-06
3.72661e-06
1.97991e-06
9.51622e-07
1.93144e-06
3.82096e-06
5.00338e-06
3.0767e-06
6.59789e-06
1.02693e-05
8.1631e-06
2.80892e-06
2.91079e-06
2.07317e-05
3.49232e-05
4.58953e-06
2.42299e-06
2.91393e-06
2.4672e-06
5.95823e-07
4.86135e-07
3.31725e-07
9.16651e-07
3.05111e-07
2.43576e-06
3.39887e-06
1.24231e-06
3.91304e-07
1.19173e-06
5.20486e-06
2.09102e-07
7.71119e-07
1.78261e-06
1.29461e-05
3.98299e-06
3.41547e-06
5.51799e-07
2.22768e-07
3.72256e-07
5.91522e-07
4.79777e-07
1.79462e-07
7.95611e-08
7.86235e-08
8.53335e-07
6.67051e-07
9.10764e-08
2.14718e-08
5.19148e-08
5.20673e-08
1.61011e-07
3.37819e-07
5.48466e-06
6.93778e-07
7.60796e-07
2.07474e-07
2.94434e-08
6.2135e-08
1.5027e-07
2.57366e-07
1.58233e-07
4.36046e-08
5.41872e-09
1.33266e-08
1.30913e-07
9.82816e-08
1.38039e-08
1.31609e-09
2.94927e-09
1.33923e-08
9.72224e-08
2.66487e-07
7.5456e-07
1.72581e-07
3.19311e-07
1.43534e-07
1.43695e-08
4.56255e-08
5.35485e-08
4.85427e-08
3.65618e-08
1.20029e-08
2.90064e-09
5.44508e-09
2.85715e-08
1.82346e-08
7.36007e-10
3.98841e-10
8.89818e-10
1.83039e-09
5.47366e-09
2.22722e-08
3.72979e-08
1.05212e-07
1.91e-07
6.27423e-08
5.7139e-09
1.15924e-08
1.63493e-08
1.84225e-08
1.53481e-08
9.00987e-09
1.8149e-09
2.15309e-09
1.05922e-08
7.58954e-09
1.02545e-09
9.09141e-11
3.79289e-10
7.5671e-10
9.72013e-10
4.16184e-09
1.27914e-08
2.35378e-06
7.24166e-06
1.19206e-05
1.51222e-05
9.62831e-06
9.98507e-06
3.72662e-06
6.06352e-06
5.6984e-06
3.85951e-06
3.00765e-06
5.08557e-06
4.45802e-06
5.87478e-06
1.81635e-05
1.32987e-05
6.98882e-06
2.64148e-06
3.08656e-06
5.82612e-06
2.17615e-06
5.82287e-06
6.0901e-06
7.26811e-06
7.60804e-06
7.03283e-06
6.85497e-06
1.06545e-05
1.27658e-05
1.31749e-05
1.00469e-05
5.80115e-06
3.33273e-06
2.69497e-06
8.40571e-06
5.7615e-06
1.06422e-05
5.26312e-06
6.83501e-06
4.20843e-06
5.98039e-06
1.01662e-05
1.05699e-05
6.73882e-06
5.72208e-06
5.32057e-06
6.03397e-06
7.78626e-06
1.3089e-05
1.72492e-05
2.46053e-05
2.5276e-06
3.55845e-06
3.55631e-06
1.0675e-05
5.51252e-06
6.08077e-06
1.15377e-05
1.99094e-05
3.22785e-06
6.26442e-06
1.9802e-05
1.43906e-05
7.95393e-06
8.36888e-06
7.26075e-06
1.55689e-05
2.2948e-05
1.73627e-05
2.46804e-05
2.10794e-05
5.6101e-06
4.18116e-06
4.15003e-06
1.34448e-05
3.69724e-06
4.88249e-05
2.80439e-05
1.53668e-05
5.00294e-06
8.40623e-06
6.11133e-06
4.68295e-06
7.81356e-06
9.52949e-06
1.51814e-05
1.02922e-05
8.53552e-06
9.15522e-06
1.23263e-05
2.0755e-05
7.05854e-06
7.63273e-06
1.41827e-05
5.20901e-06
1.94961e-05
2.70548e-05
6.31043e-06
1.11542e-05
8.87525e-06
5.87598e-06
7.9296e-06
7.76371e-06
4.3518e-06
3.03863e-06
4.26073e-06
2.79296e-06
4.61609e-06
1.6378e-05
2.25059e-05
6.22369e-06
1.5398e-05
7.22552e-06
5.03596e-06
2.42141e-06
2.29135e-05
7.65513e-06
9.09378e-06
1.34726e-05
6.71718e-06
7.38098e-06
1.47147e-05
6.48554e-06
5.53898e-06
4.7143e-06
5.22968e-06
2.16169e-06
4.20034e-06
1.8452e-05
1.29737e-05
1.07546e-06
2.91337e-06
2.41212e-06
1.57753e-06
1.37809e-06
9.98213e-06
7.48455e-06
1.05473e-05
8.98322e-06
7.93072e-06
1.13345e-05
9.43806e-06
4.03128e-06
2.68927e-06
1.4178e-06
2.32697e-06
1.36268e-06
1.41799e-06
1.45734e-06
5.3672e-07
3.3685e-07
1.99997e-06
2.1206e-06
5.38701e-07
1.89808e-07
3.03654e-06
4.22611e-06
1.20279e-06
3.16066e-06
9.68076e-06
2.34766e-06
2.04902e-06
3.03392e-06
1.47761e-06
1.19653e-06
2.70687e-06
3.83494e-06
4.51095e-06
2.65647e-06
2.03516e-06
1.99935e-06
8.92129e-07
3.8143e-07
5.58203e-08
5.16577e-08
3.72395e-07
1.05877e-07
2.35089e-07
1.75567e-06
4.10144e-06
1.28545e-06
8.11514e-07
8.18043e-07
1.28855e-07
9.25548e-08
2.67262e-07
2.59871e-07
2.07034e-07
6.72308e-08
3.83812e-08
4.56599e-08
1.24704e-07
8.41854e-08
2.90399e-08
7.93083e-09
2.80548e-09
2.87038e-09
5.11384e-08
1.12146e-07
3.44561e-07
1.23441e-07
3.06959e-07
3.93147e-07
5.09911e-08
6.781e-09
8.0255e-09
1.1749e-08
1.14949e-08
1.11434e-08
1.04833e-08
2.50351e-08
6.63944e-08
2.99136e-08
5.11533e-09
9.96545e-10
6.46096e-10
1.24797e-09
5.59904e-09
1.66522e-08
3.36991e-08
3.6485e-08
1.3298e-07
2.19673e-07
2.78609e-08
1.82206e-09
1.59567e-09
3.21541e-09
4.83275e-09
6.56763e-09
6.79118e-09
1.36175e-08
3.16796e-08
1.19405e-08
1.93863e-09
4.3059e-10
3.27841e-10
6.17669e-10
1.46112e-09
4.03274e-09
1.07421e-08
3.60502e-06
6.44496e-06
5.91247e-06
2.62767e-05
1.27095e-05
2.83689e-05
1.32302e-05
4.22583e-06
4.81601e-06
4.21744e-06
2.29056e-06
8.8211e-06
1.12132e-05
1.84634e-06
2.54786e-06
7.8089e-06
1.27593e-06
3.94087e-06
1.8053e-05
8.11724e-06
6.47791e-06
1.40805e-05
7.17905e-06
2.05e-05
3.60976e-05
1.56286e-05
1.51508e-05
8.46481e-06
2.23718e-05
9.11926e-06
1.20853e-05
3.95927e-06
2.39313e-06
3.18974e-06
4.83862e-06
2.71562e-06
4.10171e-06
6.77733e-06
1.83844e-05
1.07552e-05
2.96535e-06
2.10443e-05
1.66025e-05
6.50963e-06
1.03486e-05
5.48972e-06
1.12568e-05
4.68939e-06
3.30163e-06
5.64672e-06
4.47349e-06
2.12187e-06
4.63416e-06
2.84332e-06
7.53517e-06
4.42621e-06
4.13454e-06
4.67127e-06
3.65666e-06
1.99222e-06
3.01862e-05
4.6971e-05
2.35367e-05
4.34225e-06
1.49208e-05
2.8871e-06
2.76991e-06
5.86369e-06
2.07114e-05
2.20398e-05
4.03734e-06
5.9257e-06
1.93446e-06
5.21616e-06
4.61961e-06
5.85767e-06
3.81745e-06
3.1653e-06
5.24162e-06
5.12998e-06
3.68034e-05
1.31778e-05
7.76237e-06
8.51712e-06
6.37793e-06
3.52086e-06
2.37454e-06
4.81916e-06
6.12315e-06
2.16863e-05
2.35315e-05
1.12423e-05
4.1739e-06
1.87697e-05
4.37679e-06
2.44151e-05
1.75176e-05
5.98348e-06
1.08001e-05
1.13708e-05
2.52378e-05
1.3885e-05
5.57743e-06
4.90246e-06
3.53686e-06
3.9611e-06
5.62104e-06
9.09166e-06
4.69372e-06
9.77874e-06
7.59938e-06
4.16003e-06
4.66203e-06
3.36399e-06
1.03692e-05
3.91093e-05
8.3552e-06
9.84137e-06
3.07757e-05
3.2642e-05
1.07562e-05
6.07343e-06
1.07504e-05
3.8062e-06
1.33093e-06
3.73885e-06
9.93887e-06
2.12e-06
5.65151e-06
1.21471e-05
3.24667e-06
4.27988e-06
1.04437e-05
2.79289e-05
7.10732e-06
2.10476e-05
4.3594e-06
8.79021e-06
3.35921e-05
3.12668e-05
3.3647e-06
9.9906e-06
9.93647e-06
3.44297e-06
1.73256e-06
1.31407e-06
1.30169e-06
6.68912e-07
1.19864e-06
1.5605e-06
2.62901e-06
1.69075e-06
6.86198e-06
6.59823e-06
6.41369e-06
1.54215e-06
5.06907e-06
1.76717e-05
4.66521e-06
8.02751e-06
9.08373e-07
7.97214e-07
9.47175e-07
4.38059e-07
2.862e-07
1.52715e-07
1.25663e-07
2.58913e-07
3.05824e-06
6.2864e-06
6.43526e-06
2.9759e-06
2.33618e-06
1.05986e-06
9.11633e-07
1.07438e-06
3.9756e-06
2.73448e-06
4.04866e-07
1.96988e-06
3.99615e-07
1.55423e-07
7.68609e-08
1.43816e-08
2.0026e-09
9.52352e-10
5.03539e-09
7.34737e-08
4.43252e-08
5.7231e-08
4.43268e-08
3.23011e-07
2.19578e-07
5.57777e-08
4.52738e-09
4.39624e-09
1.1548e-08
1.65538e-08
1.88568e-08
2.00107e-07
4.42957e-08
2.55709e-08
6.43993e-09
3.42033e-09
2.10333e-10
1.94711e-09
8.98549e-10
1.25846e-08
4.07024e-09
4.50556e-09
1.07632e-08
2.75087e-08
2.95398e-08
1.44742e-08
2.55674e-09
3.26461e-10
5.80954e-10
1.7234e-09
1.96239e-08
3.08885e-08
2.65058e-08
2.19141e-08
6.56356e-09
8.43958e-10
5.07964e-11
1.23152e-10
4.23356e-10
1.70012e-09
1.6078e-09
9.98446e-10
2.07106e-09
9.17267e-09
1.70193e-08
8.19e-09
9.61644e-10
5.33504e-11
1.76262e-10
1.5297e-09
3.62129e-09
1.0282e-08
1.83109e-05
3.03445e-05
1.1329e-05
1.44071e-05
1.09019e-05
6.08647e-06
3.94165e-06
7.04906e-06
6.30977e-06
2.7405e-05
1.98248e-05
8.93785e-06
5.69313e-06
5.48549e-06
1.05304e-05
1.15472e-05
4.51289e-06
4.26836e-06
8.31564e-06
1.65277e-05
2.57355e-05
1.28237e-05
3.7711e-05
1.1912e-05
3.30872e-05
5.80969e-06
7.30964e-06
5.68582e-06
2.80212e-05
3.17875e-05
3.43152e-05
7.70457e-06
6.26647e-06
1.67123e-05
1.22249e-05
5.34524e-06
8.26658e-06
5.01033e-06
7.35479e-06
2.63283e-05
8.73524e-06
7.63728e-06
1.05427e-05
2.19247e-05
1.23809e-05
5.29852e-06
3.63783e-06
3.36968e-06
3.58656e-05
3.73537e-05
2.01145e-05
4.76655e-06
1.77929e-05
1.99883e-05
1.59768e-05
3.86335e-05
1.22895e-05
6.99986e-06
1.85207e-05
1.46738e-05
6.50242e-06
6.10606e-06
1.93706e-05
1.55595e-05
7.47598e-06
4.39337e-06
4.83435e-06
8.93666e-06
1.05449e-05
8.11105e-06
3.62151e-06
2.90662e-06
6.23845e-06
1.03331e-05
2.52264e-05
1.04798e-05
7.38352e-06
7.27819e-06
9.19551e-06
1.27373e-05
4.09361e-06
1.48173e-05
4.75528e-05
4.25163e-06
3.22812e-06
5.48947e-06
2.42444e-06
3.20879e-06
9.29223e-07
1.62685e-06
2.47838e-06
2.74877e-06
3.04894e-06
8.85513e-06
4.374e-06
6.73404e-06
6.06352e-06
9.98507e-06
3.05777e-06
3.33729e-06
5.99994e-06
1.13431e-05
6.07726e-06
2.76494e-06
2.94199e-06
6.52768e-06
2.29684e-06
5.66039e-07
1.2823e-06
2.33546e-06
2.84356e-06
3.54349e-06
2.19446e-06
4.21695e-06
2.39112e-06
1.48603e-05
2.53301e-06
3.91957e-06
5.12362e-06
5.82893e-06
1.63037e-05
8.25129e-06
9.46527e-06
1.28499e-06
1.45756e-06
2.2785e-06
1.77787e-06
9.0158e-07
1.12719e-06
9.73793e-07
4.28576e-07
5.60962e-07
3.16036e-06
7.10352e-06
3.68128e-06
5.10073e-06
2.31788e-06
6.24172e-06
5.43124e-06
5.97229e-06
7.57646e-06
1.17339e-05
7.12939e-06
3.69576e-06
2.51555e-06
1.85383e-06
1.46791e-06
4.9327e-07
2.47379e-07
2.93683e-07
2.76487e-07
9.96933e-07
5.43122e-06
7.34276e-06
4.86843e-06
3.2349e-06
3.01392e-06
2.61094e-06
1.82486e-06
4.34433e-06
1.22907e-06
3.09971e-06
1.59054e-06
1.97216e-06
3.41858e-07
1.21613e-07
2.76867e-07
1.97423e-07
1.19526e-06
1.67214e-06
3.63779e-06
5.38839e-06
7.51261e-06
3.77843e-06
1.75784e-06
2.4645e-06
5.04837e-06
1.64409e-06
3.66662e-07
1.20734e-06
9.08675e-08
5.01213e-08
3.39005e-08
2.81906e-08
5.16979e-08
3.57281e-08
7.19662e-08
3.85348e-07
8.14902e-07
1.07948e-06
1.21339e-07
9.58373e-08
2.52972e-07
1.5179e-07
4.02303e-07
3.72958e-07
1.5494e-07
8.73977e-08
1.90254e-08
1.39689e-07
2.79219e-08
1.24844e-08
2.64216e-09
3.76339e-09
3.73126e-09
4.32367e-09
3.25081e-08
5.86438e-08
4.90648e-08
5.51559e-09
8.98394e-09
7.44091e-08
9.30166e-08
2.09571e-08
2.8318e-08
3.4378e-08
2.14199e-08
1.40026e-09
7.48427e-09
1.68802e-08
1.12687e-08
4.16333e-09
1.12017e-09
1.14286e-09
1.68327e-09
1.53853e-09
1.00641e-08
1.06824e-08
5.87129e-09
1.16101e-09
4.42454e-09
2.77157e-08
4.77711e-08
1.03327e-08
7.17738e-09
1.3559e-08
4.34425e-09
4.90309e-10
2.48961e-09
7.58267e-09
1.01725e-05
2.29162e-05
8.57067e-06
6.53194e-06
7.13549e-06
4.49502e-06
6.39401e-06
5.55543e-06
1.07012e-05
2.30234e-05
1.09466e-05
6.02147e-06
5.98112e-06
9.54543e-06
1.83453e-05
9.64896e-06
5.34855e-06
4.46389e-06
5.33019e-06
5.25413e-06
2.92781e-05
1.73086e-05
2.51577e-05
2.07442e-05
2.71869e-05
7.76296e-06
6.45548e-06
6.26613e-06
1.9753e-05
1.97738e-05
2.5994e-05
8.07101e-06
3.69244e-05
3.71273e-05
9.14966e-06
4.84521e-06
1.90117e-05
5.55735e-06
1.02449e-05
2.71801e-05
3.14133e-05
7.17693e-06
2.01861e-05
4.8604e-05
5.88598e-06
5.35613e-06
3.11326e-06
1.71754e-06
2.8721e-05
1.75872e-05
1.30053e-05
7.94095e-06
3.30784e-05
1.34245e-05
9.70288e-06
3.23963e-05
1.84908e-05
1.42456e-05
1.68439e-05
3.31246e-05
6.82429e-06
8.89596e-06
2.06376e-05
4.76475e-06
2.49639e-06
3.87689e-06
2.4577e-05
2.85081e-05
2.61984e-05
1.21745e-05
1.18927e-05
9.59536e-06
1.99802e-05
8.68346e-06
1.51281e-05
5.80402e-06
7.97549e-06
7.49892e-06
1.08146e-05
1.19826e-05
4.3767e-06
9.82031e-06
1.58395e-05
1.12794e-05
8.14698e-06
1.42632e-05
5.8802e-06
4.78754e-06
3.58908e-06
2.58585e-06
1.08829e-05
6.49244e-06
5.06198e-06
2.75257e-05
3.30855e-05
3.76234e-06
6.27769e-06
5.55007e-06
4.68021e-06
1.16064e-05
9.89735e-06
6.11709e-06
3.65473e-06
3.56885e-06
4.11441e-06
3.42558e-06
1.8261e-06
6.51121e-07
6.61639e-07
8.58984e-07
3.0582e-06
3.81177e-06
3.75405e-06
1.00217e-05
6.62302e-06
6.94395e-06
3.40111e-06
3.81061e-06
7.57988e-06
5.64995e-06
8.78249e-06
5.34383e-06
3.42779e-06
2.50581e-06
2.78649e-06
2.43206e-06
1.30957e-06
5.26041e-07
5.8478e-07
2.12925e-07
2.88123e-07
3.62469e-06
2.66623e-06
3.06844e-06
7.92365e-06
3.47066e-06
3.96243e-06
2.11169e-06
5.98241e-06
4.61026e-06
3.95323e-06
3.44014e-06
5.91064e-06
4.34421e-06
1.83438e-06
1.57027e-06
2.8012e-07
4.52889e-07
2.9403e-07
2.39098e-06
2.47567e-06
3.74539e-06
1.01794e-05
8.67824e-06
1.94615e-06
2.81857e-06
8.63062e-06
5.76602e-06
5.14949e-06
7.55606e-06
2.59866e-07
3.1248e-07
1.21854e-06
2.59984e-06
1.1087e-06
1.12399e-07
6.0242e-08
2.92918e-07
6.16075e-06
1.1703e-05
6.60087e-06
7.95381e-06
7.95267e-06
7.52784e-07
6.7693e-07
5.09905e-07
1.00755e-06
7.07345e-07
7.72142e-07
9.37121e-07
7.29856e-08
1.95815e-07
1.79149e-07
4.40694e-08
3.76943e-08
3.79711e-08
3.33165e-07
5.68767e-07
5.63998e-07
4.65826e-07
3.6574e-07
5.31479e-08
2.77428e-08
4.42262e-08
1.0844e-07
5.44363e-08
2.57405e-08
1.24202e-08
6.9198e-08
1.48441e-07
3.32831e-08
4.21365e-08
1.10923e-08
3.41467e-09
1.00539e-09
3.25384e-09
5.53825e-08
5.67578e-08
4.45327e-09
2.25614e-08
2.74672e-08
1.37255e-08
1.11074e-08
2.02496e-08
1.96023e-08
6.69259e-09
2.07809e-09
3.77496e-09
3.87903e-08
5.99277e-09
1.6542e-08
1.57645e-08
1.63789e-09
8.97675e-10
8.55793e-10
1.99812e-09
2.56535e-08
2.53507e-08
1.02135e-09
7.54693e-09
1.20647e-08
7.21798e-09
8.74861e-09
4.25148e-09
8.35361e-09
1.96819e-09
4.23906e-10
1.54646e-09
8.05344e-09
2.88268e-09
7.38762e-06
7.92956e-06
2.83469e-06
4.50742e-06
5.09095e-06
5.0229e-06
5.43303e-06
1.89947e-06
1.14623e-05
2.36952e-05
2.69258e-05
6.73737e-06
6.56285e-06
9.24078e-06
7.69122e-06
4.37764e-06
1.27184e-05
3.2455e-06
3.47278e-06
7.35299e-06
6.82278e-06
9.73098e-06
1.35882e-05
6.51252e-06
6.05869e-06
1.2651e-05
9.86642e-06
5.41949e-06
2.45809e-05
3.07621e-05
6.62854e-06
1.29257e-05
3.43793e-05
5.20573e-05
2.38118e-05
1.31481e-05
7.31025e-06
2.32671e-06
4.89074e-06
6.46099e-06
5.88718e-05
1.84737e-05
7.49267e-06
8.84189e-06
1.02165e-05
2.08736e-05
4.87584e-06
3.51752e-05
2.45789e-05
1.00892e-05
6.05768e-06
7.73874e-06
1.80102e-05
9.58651e-06
7.06587e-06
1.09952e-05
7.26169e-06
9.67706e-06
9.85507e-06
9.18085e-06
3.89017e-05
8.02833e-06
1.06495e-05
1.04232e-05
6.4265e-06
7.03897e-06
2.75111e-05
4.97023e-05
2.35879e-05
7.96921e-06
7.20833e-06
4.82508e-06
7.48029e-06
7.95753e-06
3.95403e-05
4.28846e-05
1.29027e-05
5.33499e-06
1.64316e-05
4.12107e-05
4.21699e-06
4.26035e-06
2.74236e-05
1.16069e-05
6.39364e-06
4.85361e-06
1.67758e-05
3.96239e-05
1.04678e-05
1.02955e-05
9.47654e-06
1.17597e-05
5.66666e-06
4.24009e-05
5.42882e-05
8.87554e-06
7.71331e-06
1.05969e-05
1.56029e-05
1.96712e-05
5.86572e-06
5.22414e-06
9.5427e-06
1.41456e-05
8.71857e-06
4.72281e-06
1.00407e-05
9.79336e-06
1.04612e-05
8.01543e-06
5.72039e-06
5.52393e-06
6.24709e-06
3.41866e-05
1.3553e-05
1.20741e-05
5.32258e-06
6.71983e-06
5.27173e-06
1.06899e-05
1.64598e-06
2.98429e-06
7.57094e-06
9.15423e-06
4.40972e-06
3.00845e-06
2.81598e-06
8.2436e-07
1.51868e-05
1.13368e-05
5.50318e-06
4.08268e-06
1.05937e-05
1.64046e-05
4.23459e-06
1.20899e-05
1.07651e-05
2.32182e-06
3.16225e-06
2.74104e-06
1.82485e-06
8.83744e-06
6.3198e-06
7.87137e-06
8.88297e-06
6.46932e-06
3.42058e-06
7.00145e-06
7.09101e-06
1.42006e-06
2.15713e-06
2.91414e-06
3.1174e-06
4.26624e-06
3.59298e-06
3.68068e-06
7.59547e-07
4.57903e-07
1.52189e-07
3.51685e-07
1.40951e-05
8.18543e-06
4.75414e-06
5.89509e-06
2.5826e-06
8.41811e-07
5.15129e-07
6.00986e-07
5.32885e-07
2.91994e-06
1.87776e-06
3.00763e-06
4.38687e-06
2.76843e-06
6.97465e-07
2.48108e-07
1.93875e-07
3.77818e-07
1.07091e-06
5.92876e-06
2.35246e-08
4.20135e-08
3.95357e-08
7.37935e-09
9.68065e-09
5.7657e-09
3.39583e-08
6.05497e-08
2.53451e-08
4.49115e-07
3.08796e-06
3.40828e-07
1.17543e-06
1.97901e-07
4.80272e-08
5.51108e-08
7.06787e-09
8.05809e-08
1.42252e-07
6.99437e-08
5.56281e-09
7.83231e-09
1.3997e-09
1.47783e-09
1.6453e-09
2.33486e-09
1.7173e-08
1.75432e-08
2.85431e-08
1.6504e-08
1.1226e-07
8.9995e-08
1.56633e-07
1.7444e-08
8.37821e-09
4.05359e-09
1.5845e-09
4.85326e-09
1.21978e-08
4.95317e-09
2.03097e-09
1.2172e-09
2.75867e-10
4.08703e-10
4.52883e-10
6.18051e-10
4.2471e-09
5.49256e-09
3.65201e-09
3.86484e-09
1.66566e-08
6.14074e-08
4.57284e-08
1.03549e-08
2.08167e-09
2.00379e-09
8.12559e-10
8.55083e-10
1.59145e-09
1.63922e-09
2.75714e-05
8.4288e-06
1.54559e-05
3.06202e-05
9.7874e-06
5.17257e-06
6.55533e-06
3.27715e-06
3.42194e-06
6.08093e-06
6.27665e-06
1.32825e-05
1.6508e-05
1.76758e-05
1.6376e-05
1.12071e-05
5.1022e-06
3.25614e-06
1.84189e-05
1.12419e-05
1.21712e-05
6.7658e-06
2.65872e-05
1.2466e-05
2.16641e-06
3.3277e-06
3.25663e-06
5.66312e-06
1.84875e-05
8.74979e-06
2.20961e-05
2.84315e-05
1.30412e-05
4.06989e-05
5.88331e-05
7.59148e-06
4.19729e-06
3.55589e-06
2.68576e-05
7.21639e-06
4.47108e-06
2.27519e-05
1.36986e-05
1.23657e-05
5.23037e-06
9.14571e-06
9.25917e-06
7.85744e-06
1.18605e-05
1.48814e-05
9.8024e-06
5.12796e-06
6.44347e-06
1.33682e-05
2.525e-05
1.17474e-05
7.76698e-06
5.66029e-06
1.83117e-05
3.73727e-06
6.17257e-06
7.37368e-06
2.71138e-05
7.70308e-06
1.62562e-05
1.8152e-05
2.39539e-05
2.30199e-06
1.3186e-05
2.39737e-05
2.51285e-05
6.26903e-06
1.10667e-05
1.42687e-05
9.20796e-06
1.58539e-05
6.9507e-06
2.74666e-05
7.70179e-05
1.1045e-05
1.44142e-05
4.3231e-06
7.4161e-06
1.60796e-05
2.96079e-05
9.23267e-06
1.9426e-05
1.76988e-06
6.97924e-06
1.41252e-05
5.51521e-06
3.84158e-06
1.42228e-05
1.30026e-05
8.78506e-06
1.97104e-05
2.22645e-05
2.74368e-05
2.82591e-05
5.75718e-06
3.07968e-06
5.97575e-06
1.41454e-05
5.5182e-06
8.18516e-06
6.53063e-06
3.72204e-06
7.23276e-06
6.64996e-06
3.64056e-06
2.12963e-06
1.8922e-06
6.5185e-06
9.67879e-06
1.02702e-05
2.3851e-05
4.49831e-06
3.92288e-06
6.83965e-06
1.65721e-05
3.58567e-06
4.49803e-06
5.88763e-06
2.18823e-06
3.70316e-06
3.93718e-06
1.80069e-06
1.74053e-06
4.35449e-06
1.58438e-06
1.11798e-06
2.78863e-06
1.30498e-05
9.13921e-06
3.83132e-06
3.33087e-06
3.78602e-06
4.55036e-06
3.79513e-06
1.30821e-06
5.02908e-06
6.02832e-06
8.20004e-06
1.14886e-06
5.26005e-06
6.32861e-06
6.73063e-06
9.51629e-07
1.1501e-06
9.74187e-07
8.61515e-07
2.34059e-06
4.79809e-06
4.56332e-06
4.65865e-06
2.7852e-06
2.73262e-06
1.08988e-06
1.16633e-07
6.63913e-07
3.26833e-06
1.97191e-06
7.54525e-07
3.51281e-06
1.09977e-05
1.15779e-05
8.01294e-06
8.56443e-07
1.1184e-06
1.26247e-06
1.734e-06
1.94119e-06
3.89225e-06
3.17961e-06
2.20913e-06
1.71468e-06
2.58532e-07
9.46927e-08
1.67398e-07
1.38038e-06
3.64938e-08
6.72099e-08
1.30628e-07
6.9382e-08
3.72149e-08
8.01668e-08
7.66711e-08
2.32249e-07
3.00306e-07
1.70635e-07
5.56361e-07
1.58728e-06
8.98522e-07
3.10744e-07
3.88002e-08
1.45034e-08
1.61028e-08
8.88298e-09
7.34096e-08
1.49502e-07
1.47122e-09
3.06782e-09
3.88295e-09
4.01345e-09
1.85674e-08
3.0684e-08
2.87001e-08
2.94809e-08
2.3594e-08
1.75675e-08
2.29304e-07
4.89053e-07
1.9875e-07
1.3708e-08
2.878e-09
3.97288e-09
4.59773e-09
1.75035e-09
4.86932e-09
1.8296e-09
2.59014e-10
3.62171e-10
1.01032e-09
1.6387e-09
7.46231e-09
1.80647e-08
1.59393e-08
1.0094e-08
8.58025e-09
3.79816e-09
7.26054e-08
1.56414e-07
4.19027e-08
2.65877e-09
1.34227e-09
1.85333e-09
2.0834e-09
4.42277e-10
2.90906e-10
1.72544e-10
)
;

boundaryField
{
    bottomWall
    {
        type            zeroGradient;
    }
    topWall
    {
        type            zeroGradient;
    }
    sides1_half0
    {
        type            cyclic;
    }
    sides1_half1
    {
        type            cyclic;
    }
    sides2_half0
    {
        type            cyclic;
    }
    sides2_half1
    {
        type            cyclic;
    }
    inout1_half0
    {
        type            cyclic;
    }
    inout1_half1
    {
        type            cyclic;
    }
    inout2_half0
    {
        type            cyclic;
    }
    inout2_half1
    {
        type            cyclic;
    }
}


// ************************************************************************* //
