/*--------------------------------*- C++ -*----------------------------------*\
| =========                 |                                                 |
| \\      /  F ield         | OpenFOAM: The Open Source CFD Toolbox           |
|  \\    /   O peration     | Version:  5.0                                   |
|   \\  /    A nd           | Web:      www.OpenFOAM.org                      |
|    \\/     M anipulation  |                                                 |
\*---------------------------------------------------------------------------*/
FoamFile
{
    version     2.0;
    format      ascii;
    class       volScalarField;
    location    "0";
    object      p;
}
// * * * * * * * * * * * * * * * * * * * * * * * * * * * * * * * * * * * * * //

dimensions      [0 2 -2 0 0 0 0];

internalField   nonuniform List<scalar> 
7200
(
1.02305e-05
-8.59487e-05
-2.25506e-05
4.57814e-05
4.74088e-05
-2.3499e-05
2.08711e-05
0.000140121
0.000117377
3.31957e-05
-4.02943e-05
-0.000114717
-1.14033e-05
0.000110708
7.74482e-05
6.88864e-05
0.000170911
0.000164208
0.000112809
9.07168e-05
7.12747e-06
-9.1999e-05
-2.58919e-05
5.83159e-05
2.03523e-05
-2.47389e-05
1.97131e-05
0.00014056
8.0565e-05
1.15414e-05
-4.10406e-05
-9.96607e-05
-1.37992e-05
0.000109554
7.57508e-05
6.68198e-05
0.000180122
0.000165224
0.000111987
8.59445e-05
-7.48102e-05
-0.000118468
-4.06209e-05
3.95012e-05
1.91322e-05
-3.15103e-05
6.88795e-05
0.000142081
8.51861e-05
1.28597e-05
-8.75864e-05
-0.000109428
3.88279e-05
9.7752e-05
6.49662e-05
6.11675e-05
0.000173978
0.000155882
9.21096e-05
8.36127e-05
-5.66121e-05
-0.000167871
-4.81454e-05
3.69218e-05
1.94599e-05
-2.31775e-05
1.57174e-05
0.000164774
0.000103613
2.56143e-05
-4.47722e-05
-0.000143229
-4.82732e-05
6.11902e-05
9.29918e-06
9.80186e-05
0.000168489
0.000177683
0.000134016
0.000101116
2.12497e-05
-0.000150385
-0.000104525
-1.96726e-05
1.894e-05
-2.29965e-05
3.49941e-06
0.00012149
0.000120733
7.06975e-05
-4.52794e-05
-0.000132191
-8.05196e-06
0.000107172
-2.52595e-05
-5.4558e-06
0.000153721
0.000165305
0.000100143
9.71382e-05
0.000124059
-0.000164257
-0.000193718
-7.04831e-05
2.2528e-05
-1.57193e-05
2.68099e-05
0.000104694
9.1326e-05
6.86239e-05
-4.20182e-05
-0.000105917
5.32729e-05
0.000215882
1.36392e-05
-4.35997e-05
0.000131637
0.000154708
0.000159426
0.00015521
0.000172824
-5.86408e-05
-0.000166724
-5.44611e-05
1.59734e-05
-7.90779e-06
-1.16377e-05
6.76686e-05
6.44593e-05
2.45091e-05
-2.64337e-05
-7.71399e-05
4.72983e-05
0.000242015
0.000117825
-1.65296e-05
8.71867e-05
0.000133224
0.000174204
0.000157835
0.000164549
5.93314e-05
-3.87951e-05
-5.51853e-05
1.91416e-05
-6.66732e-06
-1.64673e-05
5.55257e-05
5.85443e-05
3.31473e-05
-9.6163e-06
-4.02148e-05
8.15438e-05
0.000185527
0.000118652
1.36511e-05
5.39406e-05
0.000129279
0.000179947
0.000168258
0.000119223
9.03926e-05
4.42932e-05
8.49191e-07
1.99533e-05
-2.0873e-05
-3.68027e-06
6.77162e-05
7.92776e-05
5.54037e-05
-1.54226e-05
-2.97253e-06
8.03068e-05
0.000138842
0.000135976
2.84495e-05
4.00786e-05
8.61706e-05
0.000159017
0.000149419
8.05211e-05
5.20276e-05
3.93825e-05
4.83497e-05
4.47397e-05
-1.12126e-05
-4.30614e-05
-2.07577e-05
5.26389e-05
5.75491e-05
4.91531e-05
5.97714e-06
1.99455e-05
0.000109777
0.000161627
4.61444e-05
2.76398e-05
7.08276e-05
0.000147604
0.00014459
9.95352e-05
7.14172e-05
2.36059e-05
5.31906e-05
4.3318e-05
-5.27443e-07
-1.8161e-05
-2.8753e-05
-1.30211e-05
1.02469e-05
5.95272e-05
4.99407e-05
1.91863e-05
0.000141589
0.000173207
3.40947e-05
-4.41573e-05
2.68108e-05
0.000141508
0.000112511
0.000109433
7.05344e-05
8.50151e-06
-2.75878e-06
6.98046e-06
2.38279e-05
1.808e-05
-2.38312e-06
1.11952e-05
4.39371e-05
7.40352e-05
8.32853e-05
4.20106e-05
5.10489e-05
0.000111276
2.77532e-05
-2.9056e-05
3.06798e-05
7.63575e-05
0.00010017
0.000111411
2.56969e-05
-4.81889e-05
-2.86834e-05
2.84501e-05
-1.47177e-05
-1.66465e-05
3.79396e-05
8.66901e-06
6.36753e-06
-2.08525e-06
-4.39529e-05
2.03329e-05
0.00014761
0.000182813
0.000170747
0.000233392
0.000268619
0.000215674
0.000162072
0.000124163
0.000134774
-5.22485e-05
2.01916e-05
3.87661e-05
-1.51533e-05
-1.7791e-05
3.38648e-05
8.01211e-06
-1.95991e-05
-2.17699e-06
-3.84631e-05
1.91445e-05
0.000173092
0.000169156
0.000169564
0.000246854
0.000188747
9.52242e-05
0.000164856
8.0286e-05
-2.92468e-05
2.46441e-05
8.29845e-06
3.20264e-05
-2.41519e-05
-1.87751e-05
3.084e-05
-4.49327e-05
-1.84743e-06
6.15854e-06
7.84949e-06
5.2003e-05
0.000171726
0.000178857
0.000168473
0.000250246
0.00015443
9.61336e-05
6.30573e-05
8.08825e-05
0.000115716
-2.33357e-06
-3.20331e-05
-2.45462e-06
-5.09956e-05
-6.43729e-05
-6.89771e-05
-7.22439e-05
2.82603e-05
6.67177e-06
-1.2253e-05
-3.72917e-05
0.000144863
0.000156775
0.000158885
0.000225967
0.000260364
8.34324e-05
7.43616e-05
4.80475e-05
9.13144e-06
-6.84776e-06
-8.94366e-05
-2.93658e-05
-4.72132e-05
-6.4115e-05
-4.23122e-05
-4.68042e-05
6.55293e-07
8.53634e-06
-0.00010554
-5.48394e-05
5.8144e-05
0.000128019
0.000126331
0.000165531
0.000148706
9.42176e-05
0.000259637
0.000191446
5.82167e-05
6.18365e-05
-5.75777e-05
-6.49065e-05
-9.0941e-05
-0.000129665
-6.96256e-05
-7.87018e-05
-1.93474e-05
-2.90272e-06
-7.30208e-05
-9.02655e-05
7.54896e-05
0.000116105
9.55016e-05
0.000135135
0.000176218
0.000105427
0.000161115
0.000206654
7.97251e-05
5.03255e-05
-1.15808e-05
-9.30427e-06
-8.59975e-05
-7.55012e-05
-3.68094e-05
-5.92454e-05
-3.30887e-05
1.55684e-05
-4.86814e-05
-7.25122e-05
-7.65834e-05
0.000115851
0.000119484
7.25573e-05
8.36731e-05
0.000115278
0.000229397
0.000260425
0.000132662
3.3018e-05
-6.32263e-05
-1.9613e-05
-2.56964e-05
-4.57109e-05
-2.88654e-05
3.86158e-06
-5.93113e-05
-3.52816e-05
-3.47294e-05
-5.01244e-05
-2.92604e-05
0.000149201
0.000107293
8.19909e-05
0.000104762
0.000139399
0.000178874
0.000168994
0.000162364
0.000115353
0.000154949
2.8988e-06
-6.76605e-05
-6.90048e-05
5.64873e-05
-1.48696e-05
-2.58018e-05
-2.41057e-05
-1.55962e-05
9.87118e-07
3.40041e-05
9.09247e-05
4.47258e-05
2.12456e-05
9.48153e-05
0.000131457
0.000143341
0.000111051
0.000113697
0.000180025
0.000180491
2.13858e-05
-4.85534e-05
-6.21165e-05
-7.04129e-06
-1.26435e-05
3.94373e-06
1.27697e-05
-7.48559e-06
3.87975e-05
0.000109947
7.51098e-05
5.25734e-05
4.39869e-05
5.85746e-05
0.000106312
0.000101434
0.000136775
0.000119608
9.49486e-05
0.000124715
8.63941e-05
-9.48389e-06
-3.13099e-05
-1.81395e-05
-4.25203e-05
-1.62591e-06
3.21154e-05
2.57299e-05
3.4144e-05
6.69242e-05
0.000115492
5.17268e-05
1.79013e-05
6.45727e-05
0.000133958
0.000125508
0.000122624
0.000109897
6.7106e-05
7.1024e-05
5.15642e-05
3.38136e-05
2.77496e-05
1.7501e-05
2.09817e-05
3.10501e-05
4.8077e-05
4.08716e-05
2.14157e-05
3.56e-05
6.84915e-05
5.78358e-05
1.82782e-05
7.12359e-05
9.83446e-05
0.000107666
0.000131598
0.000421354
0.000418959
0.000204579
9.60319e-05
4.91175e-05
-6.7998e-06
-3.49158e-05
-5.17443e-05
-3.90923e-06
4.88891e-05
6.27703e-05
6.49443e-05
9.26363e-05
0.000139403
9.23128e-05
1.63417e-05
-8.25095e-05
-8.45821e-05
-2.40291e-05
0.000126618
0.00047157
0.000423034
0.000144986
9.64837e-05
4.91523e-05
-1.88844e-05
-3.54469e-05
-4.17149e-05
-4.56492e-06
4.85885e-05
6.45671e-05
6.84631e-05
0.000118137
0.00013221
9.15493e-05
-2.90352e-05
-8.65511e-05
-8.82679e-05
-2.75771e-05
0.000223097
0.000422952
0.000439448
0.000148795
9.69961e-05
4.80027e-05
-9.61681e-06
-3.7829e-05
-4.35968e-05
-5.27122e-06
4.70599e-05
5.68499e-05
6.04572e-05
9.324e-05
0.000140386
8.01955e-05
-4.20033e-05
-0.000100948
-7.72746e-05
-3.9253e-05
7.10517e-05
0.000424592
0.000487727
0.000160815
7.89506e-05
1.36711e-05
-2.92161e-05
-4.75633e-05
-4.66635e-05
2.71031e-05
5.35081e-05
3.66635e-05
3.21229e-05
7.29144e-05
0.000133117
2.56558e-05
-3.90326e-05
-0.000106202
-0.000101092
-5.68587e-05
3.09676e-05
0.00048565
0.000518745
0.00027432
7.42797e-05
8.47618e-06
-2.02396e-05
-6.57611e-05
-6.76461e-05
-6.59767e-06
5.99086e-05
2.66543e-05
2.63359e-06
7.81762e-05
0.000101586
-1.76501e-05
-5.18147e-05
-6.83287e-05
-8.08232e-05
-5.66407e-05
1.94581e-05
0.000384335
0.00049076
0.000316307
5.80443e-05
-2.36984e-06
-2.02578e-05
-4.5987e-05
-7.45325e-05
-5.77034e-05
1.27337e-05
3.30634e-05
-2.96565e-05
5.48002e-05
7.93662e-05
-5.06728e-05
-4.12256e-05
-3.59922e-05
-4.2498e-05
-4.23832e-05
7.47285e-05
0.000187193
0.000387769
0.000359714
3.39642e-05
-6.11255e-06
-2.27999e-05
-3.35106e-05
-0.000121668
-0.000128315
-4.53794e-05
9.9074e-07
-4.15569e-05
-4.68102e-05
3.40141e-05
-6.61338e-05
-6.49059e-05
-4.28477e-05
-2.4134e-05
-1.00985e-05
6.08585e-05
0.000174908
0.000314661
0.000261536
8.34421e-05
-2.74986e-05
-3.29405e-05
-1.28194e-05
-0.000102582
-0.000141274
-0.000108088
3.37921e-06
-7.12519e-05
-4.07109e-05
1.09571e-05
-2.19186e-05
-3.19632e-05
-4.17898e-06
5.26555e-06
-4.76461e-06
5.06283e-05
0.000117367
0.000174125
0.000209476
4.72415e-05
-6.64056e-06
-2.01456e-05
3.66644e-05
-1.10776e-06
-2.4465e-05
-3.83991e-05
-8.11653e-06
3.32299e-05
5.15807e-05
3.00491e-05
-5.13233e-05
-1.6167e-05
3.55569e-05
5.36033e-05
2.72452e-05
7.88751e-05
0.000128372
0.000157328
0.000155811
0.000123581
6.99711e-05
1.27711e-05
1.27002e-05
-2.98698e-06
4.08432e-05
2.68832e-05
-1.50835e-05
5.91601e-05
8.30375e-05
2.57731e-05
-1.92795e-06
1.40126e-05
6.08518e-05
7.9989e-05
6.32706e-05
9.95893e-05
8.51267e-05
0.000103921
0.000114589
0.00012116
5.28277e-05
-1.52926e-05
4.29989e-06
3.3306e-05
4.49512e-05
6.96021e-05
5.88897e-05
3.3679e-05
4.70847e-05
5.13765e-05
5.22594e-05
4.97994e-05
7.05653e-05
0.000105685
0.000117159
0.00011189
9.44812e-05
9.69017e-05
0.000102932
8.16016e-05
5.8182e-05
3.8495e-05
2.9257e-05
4.85211e-05
6.93275e-05
7.97308e-05
5.04027e-05
2.54433e-05
3.03477e-05
5.20209e-05
4.08518e-05
3.35451e-05
7.3326e-05
9.53613e-05
0.000114126
0.000253569
0.000407544
0.00033478
0.000153543
9.49499e-05
7.945e-05
1.65094e-05
-2.32768e-05
-2.68499e-05
2.88614e-05
7.13465e-05
7.29376e-05
6.11061e-05
7.17973e-05
7.91825e-05
6.36917e-07
-6.63422e-05
-8.09348e-05
-2.25232e-05
8.33075e-05
0.000332297
0.000409865
0.000336911
0.000154186
9.47034e-05
7.91602e-05
1.60683e-05
-2.33862e-05
-8.52223e-06
2.92384e-05
7.53519e-05
7.28817e-05
5.93918e-05
7.19547e-05
7.97476e-05
-3.54143e-05
-6.97799e-05
-7.26662e-05
-2.57011e-05
8.05518e-05
0.000249072
0.000418993
0.000345165
0.000110845
9.70145e-05
7.82525e-05
-4.05184e-06
-2.41711e-05
-8.09963e-06
5.28913e-05
7.42055e-05
6.44908e-05
5.49702e-05
8.17005e-05
5.05019e-05
-1.30078e-05
-8.81333e-05
-9.14869e-05
-3.37779e-05
7.06625e-05
0.000335426
0.000452493
0.000371101
0.000108721
9.236e-05
5.23658e-05
1.50024e-05
-3.36562e-05
-2.60871e-05
3.87661e-05
7.7594e-05
4.9844e-05
3.3107e-05
7.59134e-05
7.50418e-05
-7.57902e-05
-8.95591e-05
-8.52289e-05
-3.69682e-05
8.81665e-05
0.000291554
0.000467741
0.000397592
0.000104408
9.92448e-05
8.32283e-05
2.28442e-05
-2.07247e-05
1.18924e-05
5.63092e-05
8.48197e-05
4.17753e-05
1.5016e-05
6.94113e-05
7.84526e-05
-6.6068e-05
-5.69843e-05
-6.61681e-05
-4.88329e-05
-4.12567e-06
0.000170829
0.000412537
0.000397716
8.85806e-05
7.83436e-05
7.45474e-05
2.77244e-05
-1.00331e-05
1.06392e-05
7.8084e-05
9.81865e-05
3.17792e-05
-4.79181e-06
6.94482e-05
5.53124e-05
-2.13875e-05
-2.98367e-05
-6.16376e-05
-8.34734e-05
-6.09708e-05
3.87866e-05
0.000300127
0.000368676
0.000104777
3.42841e-05
2.40138e-05
3.45447e-05
-1.15034e-05
-3.5819e-05
4.07118e-06
5.44484e-05
2.94239e-05
-2.22591e-05
2.3419e-05
4.66691e-05
-2.00629e-05
-4.90854e-05
-2.59313e-05
-6.11654e-05
-8.11825e-05
1.67266e-05
0.000171291
0.000360972
0.000305247
3.01868e-06
1.53591e-05
4.2778e-05
8.28017e-05
-6.1203e-05
-3.88281e-05
-2.1222e-05
2.87243e-05
-1.70712e-05
9.91147e-06
2.06306e-05
-4.00345e-05
-2.60552e-05
-1.24029e-05
-5.99723e-06
-4.66196e-05
-1.59912e-05
0.000149778
0.0002175
0.000251365
6.73096e-05
3.38643e-05
-2.57615e-06
7.68861e-05
3.00359e-05
1.68426e-05
-2.08462e-05
1.57964e-05
3.56755e-05
5.48312e-05
-4.73122e-05
-5.23108e-05
-6.52091e-06
5.07124e-05
7.17042e-05
-1.33303e-05
2.38831e-05
0.000106556
0.0001431
0.000129664
0.000123038
7.08305e-05
2.70622e-05
2.70673e-05
7.41108e-05
8.46208e-05
3.07049e-05
-5.69936e-05
3.31796e-05
8.21798e-05
1.09392e-06
-2.35015e-05
6.92113e-06
7.4172e-05
0.000117684
5.33368e-05
4.59572e-05
5.43191e-05
0.000104293
0.00011446
0.000111001
5.87339e-05
7.37243e-06
2.08497e-05
4.74396e-05
8.18835e-05
6.72075e-05
-1.77696e-05
-3.60392e-05
3.53729e-05
2.75979e-05
2.01304e-05
4.34905e-05
8.20967e-05
0.000140705
0.000122233
0.000104923
9.69063e-05
0.000105772
0.000108581
9.2919e-05
7.8652e-05
2.38632e-05
1.52967e-05
6.89973e-05
0.000103607
0.000104152
5.98655e-05
3.35062e-05
2.10482e-05
3.91503e-05
1.96828e-05
2.86969e-05
7.43427e-05
9.26105e-05
0.000113339
0.00016879
0.000178761
0.000112459
3.04036e-05
9.56012e-05
0.000166996
5.7145e-05
-3.48904e-05
-1.63654e-05
6.49388e-05
0.00012132
0.000121922
8.71683e-05
2.91153e-05
-6.90944e-06
4.64228e-06
6.06777e-05
8.3747e-05
9.16739e-05
0.000137378
0.000113848
0.000178503
0.000111377
2.83226e-05
9.45899e-05
0.000169013
-1.18266e-05
-3.52815e-05
1.56599e-05
6.53893e-05
0.000157463
0.000162771
0.000125956
8.25416e-06
-7.92628e-06
5.83037e-06
0.000109734
8.46518e-05
9.12219e-05
0.000137125
0.000166641
8.80596e-05
0.000106566
2.09944e-05
0.000146449
0.000132347
4.34344e-05
-6.2113e-05
2.35462e-05
0.000119963
0.000158779
0.000155298
0.000126439
3.26998e-05
-1.28378e-05
3.6922e-05
9.06927e-05
0.000124609
0.000106194
0.000145207
7.88305e-05
4.38842e-05
9.95397e-05
-1.08483e-05
0.000146941
0.000194952
4.96925e-05
-7.68445e-05
-2.34117e-05
8.70444e-05
0.000157486
0.000104638
5.18818e-05
3.05677e-05
-1.34727e-05
4.32174e-05
0.000132725
0.000128246
8.20723e-05
0.000137073
6.59489e-05
1.25424e-05
-7.46631e-06
-3.64106e-05
0.000132931
0.000176638
5.17644e-05
-4.71655e-05
2.44832e-05
6.81996e-05
0.000153829
0.000158411
7.65275e-05
2.36434e-05
-4.47772e-06
6.02744e-06
0.000144372
9.43011e-05
0.000120612
0.000133611
1.49066e-05
-2.22756e-05
2.15948e-06
-1.72236e-05
4.12824e-05
0.000163115
2.89025e-06
-0.00013038
-5.02612e-06
8.07761e-05
0.000147382
0.000156443
8.57272e-05
3.93079e-05
-3.82999e-06
-1.1107e-06
0.000118072
5.22866e-05
9.70165e-06
9.05255e-05
7.22585e-05
7.63709e-05
1.20419e-05
-3.51925e-05
7.82357e-05
0.000129305
6.83612e-05
-8.46096e-05
-9.97579e-05
2.40957e-05
9.51978e-05
0.000130995
0.000129362
5.11501e-05
-1.92545e-05
3.38172e-05
0.000101876
0.000103348
0.000110772
3.77267e-05
8.89231e-05
6.64613e-05
5.27748e-05
2.01348e-05
2.61691e-05
0.000129008
9.32044e-05
2.44551e-05
-0.000119326
-8.0512e-05
3.83389e-05
5.24464e-05
0.000100947
5.01628e-05
-5.53031e-05
-5.54426e-06
3.25624e-05
0.000163783
0.000105462
5.02569e-05
7.14883e-06
8.25907e-05
0.000102668
8.46776e-05
-1.09861e-05
9.26386e-05
7.77976e-05
4.94392e-05
-0.000143589
-0.000139806
-0.000129096
-9.80724e-06
9.53232e-05
8.27397e-05
1.34357e-05
-4.39428e-06
-1.44069e-05
0.000130926
0.000110503
1.32037e-05
-1.82333e-05
-2.39156e-06
4.59109e-05
7.98668e-05
9.7538e-05
0.000126926
8.06233e-05
-2.6807e-05
-2.24403e-05
-9.68758e-05
-0.00017231
-0.000172073
-3.6425e-05
8.04243e-05
4.65132e-05
-8.02123e-06
2.17804e-05
0.000125209
0.000149651
3.36066e-05
-1.8782e-05
-6.60086e-06
8.09309e-05
0.00012762
0.000119719
0.000110016
2.4307e-05
2.38909e-05
6.85149e-05
5.43982e-05
-4.34503e-05
-0.000133597
-0.000181056
-0.000127293
-0.000102698
-6.42648e-05
5.35771e-05
9.76327e-05
0.000148778
0.000127935
9.41965e-05
8.31224e-05
8.68117e-05
0.000111742
8.87565e-05
0.000124731
8.65267e-05
8.20462e-06
7.70587e-05
0.000111295
9.07135e-05
4.96994e-05
2.69537e-05
-4.31432e-05
-8.91832e-05
-4.10142e-05
2.44031e-05
7.89624e-05
9.86182e-05
0.000102889
6.25296e-06
-1.30272e-05
1.7434e-05
3.40628e-05
9.66944e-05
0.000123625
1.84668e-05
-3.82855e-05
2.68327e-05
7.43295e-05
0.000173482
0.000209496
0.000227689
9.40504e-05
-3.95116e-05
-1.22713e-05
7.74167e-05
0.000146632
0.000133117
6.29034e-05
5.19772e-06
-6.32154e-06
2.55161e-05
3.4462e-05
0.000123256
0.000123812
1.84535e-05
-8.82212e-06
3.7281e-05
7.35341e-05
0.000174075
0.000209808
0.0001944
2.2438e-05
-4.57975e-05
2.07342e-05
7.76722e-05
0.000152374
0.000134347
3.92472e-05
-2.63829e-06
-1.23929e-05
1.59719e-05
5.07363e-05
0.000123496
0.000124512
1.72906e-05
-4.84838e-06
2.61101e-05
0.0001129
0.000174948
0.000209282
0.000195338
9.06826e-05
-5.1752e-05
-1.5805e-05
0.000115964
0.000157274
0.000136707
3.24155e-05
-4.63025e-05
-3.30957e-05
8.90826e-06
3.85474e-05
0.00011937
0.000120005
-1.11828e-06
-6.94904e-05
-9.06715e-06
5.13313e-05
0.000185952
0.000193124
0.000222813
7.29112e-05
-7.39767e-05
-2.66791e-05
0.000124116
0.000164767
0.000144975
2.50092e-06
-6.43028e-05
-4.259e-05
2.80553e-05
4.5998e-05
0.000111063
0.000106719
-3.85723e-05
-0.000101542
-9.16516e-05
0.00010303
0.00017993
0.000170739
0.000191207
-5.05423e-05
-0.000100437
5.41661e-06
0.000135174
0.000175941
0.000111162
-1.06907e-05
-6.21039e-05
-3.1348e-05
3.54968e-05
4.82191e-05
9.60961e-05
3.25713e-05
-6.97666e-05
-0.000148767
-0.000111793
9.29188e-05
0.000190571
0.000160486
0.000168264
-8.59008e-06
-0.000157779
-7.62066e-05
9.13206e-05
0.000202922
0.000167177
3.27516e-05
-4.38141e-05
-4.63905e-05
4.54369e-05
5.22994e-05
8.40306e-05
-2.85698e-06
-9.72816e-05
-0.000158932
-0.000137797
6.28402e-05
0.000176046
0.000168796
0.000143939
-9.30696e-06
-0.000162331
-3.0243e-05
7.67323e-05
0.000239386
0.000184637
1.82948e-05
-7.11649e-06
-6.22995e-05
4.37446e-05
7.436e-05
8.91055e-05
3.33229e-05
-3.24969e-06
-1.13227e-05
-0.000111237
8.66093e-06
0.000113412
0.000179672
0.000161248
1.94486e-05
-0.000125959
-6.17513e-05
0.000118486
0.000198936
0.00019776
9.50214e-05
-9.49586e-07
-4.02396e-05
-1.58242e-05
8.37349e-05
8.28602e-05
2.15827e-05
3.2559e-05
5.11123e-05
-2.41093e-05
-1.97528e-05
8.42275e-05
0.00012802
0.000174156
4.89653e-05
-7.53631e-05
-5.20727e-05
4.76141e-05
0.000147396
0.000180471
0.000107913
4.89266e-05
-3.34234e-06
3.51899e-05
8.31524e-05
8.7148e-05
6.09541e-05
5.07822e-05
5.3234e-05
-3.09926e-05
-4.23337e-05
-1.1119e-05
5.09357e-05
9.78563e-05
1.25074e-05
-3.55498e-05
-3.98213e-05
6.95605e-05
0.000140131
0.000168784
0.000137138
7.79427e-05
9.17457e-06
8.68793e-05
0.000110131
8.6494e-05
6.10253e-05
5.10768e-05
3.18528e-05
5.63633e-06
-3.68863e-07
2.44145e-05
1.85027e-05
3.93434e-05
3.04452e-05
-6.14646e-06
2.93042e-05
6.21503e-05
8.67175e-05
0.000115658
0.000126629
8.77612e-05
6.79442e-05
4.28309e-05
8.38011e-05
8.19655e-05
8.44576e-05
7.08219e-05
1.61675e-05
2.8888e-05
5.64016e-05
7.59353e-05
7.23372e-05
4.18795e-05
2.06988e-05
3.70879e-06
-1.0083e-05
4.58636e-05
7.3649e-05
0.000102331
0.000100387
-1.83747e-05
-2.88649e-05
4.62309e-06
3.07427e-05
0.000117618
9.86027e-05
-5.3395e-05
-6.96369e-05
8.92152e-05
9.75338e-05
0.00018747
0.000240982
0.00030755
0.00016944
-8.11877e-06
-1.24108e-05
4.59358e-05
0.000110194
9.30701e-05
1.25861e-05
-1.95495e-05
-2.12506e-05
4.13427e-06
2.92475e-05
0.000133278
9.85184e-05
-5.4524e-05
-7.21133e-05
9.55315e-05
9.74965e-05
0.000211625
0.000240358
0.000282271
0.000170262
-9.0651e-06
6.85369e-06
4.50953e-05
0.000119095
9.33837e-05
1.17761e-05
-3.05765e-05
-4.16198e-05
2.43585e-06
2.26973e-05
0.000114172
9.9272e-05
-5.82243e-05
-8.05083e-05
0.000103645
0.000126409
0.000187342
0.00027665
0.000314531
0.000169904
-1.53185e-05
-1.74351e-05
4.10635e-05
0.000120786
5.4768e-05
3.29346e-06
-8.24903e-05
-7.34942e-05
-1.64569e-05
5.53999e-05
0.000102694
9.44638e-05
-0.000127961
-6.17512e-05
8.64831e-05
9.29151e-05
0.000185758
0.000266138
0.000292182
0.000156846
-4.23409e-05
-1.8228e-05
6.10586e-05
0.000125519
6.11583e-05
-3.71225e-05
-0.000100537
-0.000109084
-1.37621e-06
4.21461e-05
0.000121738
8.44729e-05
-5.99942e-05
-0.000178688
6.34623e-06
9.52413e-05
0.000199265
0.000257666
0.000318633
2.17861e-05
-7.65797e-05
-6.14879e-05
3.82924e-05
0.000190332
0.00017343
7.08126e-06
-6.07503e-05
-0.000118594
-5.72642e-05
5.85325e-05
0.000119257
5.73605e-05
-8.26246e-05
-0.000192559
6.07156e-06
1.35989e-05
0.000119792
0.000239602
0.000283841
-2.52386e-05
-0.000151507
-0.000146987
-8.06496e-05
0.000141085
0.000252277
1.01174e-05
-5.59061e-05
-8.82699e-05
1.05083e-05
6.54109e-05
0.000141103
-8.66517e-05
-0.000236137
-0.000261599
-3.87562e-05
2.53688e-05
0.000106061
0.000201608
0.000293417
8.56271e-05
-0.000180421
-0.00015478
-9.05188e-05
0.000132487
0.000256978
7.87488e-05
-2.70283e-05
-8.72934e-05
9.98719e-06
7.86767e-05
0.000134003
1.20292e-05
-0.00017203
-0.000159832
-8.03947e-05
4.38177e-05
0.000107977
0.000192602
0.000299238
0.000112408
-0.000136705
-8.13867e-05
-2.71281e-05
0.000128104
0.000208417
0.000135306
5.43118e-06
-6.48344e-05
-1.34671e-05
0.000121333
0.000123791
-3.17508e-05
-3.18893e-05
1.09013e-05
-7.05275e-05
-3.88131e-05
8.13486e-05
0.000132279
0.000215668
5.18051e-06
-0.000121397
-4.46116e-05
2.00686e-05
0.000129897
0.00016872
0.000104895
4.25833e-05
1.61144e-05
4.67224e-05
0.000103367
0.000103131
6.15382e-05
6.75291e-06
2.49138e-05
-9.83559e-06
-9.44814e-06
4.58615e-05
8.9936e-05
0.000125427
7.89342e-05
-6.06584e-05
-4.90101e-05
7.70282e-05
0.000137862
0.000150001
0.000111601
9.75289e-05
6.55598e-05
5.70929e-05
9.18827e-05
7.62307e-05
4.62675e-05
3.42733e-05
2.8702e-05
9.2776e-06
2.18154e-05
4.57304e-05
4.58823e-05
7.82758e-05
6.39088e-05
1.19097e-05
2.5908e-05
7.75409e-05
8.98988e-05
0.000118835
0.000134553
0.000119324
0.000128972
9.05584e-05
7.84589e-05
8.21859e-05
8.26421e-05
6.36106e-05
2.52235e-05
3.33154e-05
5.4367e-05
8.53272e-05
6.1572e-05
4.36955e-05
2.3709e-05
3.15638e-05
2.95616e-05
7.36348e-05
9.16674e-05
0.00010364
0.000106004
7.82173e-05
8.67716e-05
3.29574e-05
0.000274285
0.000440755
9.11146e-06
-0.000154695
-0.00029342
-0.000119734
0.000182949
0.000383565
0.000316788
0.000303558
0.000236587
5.50003e-05
8.82462e-06
7.3334e-05
9.07271e-05
8.45386e-05
7.06691e-05
9.94637e-05
6.26395e-05
3.03789e-05
0.000478887
0.000448044
5.11494e-06
-0.000159839
-0.000297955
-1.28162e-07
0.000286182
0.000383396
0.000290874
0.000303546
0.000237087
5.47594e-05
8.58158e-06
7.32727e-05
8.96812e-05
8.21888e-05
6.95981e-05
9.73451e-05
6.54996e-05
2.88596e-05
0.000243525
0.000468027
-8.67133e-05
-0.000239997
-0.000316599
-0.000139533
0.00027163
0.000384146
0.000289625
0.000304319
0.000163375
9.57419e-06
3.67319e-05
7.54045e-05
8.44203e-05
6.69796e-05
4.89958e-05
6.23568e-05
7.68183e-05
1.00659e-05
0.000167301
0.000469402
-0.000103263
-0.000232081
-0.000346867
-0.000218536
0.000187526
0.000296005
0.000278334
0.000299994
0.000233915
1.94365e-06
1.20804e-05
0.000100363
9.67249e-05
6.71115e-05
2.3804e-05
4.04421e-05
7.73614e-05
5.04856e-05
0.000121821
0.000280759
-2.99026e-05
-0.000157103
-0.000317633
-0.0001406
2.70698e-05
0.000206623
0.000220885
0.000262239
0.000193744
-1.86125e-05
1.21301e-05
0.000103939
0.00010212
7.02739e-05
2.9489e-05
8.11069e-05
0.000115955
9.80842e-05
0.000202577
0.000299051
-0.000122093
-6.02218e-05
-0.000191749
-0.00010867
7.23952e-05
0.000189769
0.000177979
0.000200735
0.000117064
-4.47226e-05
1.28143e-05
0.000116787
8.55136e-05
6.14307e-05
3.65216e-05
7.85102e-05
0.000126944
0.000128339
0.000127809
0.000190225
5.98722e-05
-6.9314e-05
-0.000139876
-0.000161351
5.95457e-05
0.000159022
0.00016106
0.000191317
8.25266e-05
-8.31809e-05
7.94152e-05
0.000125851
8.42968e-05
5.91111e-05
5.76732e-05
4.17296e-05
8.17469e-05
0.00011739
0.000118759
0.00014961
7.47806e-05
-9.1607e-05
-0.000192093
-0.000143114
4.33243e-05
0.000164599
0.000181713
0.000229663
3.40532e-05
-9.05038e-05
-4.08722e-05
5.56803e-05
0.000100422
8.25141e-05
7.39488e-05
5.62585e-05
6.79384e-05
8.93407e-05
9.51123e-05
0.000109826
-2.17489e-05
-8.94094e-05
-0.000111455
-5.69659e-05
1.78312e-05
0.000123324
0.000181731
0.000207034
0.00012352
-0.000113777
-5.23628e-05
2.15397e-05
0.000103355
0.000119042
0.000129231
8.91804e-05
5.9498e-05
7.93119e-05
7.53762e-05
8.17399e-05
5.34112e-05
-2.9934e-05
-4.2747e-05
-3.95289e-05
1.0769e-05
9.94874e-05
0.000147846
0.000166856
0.000128624
-3.98851e-05
-2.3435e-05
4.53074e-05
9.15083e-05
0.000106729
0.000131576
0.000100803
3.24252e-05
3.75253e-05
5.78826e-05
6.87813e-05
2.54579e-05
-6.55382e-06
-1.66114e-05
1.74268e-05
5.7007e-05
8.57413e-05
0.000110538
0.000117972
0.000102264
1.80188e-05
2.52198e-05
0.000103986
0.000125062
0.000110249
0.000111349
0.000109627
0.000106568
8.91255e-05
9.62769e-05
0.000104099
9.48853e-05
6.902e-05
3.4953e-05
3.83917e-05
6.70381e-05
8.20772e-05
7.56997e-05
5.55594e-05
4.82643e-05
2.98467e-05
1.36893e-05
8.45552e-05
0.000114207
0.000105455
0.000103867
8.01441e-05
0.000103974
0.000129219
7.93345e-05
6.31863e-06
3.20949e-05
0.000201932
-0.000146852
-0.00010171
0.00013275
0.000261893
0.000175609
0.000247912
0.000206197
2.46078e-05
-3.31073e-05
0.000135906
0.000174594
5.28327e-05
2.33523e-05
8.02647e-05
0.000112727
0.00012986
7.77851e-05
-2.68419e-05
2.68929e-05
0.000208983
-0.000146435
-4.34167e-06
0.000208838
0.000232106
0.000179908
0.000248885
0.000134282
-3.17468e-05
-3.55024e-05
0.000137408
0.000176352
5.08459e-05
2.0215e-05
9.82564e-05
0.000111934
0.000118714
4.22283e-05
-1.63461e-05
4.84237e-06
0.000237272
-0.000151793
-0.000116395
0.000195293
0.0002628
0.000177948
0.000252026
0.000206742
1.95141e-05
-4.22554e-05
0.000197401
0.000136468
4.64632e-05
2.62402e-05
8.72381e-05
0.000118951
0.000120086
4.23807e-05
-4.39413e-05
6.66338e-05
0.000310547
-0.00015874
-8.18096e-05
0.000108853
0.00023941
0.00016454
0.000279675
0.000124916
-4.5062e-05
2.11787e-05
0.00021591
0.000172639
3.65476e-05
1.5247e-05
0.000109544
0.000136402
8.03902e-05
-5.36444e-05
-6.15856e-05
3.42145e-05
0.000335094
-0.000118973
-0.000117126
-1.71109e-05
0.000147721
9.90026e-05
0.000251837
0.000186853
-6.59781e-05
-5.37566e-05
0.000220739
0.000176381
9.44283e-05
6.44275e-05
0.000156498
0.000153934
8.06947e-05
-8.62469e-06
-8.46545e-06
9.31938e-06
0.000342921
-4.43586e-05
-5.63124e-05
1.2315e-05
5.76134e-05
-4.4609e-05
5.83161e-05
6.38096e-05
-4.85197e-05
-0.000107247
0.000195384
0.000218472
7.62619e-05
7.71971e-05
0.000136177
0.000149654
7.49216e-05
3.43979e-05
5.87219e-05
4.72515e-05
0.00014691
-1.81378e-05
-0.000129548
-5.00094e-05
2.6822e-05
2.52572e-05
-2.96702e-05
-3.00906e-05
-0.000148609
-4.53975e-05
0.000259651
0.000228624
5.43947e-05
4.55701e-05
0.00013473
0.000104902
7.15847e-05
5.40862e-05
9.47228e-05
0.000119618
5.19266e-05
-3.82628e-05
-2.22348e-05
3.39391e-06
0.000136039
0.000215329
0.000133265
-8.72609e-05
-0.000115407
-8.87916e-05
0.000368476
0.00015641
1.55178e-05
4.5785e-05
0.000106237
7.34039e-05
2.40967e-05
3.38453e-05
9.07978e-05
3.35832e-05
-2.46741e-05
-6.18869e-05
-3.37479e-05
5.596e-05
0.000122085
0.000193677
0.000235615
0.000122537
-8.03449e-05
-5.71151e-05
0.000228388
0.000150679
5.50774e-05
5.77116e-05
8.67395e-05
5.55516e-05
4.46838e-05
6.59165e-05
6.11259e-05
4.4162e-05
-2.30806e-05
-5.20152e-05
-2.08408e-05
3.96416e-05
0.000110637
0.000122385
0.000150494
0.000110625
-1.72011e-05
-2.26531e-05
6.76159e-05
0.000124224
8.46646e-05
8.0961e-05
9.87668e-05
5.43974e-05
5.42132e-05
4.94148e-05
5.43559e-05
5.04713e-05
6.97808e-06
-2.5798e-05
-1.71114e-06
2.54888e-05
8.16181e-05
0.000106187
0.000101489
8.24364e-05
6.69822e-07
2.50494e-05
0.000134156
0.00015316
0.00010145
7.96884e-05
8.54626e-05
7.87307e-05
8.90467e-05
9.4223e-05
8.93125e-05
8.51494e-05
6.73963e-05
4.34092e-05
2.4542e-05
4.09433e-05
6.25501e-05
4.22238e-05
3.97672e-05
8.64842e-05
4.56781e-05
3.91931e-05
9.6755e-05
0.000108889
0.000100762
9.2949e-05
5.87308e-05
0.000121541
0.000146288
6.73225e-05
-3.36952e-05
8.617e-05
0.000123778
-0.000176104
-1.56484e-05
0.000145683
0.000100959
-9.15837e-06
0.000206081
0.000222943
7.30225e-05
-5.45314e-05
0.000112547
0.000249562
0.000103092
3.022e-06
5.61405e-05
0.000135368
0.000146214
6.57489e-05
-1.64646e-05
8.54418e-05
0.000127777
-0.000178727
7.3754e-05
0.000142579
9.76956e-05
4.82373e-05
0.00020611
0.00017208
7.25195e-05
-5.741e-05
0.000201345
0.000254482
0.000103224
-1.56101e-06
4.56094e-05
0.000137705
0.000133081
-2.73814e-07
-3.24002e-05
0.000162801
-2.26822e-06
-0.000174101
-2.08556e-05
0.000122516
1.63175e-05
3.37203e-05
0.000258007
0.000169123
6.94636e-05
-3.89731e-05
0.000208071
0.000227865
3.21263e-05
-2.20198e-05
6.34666e-05
0.000144829
0.000132504
-3.47849e-05
-8.92398e-05
0.000162932
0.000188953
-0.000243711
7.34098e-05
4.26137e-05
-2.45797e-06
-9.53097e-05
0.000248717
0.000154851
-3.44045e-06
-2.70743e-05
0.000206039
0.000246422
2.82882e-05
-4.08167e-05
7.39952e-05
0.000127499
0.000122613
1.86764e-05
-8.79654e-05
4.89526e-05
0.000210449
-0.000280764
6.66724e-05
3.74331e-06
-0.00015836
-0.000220638
0.000138052
0.000156732
7.2095e-05
-1.23588e-05
0.000205752
0.000258949
9.73805e-05
-3.07085e-06
8.79375e-05
0.000128824
0.000118828
4.80658e-05
-8.80025e-05
4.70464e-05
0.000186636
-0.000328407
6.2001e-05
4.0954e-06
-0.000186402
-0.00023135
0.000142104
0.000146609
5.6007e-05
-6.35454e-06
0.00021204
0.00021459
0.000100608
-2.04106e-05
0.00011863
0.000124216
9.15979e-05
6.20054e-05
-5.4389e-05
8.31733e-05
3.64544e-05
-0.000193539
-5.94047e-05
2.98827e-05
-4.23175e-05
-0.000187352
-2.13196e-05
3.83116e-05
3.6078e-05
-2.63889e-05
0.00017009
0.000212592
0.000107919
-3.24259e-05
0.000120684
0.00012833
4.8521e-05
5.94718e-05
9.03798e-06
2.35784e-05
5.28253e-05
-0.000130475
7.89283e-05
1.28753e-05
1.56355e-05
-1.044e-05
7.43084e-05
-5.25205e-05
-0.000142121
-0.000112571
0.000346331
0.000198521
5.76826e-05
-3.54275e-05
7.55551e-05
2.232e-05
-4.73523e-06
5.7342e-05
4.57831e-05
1.96347e-05
-3.33538e-05
-8.97189e-05
1.51199e-05
6.90691e-05
8.24189e-05
9.94151e-05
0.000141109
-7.8911e-06
-9.02295e-05
-4.95729e-05
0.000288439
0.000253938
6.10641e-07
1.69949e-05
5.86045e-05
4.00756e-05
4.70286e-05
0.00010898
6.68685e-05
1.04219e-05
-3.18525e-05
-5.67694e-05
1.08063e-06
5.26562e-05
8.35204e-05
7.58536e-05
0.000112669
8.36608e-05
-2.90767e-06
1.47776e-05
0.000173219
0.000180327
3.8608e-05
6.84608e-05
7.81264e-05
5.46961e-05
7.24182e-05
7.87556e-05
7.84547e-05
7.54259e-05
1.66952e-05
-2.93513e-05
-1.24246e-05
3.98951e-05
7.30102e-05
8.43557e-05
8.16562e-05
6.90078e-05
2.32211e-05
5.10022e-05
0.000161216
0.000170269
8.07387e-05
7.73531e-05
7.98947e-05
7.03805e-05
7.9433e-05
9.36219e-05
8.99297e-05
8.58719e-05
6.53912e-05
3.94009e-05
1.37929e-05
4.38395e-05
4.98717e-05
2.66158e-05
2.92583e-05
7.67287e-05
4.72526e-05
3.65415e-05
0.000105464
0.000116964
9.83109e-05
9.37929e-05
0.000199396
0.000104852
6.12504e-05
5.35892e-05
7.18311e-05
4.39009e-05
6.35998e-05
-0.000102797
3.66872e-05
0.00022177
0.000212202
0.000148846
0.000163298
0.000192931
0.00019959
0.000107086
7.60526e-05
3.99459e-06
0.000132668
0.000252021
0.000157205
8.27019e-05
5.59514e-05
0.000138511
7.78628e-05
4.34631e-05
3.47533e-06
-9.93294e-05
7.24675e-05
0.00016409
0.000212372
0.000162702
0.000138061
0.000192215
0.000199742
0.000107151
2.99823e-05
8.41838e-07
0.000130416
0.00026573
0.000219357
4.11638e-05
6.36832e-05
5.38643e-05
7.84742e-05
4.6072e-05
1.67393e-05
-5.83205e-05
6.57827e-05
0.000155583
0.000174569
0.00016367
0.000132003
0.000171094
0.00014809
0.00010861
8.21437e-05
4.09436e-05
0.000141176
0.000256704
0.000177612
3.37439e-05
4.03048e-05
0.000108339
0.000117909
5.06577e-05
8.63104e-05
-9.12581e-05
7.4308e-05
0.000116817
0.000148247
0.000156311
0.000148968
0.000143057
0.000169758
0.000128467
5.41932e-05
2.19388e-05
0.000112093
0.000258521
0.00018703
8.28233e-05
1.99311e-05
8.10948e-05
6.99891e-05
4.94815e-05
6.88934e-06
-7.34641e-05
7.68258e-05
0.000130509
0.000120351
0.000144392
0.000153585
0.000141879
6.50664e-05
9.40709e-05
0.00012104
2.55443e-05
3.56097e-05
0.000249019
0.000192309
4.74719e-06
-4.23707e-05
1.13012e-05
2.17485e-05
4.39881e-05
-3.45423e-06
-0.000100735
7.80118e-05
0.000131847
-7.18041e-06
4.39956e-05
0.000139946
0.000133243
3.43803e-05
6.49725e-05
9.33518e-05
5.47674e-05
-5.44464e-06
7.4923e-05
0.000164177
8.385e-05
6.71582e-05
2.33543e-05
-2.14428e-05
-5.27167e-06
1.44477e-05
-9.41561e-05
6.68755e-05
0.000114514
7.56767e-05
1.1322e-05
0.000136796
0.000106107
6.17217e-05
0.000102947
0.000114677
6.66667e-05
5.72927e-05
1.11713e-05
0.000126945
4.72686e-05
-0.000137838
3.91518e-05
1.21142e-05
-6.70285e-05
-1.6261e-06
-0.000114865
3.59172e-05
9.99602e-05
4.83707e-05
-3.42905e-06
0.00013012
0.000110031
-2.27167e-06
3.49539e-05
0.000137853
7.44655e-05
3.2398e-05
-7.32487e-05
1.19453e-07
8.43031e-05
-3.63004e-05
0.000147743
8.10893e-06
-0.000108445
-0.000126018
-0.000114625
-3.94575e-05
6.39099e-05
1.92447e-05
8.8498e-05
0.000108784
8.39084e-05
1.77373e-05
7.59852e-06
0.000139735
5.24581e-05
1.85907e-05
4.85407e-05
2.63966e-05
4.66441e-06
3.28911e-05
0.000116329
0.000132066
5.64667e-05
-0.000110614
-0.000121987
-7.49373e-05
1.81083e-05
4.48485e-05
4.36555e-05
9.65254e-05
6.38243e-05
3.60917e-05
3.42829e-05
0.000126183
0.000138923
0.000102767
5.68834e-05
4.30089e-05
3.85129e-05
7.10948e-05
0.000103559
0.000140624
0.00014514
-3.78025e-05
-7.82434e-05
-6.93451e-05
-1.3655e-05
5.48799e-05
0.000125632
9.78919e-05
3.71496e-05
2.79729e-05
5.67993e-05
0.000110773
0.000130924
0.000108244
8.71156e-05
7.79409e-05
6.21944e-05
7.61987e-05
8.84197e-05
0.000108865
0.000108704
6.02828e-05
2.5896e-05
-9.82808e-06
-1.45775e-06
3.46511e-05
5.70439e-05
9.43416e-05
5.82432e-05
2.42726e-05
2.38478e-05
8.50525e-05
0.000115794
0.000115929
9.55702e-05
0.000131304
4.18095e-05
7.15231e-05
0.00020564
0.00014403
5.80625e-05
2.64076e-05
-4.00717e-05
-6.44408e-06
5.02687e-05
8.42747e-05
0.000124101
0.000171519
0.000166016
0.000197254
8.54276e-05
-1.92418e-05
-4.23125e-05
0.000125745
0.000254608
8.29135e-05
4.01278e-05
6.98635e-05
0.00020912
0.000145887
5.86096e-05
2.53694e-05
-4.20046e-05
1.99044e-05
6.57389e-05
8.32009e-05
0.000151948
0.000172726
0.00018471
0.000167831
8.52514e-05
-2.07883e-05
-4.47449e-05
0.000124197
0.000234188
7.81403e-05
3.50271e-05
6.49029e-05
0.000212572
0.000151825
5.86325e-05
-7.36049e-06
-4.88194e-05
1.74888e-05
6.03412e-05
8.59215e-05
0.000151806
0.000165543
0.000172412
0.000164566
3.00035e-05
-3.19744e-05
-1.06674e-05
0.000114807
0.000233391
0.000133989
2.74198e-05
3.98266e-05
0.000233299
9.76195e-05
2.82009e-05
3.24527e-06
-5.89026e-05
2.48466e-05
5.66888e-05
5.13864e-05
0.000156378
0.000210262
0.000111526
0.000130098
6.82048e-06
-0.000121029
-0.000138442
5.62425e-05
0.000240842
0.000146895
2.92078e-05
1.04729e-05
0.000218827
0.000144895
2.39689e-05
-5.16889e-06
-7.41553e-05
3.71896e-05
8.00989e-05
5.47652e-05
9.99099e-05
0.00024184
0.00013662
6.32972e-05
3.94933e-05
-0.000126953
-0.000200476
-5.71781e-05
0.000248794
0.000107666
3.7524e-05
-2.04535e-05
0.000123396
0.000122863
1.06376e-05
-4.58841e-07
-8.00891e-05
2.47342e-05
0.000100674
7.65232e-05
0.000101224
0.00025646
0.000166503
2.80852e-05
-1.03389e-05
-2.91667e-05
-0.000248733
-0.000198704
0.000213852
7.55355e-05
3.92022e-05
-3.91997e-05
0.000115865
0.000107864
8.29835e-06
8.52583e-06
-8.15436e-05
1.40614e-05
8.38533e-05
6.59807e-05
0.00010773
0.000219936
0.00019063
7.18845e-06
9.7044e-06
-5.54589e-06
-0.00014893
-0.000318954
0.000119527
-4.41166e-05
-5.50303e-05
-0.000133351
3.08738e-05
0.00017068
1.0577e-06
-1.41435e-06
-3.48388e-05
2.83295e-06
6.7439e-05
7.52702e-05
0.000186855
0.000206375
0.000187265
0.000111321
-1.44108e-05
9.05337e-05
-0.00018954
-0.000357119
-9.17704e-05
-0.000129834
-9.94285e-05
-7.29371e-05
-4.23501e-05
0.0001656
3.56062e-05
-4.61039e-05
-4.71218e-05
-3.77501e-05
2.29294e-05
6.26575e-05
0.000145587
0.000175587
0.000152378
0.000122361
-3.475e-05
0.000145721
8.92481e-05
-0.000340079
-0.000226928
-1.33263e-05
-5.14788e-06
3.70372e-06
7.5851e-05
0.000114258
7.79449e-05
-3.791e-05
-8.33039e-05
-7.66242e-05
-1.14325e-05
1.26626e-05
1.62696e-05
4.66018e-05
3.9467e-05
5.40109e-05
2.1404e-05
8.44403e-05
0.000126233
2.90267e-05
-8.14493e-05
4.99049e-05
5.1248e-05
4.09997e-05
0.00011078
0.000143969
0.000182118
-4.4795e-06
-8.35216e-05
-9.44526e-05
-6.80852e-05
2.41614e-05
7.53455e-05
6.03363e-05
2.8456e-05
3.30875e-05
3.82007e-05
9.25719e-05
0.000105333
8.92425e-05
5.87611e-05
8.24773e-05
7.92676e-05
7.47142e-05
8.99904e-05
0.000119453
0.000129872
0.000122092
2.78661e-05
-8.4616e-06
-4.83224e-05
-1.79905e-05
6.87307e-05
0.000117246
4.54238e-05
1.4721e-05
2.85723e-05
6.48775e-05
9.92444e-05
0.000112694
8.93181e-05
0.0001427
0.000100881
0.000143092
0.000124218
1.70608e-05
2.19879e-05
0.000115414
9.63103e-05
4.01684e-05
2.83736e-05
8.03208e-06
5.94683e-05
0.000198646
0.000219623
0.000140422
-5.54996e-07
-7.07309e-05
-1.59982e-05
0.000187794
0.000296445
0.000101492
0.000122794
0.000145125
9.15104e-05
-1.02781e-05
2.13764e-05
0.000125157
9.78854e-05
3.3463e-05
2.87124e-05
6.44989e-06
0.000111881
0.000199819
0.000200177
0.000139748
-4.2543e-05
-7.4174e-05
-1.90617e-05
0.000187243
0.000298298
9.23482e-05
9.12903e-05
0.000154917
8.20127e-05
-1.89366e-05
1.34058e-05
0.000108619
0.000100999
4.26106e-05
2.16307e-05
1.46623e-06
0.000108416
0.0002298
0.000221417
0.000134257
-1.37859e-05
-8.56977e-05
-3.1777e-05
0.00018587
0.000307068
0.00014962
6.20389e-05
0.000184396
7.89671e-05
-3.48077e-05
1.18335e-06
4.71544e-05
5.90354e-05
3.71026e-05
3.95122e-05
6.91076e-06
9.29823e-05
0.000212985
0.000195609
6.84365e-05
-0.000102906
-0.000163759
-0.000105311
0.000169084
0.00035072
0.000127767
8.81874e-05
0.000142721
0.000177184
-3.45866e-05
-5.57535e-05
2.10717e-05
5.85985e-06
8.81129e-06
5.21647e-05
2.59846e-05
4.73346e-05
0.000213202
0.00025688
6.04654e-05
-4.60818e-05
-0.000203739
-0.000196988
9.58518e-05
0.000347481
0.000168554
0.000103207
0.000113381
0.000151132
-5.51257e-05
-5.8605e-05
1.34935e-05
-3.0192e-05
-5.33087e-05
1.09417e-05
4.11853e-05
6.67213e-05
0.000196125
0.000275094
0.000116704
-8.88038e-05
-0.000165957
-0.000223009
-3.67251e-05
0.000403004
0.000253676
0.000105041
5.95287e-05
0.000125428
5.27027e-05
-4.838e-05
1.18377e-05
-5.05515e-05
-9.29203e-05
-1.05746e-05
2.71462e-05
8.24218e-05
0.000159255
0.000234096
4.00457e-05
-6.66468e-05
-5.44546e-05
-0.000179797
-0.000207197
0.000387691
0.000219457
6.33956e-05
-2.29414e-05
6.1626e-05
4.59173e-05
-5.69464e-05
-3.94793e-05
1.81566e-05
-2.83543e-05
-3.40336e-05
5.03909e-05
0.000101673
0.000142787
0.000178748
5.29621e-05
-5.74117e-05
-9.28293e-06
-0.000217053
-0.00034134
0.00026064
9.01478e-05
-2.48839e-05
-6.96364e-05
7.38596e-05
0.000134862
-4.81759e-06
-6.44658e-05
-2.62041e-06
5.42009e-06
1.09057e-05
1.16139e-05
0.000108058
0.000123561
0.000117003
0.000104483
-4.11697e-05
1.38805e-06
-0.000112152
-0.00035766
-0.000151086
8.8488e-05
3.32333e-05
1.79059e-06
3.82161e-05
8.34614e-05
5.66529e-05
-5.45038e-05
-9.5027e-05
-2.65739e-05
-1.07311e-05
-2.37898e-05
4.94355e-06
6.53558e-05
7.65182e-05
7.12753e-05
1.13516e-05
2.33308e-05
4.74001e-05
-3.63943e-05
-8.52086e-05
7.08837e-05
5.80081e-05
4.49013e-05
0.000100975
0.000124254
0.000116427
-1.00173e-05
-7.7239e-05
-6.50803e-05
-6.63559e-05
-2.13437e-05
6.29227e-05
7.11478e-05
3.71228e-05
6.05673e-05
3.47995e-05
5.22386e-05
6.58417e-05
6.73746e-05
4.50683e-05
8.6054e-05
5.91439e-05
6.85883e-05
0.000119191
0.00013775
0.000133654
8.53637e-05
2.90328e-05
-4.7002e-06
-3.34561e-05
1.15637e-05
6.76661e-05
7.86343e-05
3.91312e-05
3.48586e-05
4.71627e-05
7.3657e-05
9.19609e-05
0.000103566
9.55373e-05
0.000181053
0.000109134
-5.12307e-06
9.3822e-05
0.000117639
-2.91874e-05
7.76337e-05
0.000132502
4.81147e-05
1.51269e-05
2.66607e-05
7.18016e-05
0.000151526
0.000234234
0.000184228
6.15689e-05
3.77171e-05
2.54835e-06
0.000122604
0.000257947
0.000151339
6.5643e-05
-1.04029e-05
8.91221e-05
0.000152175
-4.88832e-06
6.86076e-05
8.33456e-05
1.90615e-05
1.93889e-05
2.65883e-05
7.22613e-05
0.000151222
0.000234997
9.0386e-05
4.70161e-05
3.90828e-05
1.79549e-05
0.000121975
0.000253409
0.000215553
0.000151338
5.21738e-05
0.000191165
0.000274581
1.99271e-05
6.92621e-05
9.02561e-05
2.01952e-05
2.54759e-05
1.99321e-05
4.23575e-05
9.99222e-05
0.000203776
9.40107e-05
5.00503e-05
3.39998e-05
4.06971e-06
0.000159633
0.000266396
0.000121922
0.000150716
-3.45638e-05
3.29916e-05
0.000272279
-7.38704e-07
5.57694e-05
9.62999e-05
2.56452e-05
3.40404e-05
3.97093e-05
1.31722e-07
0.000107598
0.00021824
0.000179653
4.40363e-05
1.97664e-05
-6.01355e-05
3.18198e-05
0.000224674
0.000113333
4.11095e-05
2.29596e-05
9.6718e-05
0.000188849
9.44323e-05
6.18652e-05
8.84847e-05
1.81855e-05
4.81909e-05
5.5283e-05
5.76137e-05
8.44829e-05
0.000197357
0.000179122
5.76789e-05
6.76064e-05
-0.000125437
0.000144325
0.000211856
2.15079e-05
6.83993e-05
4.4309e-05
9.66841e-05
0.000176512
5.68232e-05
7.8462e-05
8.49486e-05
2.11678e-05
3.43379e-05
5.80182e-05
5.22857e-05
-2.27755e-05
0.000204864
0.000182683
5.96023e-05
5.60019e-05
-0.000117503
-3.24835e-05
0.000173659
0.000121561
-7.14243e-06
5.16168e-05
0.000123996
9.8386e-05
2.56561e-05
4.79755e-05
6.01137e-05
1.54353e-05
1.78842e-06
2.20476e-05
2.63483e-05
1.87964e-05
0.000151845
0.000130138
1.98846e-07
7.64639e-05
-8.76933e-05
-6.94557e-05
0.000117099
5.10463e-05
-6.25513e-06
2.94297e-05
6.56989e-05
0.00010146
-3.91298e-05
-4.49418e-05
5.36256e-05
3.51125e-05
1.3795e-06
1.87125e-05
2.267e-05
-2.73278e-05
0.000135387
0.000180648
3.09242e-05
5.88726e-05
1.73668e-05
-8.49226e-05
0.0001063
8.79953e-05
4.60227e-05
3.28991e-06
3.10349e-05
0.000112892
-9.32004e-07
-3.58364e-05
3.60202e-05
9.93905e-05
8.02939e-05
3.96094e-05
-1.99209e-05
-9.90532e-05
3.00333e-05
0.000131966
-9.66255e-06
9.88206e-06
5.48326e-05
6.60963e-05
3.19664e-06
1.68079e-05
4.33452e-05
4.36526e-05
3.33099e-05
3.75348e-05
-2.53025e-06
-5.17146e-05
1.82181e-05
6.79085e-05
8.87946e-05
7.12213e-05
2.05586e-05
7.01913e-06
4.82673e-05
6.27182e-05
-7.96972e-07
-3.68063e-05
4.01344e-05
6.70402e-05
4.98575e-05
0.000110107
6.85375e-05
5.68777e-05
7.09775e-05
4.50111e-05
4.01433e-05
4.96254e-06
-4.8151e-05
-9.42231e-06
3.59093e-06
6.8077e-06
3.97587e-05
3.05801e-05
0.000102429
7.15889e-05
-2.6011e-05
-4.58301e-05
6.48886e-06
7.72455e-05
0.000102744
0.000110641
6.87575e-05
3.54966e-05
7.78453e-05
6.79692e-05
8.516e-05
6.1294e-05
1.14066e-06
1.69921e-05
7.80276e-06
4.72777e-05
9.33551e-05
7.79026e-05
3.5127e-05
8.21151e-05
8.32035e-05
2.83062e-05
6.64513e-05
9.42395e-05
9.99184e-05
0.000106586
0.000136162
0.000169675
0.000152455
9.82957e-05
-3.14331e-06
3.14639e-05
0.000161839
0.000124732
3.75068e-05
-1.11558e-05
-7.34311e-05
-1.89147e-05
3.72602e-05
-2.07892e-05
-1.46413e-05
9.19159e-05
2.83862e-05
7.0415e-05
0.000133822
0.000102014
0.000133602
0.000163585
0.000153023
9.78646e-05
-1.39735e-05
2.99266e-05
0.000163035
0.000126348
3.77299e-05
-1.11403e-05
-6.89598e-05
-2.11579e-05
3.43749e-05
-5.73916e-05
4.19462e-05
9.14062e-05
2.6223e-05
6.80071e-05
0.00013304
8.78014e-05
0.000115571
0.000167679
0.000151949
9.70947e-05
-1.7354e-05
2.50763e-05
0.00018526
0.000133429
3.75768e-05
-4.33864e-05
-7.67757e-05
-2.95701e-06
1.89871e-05
-7.00932e-05
3.41636e-05
8.6194e-05
2.19157e-05
6.34418e-05
0.000125171
6.75812e-05
9.17941e-05
0.000125103
0.000127807
0.000100875
-1.75813e-05
1.32673e-05
0.000210487
9.69311e-05
3.43461e-05
-1.50083e-05
-7.12568e-05
1.28033e-05
3.86492e-06
-4.81783e-05
2.49141e-05
4.29402e-05
1.39953e-05
0.000134928
0.000138963
7.09589e-05
3.35212e-05
8.22066e-05
0.000111466
7.16607e-05
1.74134e-05
4.54934e-05
0.000186794
0.000108056
1.42361e-05
-2.17176e-05
-4.7389e-05
9.40516e-05
5.87414e-05
-8.13632e-05
5.2304e-06
4.47079e-05
2.39035e-05
0.000137931
0.000128905
5.38388e-05
1.29065e-05
2.79588e-05
9.57794e-05
9.19316e-05
5.98143e-06
4.82774e-05
0.00010103
0.000102751
5.09078e-05
-2.76318e-05
-7.70908e-05
0.000106269
0.00015771
4.57385e-05
-4.39435e-05
4.41414e-05
6.25832e-05
0.0001273
0.000132765
9.05674e-05
1.53041e-05
4.242e-06
4.19669e-05
6.23068e-05
1.73813e-05
2.17332e-05
8.94768e-05
7.87116e-05
3.40209e-05
-4.63852e-05
-6.74516e-05
6.34054e-05
0.000255294
0.000112734
1.66394e-05
5.68823e-05
8.96419e-05
0.000102557
0.000120679
0.000130617
3.10564e-05
-9.26498e-06
2.31206e-05
8.4095e-05
2.5112e-06
3.12414e-06
6.97413e-05
7.12054e-05
6.41505e-05
-7.91912e-07
-5.45865e-05
0.000113277
0.000232729
0.000134784
3.63065e-05
4.19673e-05
9.95361e-05
0.000119645
0.000105287
0.00012305
9.92497e-05
-1.37995e-05
4.56877e-05
7.02982e-05
-1.99877e-05
-2.56841e-05
5.94904e-05
7.54406e-05
6.58477e-05
1.72732e-05
-2.36904e-05
3.9989e-06
0.000159521
0.000123797
4.09131e-05
-3.08798e-06
7.97834e-05
0.000155474
7.53684e-05
6.4282e-05
5.98784e-05
3.0688e-06
1.85845e-05
5.09163e-05
-3.25764e-06
-3.69511e-05
1.59878e-06
3.61019e-05
7.56546e-05
6.69084e-05
3.69617e-05
5.18143e-05
0.00013791
0.000122344
-1.29658e-05
-1.25367e-05
9.14967e-05
0.000144252
0.000112163
0.00012365
9.83254e-05
2.00927e-06
7.07921e-06
3.70617e-05
2.36068e-05
-1.92874e-05
-1.3836e-05
-1.02466e-06
3.89656e-05
9.4052e-05
3.43587e-05
2.97634e-05
0.000201015
0.000252013
-3.05789e-05
-9.406e-05
4.84004e-05
0.000104166
9.01985e-05
0.000121259
9.6272e-05
-1.1087e-05
-1.54265e-05
2.82155e-05
3.62475e-05
8.72532e-06
-2.94812e-06
1.60122e-05
4.5057e-05
0.000104424
0.000109252
5.67323e-05
0.000102607
0.000147858
9.18858e-05
-1.74299e-05
2.93841e-05
8.88219e-05
0.000100879
9.49805e-05
5.73369e-05
-5.83239e-07
-4.99597e-06
2.7332e-05
4.71636e-05
2.55198e-05
9.7944e-06
-4.64896e-06
6.64016e-05
0.000121798
1.79429e-05
-9.12188e-05
-7.7834e-05
2.05247e-05
3.31348e-05
5.43702e-05
5.2183e-05
5.86002e-05
8.73304e-05
0.000118324
6.03556e-05
1.18399e-06
2.26466e-05
8.45765e-05
6.39554e-05
4.44715e-05
1.50321e-05
-2.99492e-05
2.32944e-05
7.36481e-05
-8.17402e-06
1.77684e-05
-3.80363e-05
-5.11705e-05
-1.71058e-05
3.88279e-05
5.3359e-05
4.40742e-05
0.000106063
0.000256341
1.16747e-05
-2.66345e-05
0.000108125
0.000114595
2.29382e-05
-2.80836e-05
-1.54707e-05
-4.3975e-05
9.11364e-05
0.000125165
9.78028e-05
0.000102257
5.07736e-05
5.04044e-05
-3.47639e-05
2.41225e-06
2.48128e-05
1.63951e-05
0.000194779
0.000159311
-4.69348e-05
-7.08307e-05
5.25744e-05
2.8763e-05
-5.99891e-05
-9.34253e-05
-7.30284e-05
-8.2947e-05
2.55096e-05
0.000152137
0.000114158
0.000129742
0.000143461
0.000120945
2.21192e-05
-6.38541e-05
-1.65486e-05
1.64357e-05
0.000283365
4.62689e-05
-1.87664e-05
-9.31184e-06
2.76651e-05
1.40153e-05
-7.96903e-05
-0.00015648
-0.000141526
-7.14874e-05
5.89521e-05
0.000204801
0.000110504
0.000117953
0.00018805
0.000216554
-0.000127323
-0.000170553
-6.47497e-05
0.000149661
0.000229914
-5.97015e-06
2.55172e-06
-1.34623e-06
-4.70278e-08
4.49149e-05
-8.55375e-05
-8.74964e-05
-0.000154827
-0.000105589
0.000158143
0.000247418
2.55401e-05
6.10283e-05
0.000273897
0.000339095
5.10827e-05
-0.000202697
-2.63134e-05
0.000253828
0.000203606
-1.0929e-06
7.17434e-05
6.05771e-05
-2.09302e-05
3.64815e-05
-3.70047e-05
-4.49508e-05
-0.000206958
-0.000155071
0.000109661
0.000168618
7.07432e-05
0.000137686
0.000295023
0.000288724
8.96004e-05
-0.000170088
4.24722e-05
0.000169279
0.000123364
3.94384e-05
8.18847e-05
8.23511e-05
1.07904e-05
4.62683e-05
4.15763e-05
-5.55017e-05
-0.000221511
-0.00016284
5.87936e-05
0.000155051
0.000101496
0.000232898
0.000293164
0.000262006
-1.5283e-05
-0.000150669
7.48085e-05
0.000170934
3.56412e-05
6.35809e-05
0.000125857
7.42352e-05
3.15563e-05
5.51001e-05
5.25914e-05
1.33816e-05
-0.000177173
-0.000129999
6.7716e-05
0.000153702
0.000143103
0.00020721
0.00030007
0.000247619
1.2965e-05
-8.37259e-05
1.85848e-05
0.0001265
2.46584e-05
8.36131e-05
0.000138748
9.21989e-05
5.80453e-05
5.45947e-05
4.91533e-05
2.27205e-05
-0.000122651
-9.692e-05
5.56087e-05
0.000137479
0.000177753
0.00026337
0.000286599
0.000220541
3.41274e-05
-5.06983e-05
8.20521e-05
0.000110661
3.66605e-05
5.26152e-05
0.000138958
0.000119726
5.15923e-05
5.5664e-05
4.45798e-05
2.33138e-05
-8.33609e-05
-0.000110326
5.27784e-05
0.000122597
0.000185414
0.000235049
0.000280274
0.000246785
0.000115298
-3.94981e-05
3.47128e-05
7.98414e-05
3.17847e-05
5.27556e-05
0.000127608
0.000119204
6.13285e-05
5.5718e-05
4.40033e-05
2.26015e-05
-8.13261e-05
-0.000108126
-1.16791e-05
0.000121422
0.00016385
0.000235906
0.000278925
0.000244593
0.000114064
-3.69594e-05
3.55624e-05
9.8496e-05
3.03886e-05
0.000111496
9.33763e-05
5.49876e-06
-5.57848e-06
1.77278e-05
3.54585e-05
4.11407e-05
3.11809e-05
1.51829e-05
7.4435e-05
0.000106989
7.01233e-05
9.64979e-06
-2.8105e-05
2.05689e-05
2.10768e-05
4.45449e-05
5.08894e-05
6.76236e-05
9.82986e-05
0.000101326
8.59633e-05
4.01437e-07
3.34333e-05
3.38237e-05
2.76911e-05
2.79407e-05
1.0765e-05
3.25825e-05
6.6472e-05
8.3857e-05
2.81163e-05
5.31503e-05
2.83467e-05
1.38154e-05
1.90882e-05
2.56659e-05
2.93347e-05
5.78071e-05
7.04926e-05
0.000124745
-3.03019e-05
-7.39825e-05
1.13315e-05
5.33666e-05
-9.33977e-06
2.10664e-06
2.462e-05
7.38268e-06
9.94808e-05
9.26202e-05
9.09733e-05
9.86388e-05
7.6754e-05
8.36865e-05
5.67934e-05
-4.74452e-05
-2.40948e-05
3.60671e-05
0.000106842
6.01282e-05
1.1704e-05
7.743e-06
5.11386e-06
-0.00014681
-0.000102899
2.4288e-05
2.91461e-05
2.32286e-05
6.94411e-05
0.000117752
0.000106662
0.000117447
0.00014303
0.000149575
5.6857e-05
-5.43028e-05
-2.87832e-05
2.83292e-05
7.60221e-05
5.53632e-06
-1.41378e-05
-5.07247e-06
-7.45718e-05
-0.000107964
-9.76794e-05
7.71465e-05
8.49406e-05
5.02195e-05
6.08438e-05
0.000114373
7.10423e-05
6.97295e-05
0.000114339
0.000238587
6.08801e-05
-0.000128734
-0.000126668
7.28998e-05
1.73722e-05
-0.000108231
8.02449e-06
6.3414e-05
-3.15917e-05
-5.82577e-05
-6.30184e-06
7.83518e-05
2.9795e-05
1.5657e-05
-2.79472e-05
7.92844e-05
0.000113903
0.000100579
0.000221513
0.000207531
-9.63701e-06
-0.000143101
-0.000139406
3.67479e-05
-4.43817e-05
-0.000198455
9.76222e-05
0.000122152
-5.4838e-05
-8.08184e-05
-2.63771e-05
6.8936e-05
-1.12185e-05
-1.38265e-05
-7.10635e-05
7.96542e-05
0.000124315
0.00017454
0.000209501
0.000196936
5.37941e-05
-8.21274e-05
-0.000130085
-0.000102393
-0.000306658
-2.54949e-05
0.000103855
0.000154482
-7.71442e-05
-1.82745e-05
-4.25702e-06
5.3332e-05
4.34503e-05
-8.92297e-05
-5.43559e-05
8.973e-05
5.36204e-05
0.000249163
0.000233577
0.00023121
-1.07097e-05
-0.000117555
-0.000114169
-0.000117028
-0.000353613
6.05173e-05
0.000157105
0.000181573
2.87904e-05
4.67469e-05
-3.19327e-05
5.83388e-05
2.345e-05
-7.76729e-05
5.87689e-06
4.75987e-05
0.000107149
0.000200965
0.000219708
0.000206852
6.19148e-05
-9.51703e-05
-6.06039e-05
-0.000107959
-0.000256885
-5.50815e-05
0.000165273
0.000115869
3.91079e-05
7.52234e-05
-4.83291e-06
3.74102e-05
-1.39649e-05
-3.75165e-05
3.01066e-05
7.5745e-05
0.000228412
0.000274101
0.000222527
0.000143728
7.21075e-05
-3.1699e-05
-2.26383e-05
-0.000146257
-0.000169359
5.85082e-05
0.000202815
0.000121278
4.9133e-05
8.72112e-05
4.36832e-05
2.64861e-05
1.35403e-05
-8.37271e-05
2.58816e-05
0.00010326
0.000251004
0.00027547
0.000245197
0.00011867
4.84907e-05
-2.9416e-05
-1.68096e-05
-4.90062e-05
-0.000133602
-2.24918e-05
0.000167599
0.000182923
7.61043e-05
3.632e-05
3.04556e-06
2.71054e-05
1.31144e-05
-7.56754e-05
-3.12054e-05
0.000133908
0.000332809
0.00029907
0.000245066
0.000194759
7.69523e-05
-2.9697e-05
-1.74993e-05
-5.66228e-05
-0.000167057
0.000120698
0.000119149
8.14264e-05
5.93078e-05
2.60679e-05
2.75681e-05
5.88028e-05
6.16948e-05
4.14147e-05
4.64943e-05
9.29829e-05
7.64149e-05
5.04833e-05
3.84483e-05
4.83273e-05
2.85453e-05
3.54251e-05
5.73504e-05
7.4925e-05
9.29182e-05
0.000117157
9.58597e-05
8.93093e-05
7.16807e-05
3.54317e-05
1.39098e-05
4.66752e-05
6.20986e-05
6.50241e-05
8.83411e-05
9.66754e-05
6.72236e-05
8.93626e-05
7.89097e-05
3.07674e-05
1.37158e-05
1.67188e-05
2.22792e-05
5.48481e-05
9.06214e-05
0.000110779
4.72896e-05
3.52733e-05
3.94822e-05
8.87512e-06
2.74521e-05
7.53027e-05
6.63802e-05
9.71617e-05
8.81908e-05
8.28283e-05
3.9368e-05
9.90648e-05
8.61672e-05
2.10032e-05
2.4038e-05
-1.16338e-05
-1.45304e-05
2.17358e-05
5.3588e-05
9.48955e-05
3.96395e-05
-5.05493e-07
2.35764e-05
-1.86622e-06
0.000104182
6.40699e-05
4.75953e-05
0.000123583
8.69365e-05
6.83659e-05
-3.96106e-05
3.25556e-05
0.000103484
1.72827e-05
1.55216e-05
-2.94989e-05
-6.44727e-05
-7.7681e-06
2.89277e-05
6.42679e-05
2.35659e-05
-5.55451e-05
-4.26204e-05
7.22954e-05
0.000105639
1.25097e-05
7.5674e-05
0.000116501
6.94463e-05
9.6408e-05
-3.94516e-05
6.22972e-05
3.72993e-05
2.37184e-05
4.00113e-05
-7.74091e-05
-9.60969e-05
-1.56844e-05
3.11845e-06
8.51758e-05
9.29395e-05
-5.03009e-07
-2.94e-06
0.000102663
0.000160192
5.01789e-05
7.43033e-05
4.91407e-05
2.48485e-05
0.000104291
-1.90549e-05
0.000101727
6.62161e-07
2.91481e-05
3.72812e-05
-3.27632e-05
-7.63367e-05
-1.46332e-05
-1.86048e-05
0.000135614
0.000147487
5.49443e-05
4.63463e-05
0.000249327
0.000240658
8.71795e-05
5.30094e-05
-1.40397e-05
5.36811e-05
7.37692e-05
-1.79701e-05
0.000149895
7.95298e-05
9.12769e-05
6.15715e-05
-2.21803e-05
-3.89493e-05
1.67291e-05
-4.09002e-05
0.000140887
0.000146586
7.81476e-05
6.31793e-05
0.000357418
0.000171966
8.7015e-05
8.47137e-05
1.10145e-05
8.51643e-05
6.83905e-05
-4.88941e-05
0.000115548
0.000113161
0.000137711
5.63892e-05
-9.21352e-05
-9.94186e-05
1.15845e-05
-3.20892e-06
0.000214255
0.000180442
9.56521e-05
0.000198984
0.000357228
0.000242532
0.000107997
9.01424e-05
5.67775e-05
0.000106284
6.49956e-05
3.25991e-05
0.000149498
0.000153888
0.000147698
8.63619e-05
-4.85375e-05
-8.93859e-05
2.14296e-05
4.05541e-05
0.000264231
0.000234536
0.000169249
0.000166565
0.000340803
0.000167593
0.000141667
0.000105035
7.17777e-05
0.00011152
2.55859e-05
8.56669e-05
0.00014765
0.00015178
0.000135473
3.46223e-05
-6.89559e-05
-7.91965e-05
7.27408e-06
8.37642e-05
0.000282749
0.000289421
0.000178702
0.000174883
0.000313156
0.000222368
0.000147636
0.000105925
7.05359e-05
0.000107197
6.8849e-05
0.000104323
0.000158204
0.000155598
0.000153835
8.08067e-05
-2.58747e-05
-7.59035e-05
2.77392e-05
9.6242e-05
0.000232847
0.000289962
0.000179948
0.000177468
0.000320402
0.000221514
0.000148256
0.000105551
5.09576e-05
0.000105946
6.98112e-05
6.42139e-05
0.000160459
0.000157921
0.000154047
8.08851e-05
-2.52547e-05
-7.35261e-05
1.21648e-05
5.50131e-05
0.000126547
0.000126966
0.000113707
7.77302e-05
3.36509e-05
3.53823e-05
5.34308e-05
6.34361e-05
5.26709e-05
5.1012e-05
8.55134e-05
8.21807e-05
5.98364e-05
4.65589e-05
5.62702e-05
3.49425e-05
3.12685e-05
4.29537e-05
9.1673e-05
0.000113619
0.000135598
0.00012209
0.000116427
7.83e-05
1.35326e-05
3.58555e-05
5.11197e-05
6.43581e-05
7.89753e-05
7.67852e-05
7.16318e-05
7.43787e-05
0.000125158
0.000103747
3.58458e-05
5.24954e-06
-1.95996e-06
1.28437e-05
5.66422e-05
0.000110912
0.000133666
9.27215e-05
8.40138e-05
6.81451e-06
-1.23681e-05
3.05856e-05
6.39529e-05
7.15917e-05
0.000113615
6.05534e-05
5.02561e-05
7.2023e-05
0.000135501
0.00012605
-3.74899e-05
-2.77436e-05
-3.49572e-05
-1.62431e-05
3.07748e-05
0.000106547
0.000109795
8.94535e-05
1.03445e-05
-3.54189e-05
3.56237e-05
5.82822e-05
1.37613e-05
6.18918e-05
0.000124779
7.25345e-05
9.93259e-05
1.97852e-05
0.000124894
0.000161515
-4.07023e-05
-5.80959e-05
-7.2567e-05
-6.29343e-05
2.59663e-05
6.69483e-05
0.000114021
8.60226e-05
-3.94902e-05
-3.01902e-05
9.16034e-05
9.9273e-05
6.33124e-05
0.000135324
0.00011293
7.78744e-05
7.35149e-05
-3.12509e-05
0.000252234
3.24759e-05
-4.62543e-05
-1.42905e-05
-8.88735e-05
-3.03694e-05
2.25273e-06
4.75094e-05
0.000120043
0.00011502
6.95958e-05
2.604e-05
0.000100572
9.46928e-05
9.97714e-05
0.000216694
5.07179e-05
9.11446e-05
3.05592e-05
-6.02172e-05
0.000376852
3.95538e-05
-5.13184e-05
3.19304e-05
-4.80783e-05
-2.89846e-05
-1.86323e-05
1.38088e-05
0.000180075
0.00015295
7.22172e-05
6.37839e-05
0.000134964
0.000163524
0.00016609
0.000233175
1.95411e-05
8.66865e-05
5.81217e-05
8.81878e-05
0.000444266
0.000228152
6.00019e-05
7.80222e-05
-1.30049e-05
-3.41027e-05
-1.81191e-05
1.29076e-05
0.000175806
0.000165475
0.000106767
0.000104782
0.000197024
0.000179389
0.000218513
0.000165614
4.723e-05
0.000129348
-2.85221e-05
1.61602e-05
0.000402678
0.000257296
0.000112411
6.48452e-05
2.29156e-05
-3.14711e-05
-9.44196e-06
4.40076e-05
0.000220257
0.000173023
9.94427e-05
0.000107301
0.000259116
0.000225924
0.000215821
0.000196565
7.43418e-05
0.000129967
5.73258e-05
0.000196892
0.00034703
0.000227274
0.000118166
6.6491e-05
9.24861e-06
-1.26186e-05
-5.47423e-06
1.62814e-05
0.000251544
0.00024474
0.000127672
0.00018358
0.000250562
0.000240599
0.000234835
0.000177001
8.61399e-05
0.000126269
2.04263e-05
7.60339e-05
0.000290529
0.00025535
0.000105011
5.72692e-05
2.2523e-05
-1.1206e-05
-1.16655e-05
3.36292e-05
0.000266426
0.000212127
0.000131053
0.00018545
0.000271873
0.000259864
0.00023136
0.000123331
8.77445e-05
0.000115278
5.96057e-05
0.000180533
0.000288622
0.000208015
0.000142969
6.04596e-05
2.14462e-05
-1.51648e-06
1.65272e-06
4.34904e-05
0.000227994
0.000257951
0.000150135
0.000142719
0.000255088
0.000260884
0.000229927
0.000168244
7.69148e-05
0.000121625
6.09267e-05
8.97773e-05
0.000281723
0.00024728
0.000142468
6.1585e-05
3.15986e-05
-1.34512e-06
-8.39537e-06
4.63931e-05
0.000139473
0.00012734
9.52027e-05
6.95959e-05
4.93312e-05
6.40643e-05
6.68693e-05
5.57871e-05
7.06255e-05
9.76431e-05
9.99833e-05
8.54411e-05
5.92217e-05
4.69959e-05
6.99161e-05
4.14989e-05
2.40605e-05
4.41563e-05
6.97233e-05
0.000120906
0.000142625
0.000135768
0.000123244
0.000106041
2.00042e-05
4.02165e-05
7.29715e-05
6.0334e-05
7.72361e-05
8.04807e-05
0.000114062
0.00012001
0.000105291
0.00011927
0.00010361
2.13386e-05
-4.97469e-05
-2.7739e-05
2.77507e-05
0.00011512
0.000135462
0.000121757
0.000117233
7.0654e-05
1.01467e-05
6.04057e-05
6.50858e-05
5.37397e-05
9.19466e-05
0.000128544
0.000157824
0.000129473
0.000162128
0.000205691
9.51421e-06
-0.00010015
-0.000114962
-7.49477e-05
3.62855e-06
0.000117814
0.0001199
0.000109011
0.000120498
3.56123e-05
3.48246e-05
7.12697e-05
6.13912e-05
7.21276e-05
0.000102975
0.000127374
0.000179616
2.76278e-05
0.000211905
0.000262596
-3.48688e-05
-0.000105884
-9.70564e-05
-8.33506e-05
1.45392e-05
9.80726e-05
0.000144517
9.47434e-05
7.04006e-05
7.47755e-07
2.56817e-05
9.90403e-05
8.13668e-05
0.000105668
8.73822e-05
0.000249949
0.000100438
-1.91169e-05
0.000182864
4.77329e-05
-0.000139061
-0.000154304
-7.17388e-05
-7.55188e-05
3.10858e-06
6.21257e-05
0.000104462
1.43966e-05
-8.56227e-06
-1.9378e-05
-6.08665e-05
0.000105329
8.91449e-05
7.79283e-05
0.000107331
0.000246615
0.000129564
-2.95044e-05
0.000149878
6.5886e-05
-0.00017259
-5.15141e-06
2.53663e-05
-2.60982e-05
-1.47393e-05
4.02582e-05
9.77557e-05
1.83459e-05
-6.48779e-05
-8.42256e-05
2.65469e-05
0.000114801
0.000106067
9.66228e-05
0.000145402
0.000224689
-7.81513e-06
-5.73387e-05
0.000140486
0.000108361
-0.000152872
1.82325e-05
5.84694e-05
1.11792e-05
-4.59142e-06
8.42901e-05
7.23051e-05
7.94905e-05
-3.31272e-05
-3.27557e-05
0.000168953
0.00015399
0.000120643
0.000111782
0.000178303
0.000107954
8.27863e-05
0.000217912
0.000228843
-2.97977e-05
-9.06388e-05
6.19301e-05
6.97576e-05
3.09937e-05
-1.18845e-05
8.7467e-05
0.00012633
-3.49194e-05
-6.4616e-05
-8.38029e-05
6.70369e-05
0.000185901
0.000112629
0.000118807
0.000146449
0.000231274
7.1205e-05
0.000231682
0.000242408
-0.000155373
-5.1865e-05
4.09662e-05
6.84012e-05
-1.0342e-05
-8.47748e-06
6.55219e-05
7.67855e-05
-2.24271e-05
-6.47086e-05
-5.23059e-05
0.000235592
0.000196018
5.18321e-05
0.000132155
0.000184241
5.37635e-05
6.85295e-05
0.000153319
0.000191026
9.61006e-05
-2.2427e-05
7.02012e-05
7.40666e-05
1.82663e-05
6.64143e-06
6.40032e-05
0.000107604
1.62782e-05
-6.57574e-05
5.35554e-05
0.00023241
0.000194753
0.000121338
0.000123254
0.000138387
0.000126204
0.00017168
0.000165615
0.000245667
9.86987e-05
-9.2079e-06
9.71132e-06
3.33925e-05
4.12862e-06
1.20288e-06
4.80546e-05
0.000109969
6.10191e-05
-1.16391e-05
5.59119e-05
0.000229528
0.000193334
0.000122338
0.00012375
0.000116737
0.000163162
8.56172e-05
0.000105134
0.000244185
9.86776e-05
-2.62751e-05
1.10467e-05
4.31254e-05
4.33669e-06
-3.35942e-05
9.68728e-06
0.00011124
0.000112213
9.02662e-05
5.72268e-05
4.5374e-05
7.10598e-05
6.04804e-05
4.96895e-05
7.63278e-05
9.4552e-05
9.1721e-05
6.27173e-05
2.78419e-05
3.35161e-05
3.48771e-05
8.5651e-06
1.43316e-05
3.89871e-05
6.3935e-05
0.000101722
0.000119293
0.000135122
0.000133685
6.07421e-05
2.96893e-05
6.45075e-05
6.35185e-05
3.26712e-05
5.23672e-05
7.22098e-05
9.88061e-05
8.17766e-05
7.97939e-06
0.000113675
6.80107e-05
-1.30408e-05
-1.96413e-05
-9.45417e-06
4.18e-05
9.75035e-05
0.000104412
0.000137295
0.000168513
0.000107487
-1.54462e-05
4.33774e-05
4.94068e-05
-2.02415e-05
5.61969e-05
9.86227e-05
0.000166773
0.000144645
6.80073e-05
0.000157939
9.26325e-05
-2.22588e-07
-2.21742e-05
-6.8489e-05
-4.08261e-05
8.28513e-05
8.06548e-05
0.000151321
0.000221978
3.91491e-06
-9.37308e-05
-1.68633e-05
-6.88802e-06
-8.01244e-05
8.87067e-05
0.000105097
0.000179509
9.03472e-05
6.04798e-05
0.000136811
8.065e-05
1.43005e-05
-9.70899e-06
-5.86948e-05
-7.14353e-07
5.27372e-05
0.000131807
0.000177537
0.000182169
-1.94305e-05
-8.07749e-05
-2.44483e-05
-7.94686e-05
-6.31747e-05
9.58811e-05
0.000126408
9.63534e-05
0.000101454
-1.01379e-05
-8.64265e-06
-7.35161e-05
-0.00015679
-5.03962e-05
-4.16033e-05
-1.81573e-05
4.44461e-05
0.000132254
0.000203039
0.000138538
7.17005e-06
-7.67608e-05
-4.57507e-05
-0.000114026
-1.3129e-05
0.000113813
0.000107741
5.04927e-05
0.000215328
-1.55037e-05
-0.000148075
-0.000151756
-0.000103949
1.08874e-05
-2.16373e-05
-2.88243e-05
3.80794e-05
0.000155745
0.000235166
0.000151985
-0.0001211
-9.5003e-05
-8.22534e-05
-0.000110497
3.26059e-06
0.000152778
9.15601e-05
4.04322e-05
0.00028317
-3.76977e-05
-0.000159662
-0.000111846
-1.89759e-05
2.89277e-05
-4.44062e-05
-5.74276e-05
3.63641e-05
0.000228093
0.000255615
6.50148e-05
-0.000155358
-0.000145028
-8.13747e-05
-5.98159e-05
0.000154843
0.000190756
0.000148434
0.000219741
0.00028803
-2.14482e-05
-0.000189379
-0.000101679
4.01399e-05
2.00253e-05
-3.49675e-05
-2.15749e-05
8.52191e-05
0.000291641
0.000183714
4.08539e-05
-0.000133153
-0.000116575
-4.09397e-05
3.57994e-05
0.000230914
0.000194394
0.000174482
0.00018871
0.000240179
-8.73568e-05
-0.00016286
4.70144e-05
9.03551e-05
7.07863e-05
-1.32505e-05
1.65826e-06
0.000190694
0.000313928
0.000239935
-3.3478e-05
-0.000140079
-0.000154015
1.72428e-05
0.000113885
0.00018811
0.000207532
0.000165006
0.000253126
0.00018943
-9.50441e-05
-7.93798e-05
8.46108e-05
0.000137072
5.38666e-05
2.33932e-05
8.09743e-05
0.000271736
0.00029842
0.000234505
-2.7491e-05
-0.000134825
-0.000146731
2.86741e-05
0.000113077
0.000204285
0.000192256
0.000159768
0.000238362
0.000102369
-1.59896e-05
3.91794e-06
0.000144082
0.000144944
5.69745e-05
3.27265e-05
9.33415e-05
0.000274606
0.000306913
0.000232137
5.16695e-05
-0.000132649
-0.000144251
3.02854e-05
0.000112201
0.000179089
0.000198222
0.000174397
0.000183749
0.00018759
-9.06844e-06
-4.04252e-05
0.000108333
0.000157445
9.77996e-05
2.43233e-05
9.46553e-05
0.000235633
0.000109182
0.00010596
9.27799e-05
5.82743e-05
4.39389e-05
6.8823e-05
7.32769e-05
5.18223e-05
6.65047e-05
7.73903e-05
7.5638e-05
6.13219e-05
1.84224e-05
3.17133e-05
2.80489e-05
-3.24783e-06
1.53009e-05
5.49955e-05
7.57452e-05
0.000100236
0.000102336
0.000126894
0.000125578
9.30906e-05
3.80874e-05
7.90234e-05
6.48719e-05
1.0904e-05
5.70273e-05
5.84931e-05
5.18582e-05
3.56163e-05
4.02438e-05
0.000102637
6.32664e-05
2.13968e-05
2.60896e-05
9.21163e-06
3.63398e-05
7.63026e-05
0.000107648
0.000159115
0.00019136
6.35539e-05
-1.13219e-05
6.12029e-05
2.85347e-05
-6.71154e-05
3.49248e-05
7.94522e-05
0.000115063
0.000141095
0.000104003
0.000104701
8.33696e-05
5.24987e-05
4.84432e-05
-2.96208e-05
1.10258e-06
6.77803e-05
0.000133372
0.000181159
0.000274423
-2.27267e-06
-0.000122072
-1.43134e-05
-5.32366e-05
-0.000150652
7.28122e-05
0.000100904
0.000153002
0.000148461
7.84032e-05
0.000104289
9.40655e-05
7.43614e-05
4.45368e-05
-1.67781e-06
-1.3913e-05
2.75989e-05
0.000134281
0.000196966
0.000235336
-6.75693e-05
-0.00014096
-6.31654e-05
-0.000298291
-0.000279781
0.000151948
0.000113411
3.5935e-05
0.00011718
7.09245e-05
6.56048e-05
-4.9727e-06
2.55098e-06
3.55281e-05
2.03459e-05
2.63749e-05
5.3184e-05
0.000175849
0.000206565
0.000247051
-0.000184226
-0.000131572
-0.000113128
-0.000326885
-5.69296e-05
0.000135478
0.000102828
-1.30756e-05
8.43344e-05
7.4348e-05
3.01962e-05
-4.21199e-05
3.84511e-05
4.55255e-05
1.55031e-05
2.35241e-05
7.53333e-05
0.000207419
0.000269384
0.00023258
-0.000232123
-0.000108472
-0.000167894
-0.000329131
-0.00010421
0.000163949
7.22469e-05
-5.40865e-05
0.000127672
0.000120313
1.95415e-05
-2.62943e-05
5.65894e-05
3.84342e-05
-1.5171e-05
9.81494e-06
7.38532e-05
0.000283526
0.000299153
0.000197847
-0.000195366
-0.000122157
-0.000148659
-0.00017773
1.36213e-06
0.000149329
2.49773e-05
-7.77978e-05
5.01515e-05
6.35326e-05
5.99308e-05
9.70505e-05
8.21797e-05
2.67716e-05
-3.49335e-05
-3.34195e-05
0.000169147
0.000322328
0.000251434
8.20048e-05
-7.9889e-05
-0.000119434
-8.01813e-05
-6.35e-05
6.23226e-05
0.000124708
5.45138e-05
-1.26771e-05
1.47271e-05
4.77777e-05
0.00012425
0.000136639
8.73187e-05
1.87404e-05
-7.21788e-05
5.78227e-05
0.000176666
0.000320976
0.000239015
8.88611e-05
-5.34884e-05
-0.00013777
2.30019e-06
2.22962e-06
0.000109463
0.000117243
9.24621e-05
-4.51797e-06
-1.00911e-05
0.000108025
0.000129044
0.000146186
6.86658e-05
1.60941e-05
-4.25975e-05
4.26084e-05
0.000281008
0.000315103
0.000237171
0.000170881
-0.0001112
-9.30471e-05
-1.60993e-05
1.33238e-05
7.58724e-05
0.000107844
9.02858e-05
2.48494e-05
5.32256e-05
0.000129376
0.00016089
0.000167896
7.47732e-05
-1.48655e-05
-2.93719e-05
0.000129743
0.000275286
0.000312554
0.000263858
0.000170978
-3.8793e-05
-0.000126848
-1.59719e-05
1.48226e-05
7.52779e-05
0.000109871
8.93455e-05
2.74182e-05
2.14012e-05
0.00012492
0.000146754
0.000167048
0.00010203
2.4577e-05
-3.99853e-05
5.72374e-05
0.000231418
0.00010919
9.91242e-05
9.45971e-05
9.17907e-05
8.12844e-05
9.17431e-05
9.87455e-05
7.30094e-05
4.52673e-05
5.08793e-05
5.84062e-05
1.08607e-05
8.08811e-08
4.07205e-05
9.46053e-07
-1.87044e-05
4.18206e-05
6.63245e-05
7.45717e-05
0.0001084
0.000103982
8.74174e-05
8.80676e-05
5.91875e-05
4.88385e-05
6.56469e-05
5.41611e-05
4.36902e-05
1.92753e-05
-2.27993e-05
-3.14403e-05
-1.09553e-05
3.18594e-05
8.80443e-05
6.29901e-05
3.95693e-05
7.22709e-05
5.26148e-05
3.59331e-05
0.000137159
5.72333e-05
9.04815e-05
8.78479e-05
8.38275e-05
2.11691e-05
4.08254e-05
6.11447e-05
-2.41026e-05
-7.84352e-05
-5.07325e-05
9.71998e-05
0.000119976
-1.0627e-05
7.95566e-09
5.27534e-05
7.8721e-05
0.000104195
7.47843e-06
4.75423e-05
0.000140548
-1.03522e-05
7.26528e-05
3.91167e-05
1.35733e-05
-0.000129831
-7.30554e-05
7.94195e-05
-0.000133783
-0.000161584
7.24498e-05
0.000148018
9.22316e-05
-4.44933e-05
-9.24032e-05
3.81788e-05
0.000113091
8.64023e-05
2.48391e-05
4.49136e-05
4.60014e-05
3.07796e-05
4.54851e-05
3.7532e-05
-7.47219e-07
-0.00021439
-9.65982e-05
-2.28085e-06
-0.000196345
-0.000223276
-1.911e-05
0.000132654
9.47624e-05
2.82376e-05
-6.71674e-05
6.77617e-05
0.000146375
0.000114423
3.18184e-05
3.93042e-05
-2.8089e-06
6.43739e-05
3.75405e-05
0.000214896
3.95975e-05
-0.000222743
-0.000177566
1.85143e-05
-0.000150806
-0.000201748
-2.25148e-05
0.000121994
0.000169282
0.000164368
2.86451e-05
7.25025e-05
0.000156309
0.000135386
2.53776e-05
1.1712e-05
-1.25137e-05
6.13092e-05
2.7966e-05
0.000326706
8.63615e-05
-0.000231497
-0.00015487
-1.37349e-05
-0.000121166
-5.67328e-05
5.53116e-05
0.000115452
0.000223592
0.000201434
9.23413e-05
7.9656e-05
0.000148545
5.6155e-05
-2.05748e-05
-2.88271e-05
-1.08962e-05
0.000103987
0.000218238
0.000364575
0.000143983
-0.000227592
-6.06371e-05
-0.000108332
-6.66758e-05
1.1888e-06
5.84582e-05
9.45933e-05
0.000229689
0.000253977
6.96941e-05
6.10259e-05
0.000131407
8.36193e-05
-3.9571e-05
-4.42153e-05
3.41947e-05
0.000180359
0.000310841
0.000408086
0.000163001
-0.000164907
-0.000116813
-8.11218e-05
-6.39264e-05
7.53307e-06
3.61923e-05
6.51569e-05
0.0001539
0.000241331
8.45142e-05
6.9669e-05
0.000118009
3.52799e-05
-1.90173e-05
-4.27362e-05
1.97502e-05
0.000208877
0.000331246
0.000407276
0.00030815
-7.14117e-05
-6.77111e-05
-6.44583e-05
-4.99533e-05
-1.5009e-05
3.00504e-05
8.28235e-05
0.000196469
0.000222231
9.10002e-05
9.33251e-05
0.000108711
7.03922e-05
-3.4045e-05
-2.78165e-05
9.17432e-05
0.00017134
0.000331544
0.000405686
0.000300595
-0.000126793
-9.97104e-05
-5.94593e-05
-4.46795e-05
-1.34745e-05
2.85184e-05
6.56479e-05
0.000190475
0.000214165
9.21138e-05
9.32531e-05
0.000111289
6.91656e-05
-1.13447e-05
-2.36562e-05
9.14449e-05
0.000170327
0.000272891
0.000405453
0.000298534
-6.23993e-05
-9.82992e-05
-5.83112e-05
-4.31015e-05
-1.28755e-05
2.82523e-05
6.62475e-05
0.000145232
0.000212183
0.000127834
7.97498e-05
0.000110449
6.84852e-05
-1.12361e-05
-2.31086e-05
5.36089e-05
0.000111995
0.00010469
9.7164e-05
9.47928e-05
9.04908e-05
7.43232e-05
9.10979e-05
5.64431e-05
1.44612e-05
3.41657e-05
5.24036e-05
4.26979e-05
4.69491e-05
6.09743e-05
2.33163e-05
-8.60917e-06
5.16903e-05
6.80555e-05
8.40657e-05
9.88001e-05
0.000132405
9.7336e-05
8.01822e-05
8.32206e-05
5.96405e-05
5.26562e-05
7.20953e-05
6.84926e-05
-3.46548e-05
-9.02197e-05
-6.57325e-05
4.1867e-05
9.48841e-05
9.7967e-05
6.51981e-05
5.78646e-05
7.97238e-05
5.48257e-05
4.43663e-05
0.000121776
0.0001213
7.07814e-05
2.50108e-05
8.36222e-05
5.05e-05
1.41648e-05
2.79369e-05
-8.69997e-06
-0.000130403
-0.000192188
-0.00011996
7.91882e-05
7.57661e-05
7.55765e-05
7.0361e-05
0.000113488
0.000111439
-1.96897e-05
-1.24517e-05
0.000188937
0.000124824
-0.000103425
3.55631e-05
0.000183641
7.85879e-06
-0.000136796
-9.88303e-05
-9.34205e-05
-0.00019372
-0.000135025
9.10266e-05
4.35357e-05
-3.49245e-05
-2.0642e-05
9.26969e-05
0.000112202
-2.58424e-05
-7.67024e-05
9.16439e-06
0.000143883
8.46257e-05
-0.000157396
-5.36032e-05
0.000300435
-0.000170458
-0.000246772
-8.60501e-05
-6.85312e-05
-0.000145817
-0.00013581
0.000112355
8.83198e-05
-0.000101074
-4.14578e-05
0.00018121
0.000168061
3.80512e-05
-2.48715e-05
-3.55633e-05
7.10193e-05
-2.97194e-05
-0.000138875
9.07347e-05
0.000286552
-1.57705e-05
-0.000120786
-4.04993e-05
-3.68855e-05
-0.000148262
-0.000114132
0.00020067
-1.71339e-05
-9.99878e-05
-8.37199e-05
0.000132459
0.000146138
4.66111e-05
-2.63411e-05
1.14172e-05
7.97026e-05
-3.41817e-05
-1.79744e-06
0.00032042
0.000497671
3.98921e-06
-0.000130366
-3.27164e-05
-5.34742e-05
-0.000154403
-3.66974e-06
0.0001829
7.00482e-05
-4.92482e-05
-3.67812e-05
0.000117102
9.47505e-05
1.51307e-05
-5.98862e-06
3.29023e-05
8.18656e-05
-8.13885e-05
0.000240185
0.000630587
0.000321702
2.55864e-05
-8.08035e-05
-3.61934e-05
-4.72534e-05
-0.0001482
6.08011e-06
0.000155094
7.55606e-06
-2.71556e-05
1.28217e-05
7.31439e-05
8.06019e-05
5.91823e-05
3.13605e-05
4.23124e-05
5.03829e-05
-5.02751e-06
0.000385867
0.000592652
0.000490816
-5.36351e-05
-5.77091e-05
-1.29432e-05
-3.39033e-05
-0.00011926
1.03398e-05
0.000119926
2.85592e-05
4.27665e-06
2.36939e-05
6.57116e-05
8.09503e-05
7.99564e-05
4.09719e-05
4.28973e-05
5.26044e-06
8.15294e-05
0.000282789
0.000595821
0.000297863
5.89258e-05
-4.21153e-05
-5.39431e-06
-2.71135e-05
-9.34696e-05
9.47769e-06
9.80045e-05
4.89639e-05
3.27268e-05
2.66373e-05
6.36088e-05
8.14255e-05
7.7385e-05
4.23818e-05
3.46659e-05
-4.64116e-05
3.13207e-07
0.000408363
0.000558426
0.000292564
-2.02311e-05
-3.70406e-05
-9.45433e-06
-1.52014e-05
-8.58227e-05
9.37946e-06
9.07098e-05
5.35069e-05
4.03143e-05
4.03867e-05
7.49684e-05
8.06481e-05
8.02707e-05
5.66481e-05
3.32203e-05
-4.04065e-05
4.27957e-06
0.000281648
0.000554769
0.000445323
6.56482e-05
-3.61461e-05
-5.22974e-06
-1.55072e-05
-6.67609e-05
-4.89162e-05
8.86523e-05
7.45111e-05
4.17491e-05
3.50629e-05
6.37071e-05
8.06011e-05
8.00516e-05
5.62345e-05
3.30724e-05
-9.62125e-06
0.000108317
9.30583e-05
8.18168e-05
0.000106696
7.82444e-05
7.36104e-05
9.14311e-05
7.85903e-05
3.63969e-05
2.68495e-05
3.20139e-05
4.43095e-05
5.63623e-05
6.60946e-05
3.13705e-05
2.33408e-05
4.77449e-05
7.72019e-05
8.32934e-05
0.000104947
0.000130622
8.23793e-05
7.18452e-05
9.78393e-05
6.38539e-05
5.63408e-05
6.96352e-05
6.8654e-05
-4.33265e-05
-7.68726e-05
-3.61703e-05
9.48024e-05
9.66516e-05
8.75989e-05
5.8174e-05
5.92004e-05
6.20085e-05
5.09845e-05
5.22305e-05
0.000151598
0.000110995
4.71039e-05
6.78864e-05
0.000143818
9.8227e-05
5.73444e-05
3.96916e-05
-2.29891e-05
-0.000118894
-0.000163993
-0.000105441
7.61363e-05
9.83436e-05
7.19713e-05
7.41591e-05
8.79928e-05
9.45143e-06
-1.90747e-05
-1.46352e-05
0.000174736
4.50332e-05
-9.28674e-05
-2.80817e-06
0.000274643
6.09677e-06
-3.76919e-05
-3.64047e-05
-5.69484e-05
-0.000192701
-0.000194455
-8.23817e-05
9.00597e-05
6.50845e-05
2.44783e-05
5.29845e-05
9.24928e-05
-3.94211e-05
-2.70295e-05
8.2775e-06
0.000109826
5.91746e-05
-8.77145e-05
6.1046e-05
0.000415088
-1.75538e-05
-0.000105485
-4.91142e-05
-4.58465e-05
-0.000133795
-0.000209144
-4.05403e-05
5.49911e-05
2.06009e-05
-1.54502e-05
0.000122313
7.64104e-05
-6.66927e-06
3.58711e-05
-1.78435e-05
7.00487e-05
4.65589e-05
2.26865e-05
0.000167274
0.000377716
0.000132602
-5.28284e-05
-1.40327e-05
-2.56309e-05
-0.000193778
-0.000214487
1.22865e-05
-3.27544e-05
-4.07365e-05
-3.29655e-05
9.28423e-05
2.64999e-05
4.5672e-06
-7.87167e-06
1.20518e-07
4.74965e-05
3.01389e-05
8.96717e-05
0.000466326
0.000521126
0.00014317
-2.80932e-05
5.33792e-08
-2.73744e-05
-0.000189458
-0.000182237
5.36449e-05
-7.99714e-05
-2.49758e-05
1.64027e-05
7.05947e-05
4.24832e-05
1.81823e-05
2.8703e-06
2.79265e-05
1.68178e-05
-6.71592e-05
4.91369e-05
0.000574235
0.000396438
4.56241e-05
1.32768e-05
1.36338e-06
-4.35275e-05
-0.000114492
-4.62301e-05
6.54844e-05
-4.08412e-05
-6.1326e-05
-3.90391e-06
6.01429e-05
4.96261e-05
4.76821e-05
4.62983e-05
4.32283e-05
-3.37751e-05
-5.52822e-05
7.03205e-05
0.000513285
0.000540548
5.24904e-05
1.05118e-05
2.14981e-05
-9.33507e-06
-0.000125978
-0.00010137
6.04405e-05
-3.81158e-05
-5.1262e-05
1.0029e-05
5.65585e-05
5.39717e-05
6.42171e-05
5.3075e-05
3.89596e-05
-7.54796e-05
-5.46802e-05
0.00027932
0.00055033
0.000505286
0.000143856
2.26533e-05
1.78475e-05
6.7513e-07
-7.27401e-05
-8.21595e-05
4.73976e-05
-3.85514e-05
-1.58457e-05
3.3138e-05
5.9541e-05
5.6779e-05
6.79123e-05
5.3967e-05
3.41371e-05
-3.69855e-05
-3.37234e-05
0.000297484
0.000545851
0.000491489
5.82513e-05
1.69038e-05
1.90086e-05
2.25669e-06
-6.80133e-05
-7.5646e-05
4.49485e-05
-4.89873e-06
-2.82931e-06
3.96319e-05
6.02839e-05
5.48597e-05
6.35351e-05
6.44811e-05
3.40779e-05
-3.83512e-05
-9.27801e-05
0.000147547
0.000544702
0.0004877
0.000141894
1.70358e-05
2.57471e-05
2.13106e-06
-6.73432e-05
-7.42327e-05
4.38211e-05
-3.25912e-06
-3.89708e-07
4.0808e-05
6.02942e-05
5.50931e-05
6.37215e-05
6.44499e-05
3.4883e-05
-3.72648e-05
0.000110923
8.94909e-05
7.0873e-05
6.07212e-05
7.52256e-05
4.68233e-05
6.60385e-05
0.000116229
6.93498e-05
-2.10659e-05
-7.55251e-06
-6.4648e-06
3.86905e-05
5.37588e-05
5.06753e-05
5.04612e-05
7.97421e-05
8.2921e-05
7.67278e-05
9.91289e-05
0.000143957
0.000105771
7.51947e-05
4.027e-05
4.69507e-05
6.87362e-05
9.93438e-05
0.000104705
-5.98019e-05
-6.62449e-05
-4.43729e-05
3.28357e-05
5.90685e-05
4.47886e-05
5.05578e-05
6.75321e-05
7.76432e-05
8.16165e-05
6.88746e-05
0.000119249
0.000135514
6.20264e-05
3.16581e-05
0.000105509
0.000106635
0.000135172
9.43331e-05
7.70311e-05
-3.33671e-05
-8.67203e-05
-2.44381e-05
7.33588e-05
7.26664e-05
4.81982e-05
5.15775e-05
9.2858e-05
7.74436e-05
6.5925e-05
6.33168e-05
0.000120374
3.31064e-05
-4.56234e-05
3.65085e-08
0.000181831
0.000107061
0.000112156
8.40289e-05
3.95017e-06
-0.000150638
-0.000133973
1.44053e-05
4.86899e-05
6.21354e-05
4.71037e-07
7.71354e-05
0.000114432
6.31837e-05
5.56803e-05
3.43848e-05
7.84712e-05
5.64067e-05
-3.15371e-05
4.59701e-06
0.000271278
0.000145964
3.41303e-05
7.81491e-05
4.70003e-05
-0.000156088
-0.000193535
-7.5953e-05
6.18023e-05
3.26228e-05
-2.32143e-05
6.87223e-05
2.17551e-05
-4.9041e-06
1.80351e-05
-8.51087e-06
1.5976e-05
7.4339e-05
4.19055e-05
8.82131e-05
0.000301003
0.000210206
5.07696e-05
5.37257e-05
2.87232e-05
-6.61531e-05
-7.17184e-05
8.57201e-06
7.64999e-05
3.0381e-05
-1.87665e-05
1.37437e-05
-4.56084e-05
6.11855e-06
8.12134e-06
-4.14493e-05
-1.91341e-05
0.000118094
7.48713e-05
9.83493e-05
0.000296447
0.000194151
7.13257e-05
4.95593e-05
7.07222e-06
-6.79923e-05
-0.000141455
5.78102e-05
5.20282e-05
1.41322e-05
-4.19702e-05
3.45223e-05
-1.9491e-05
4.28547e-05
1.85672e-05
-2.23957e-05
-1.32202e-05
0.000236633
3.32329e-05
2.533e-05
0.00018576
0.000132161
7.38626e-05
4.87567e-05
1.02326e-05
-3.48414e-05
-5.69415e-05
-6.76676e-06
7.70596e-05
4.53784e-05
4.77361e-05
5.2954e-05
3.7991e-05
5.13687e-05
3.58001e-05
4.54999e-06
1.62136e-05
0.00016065
7.2693e-05
0.000181219
0.00026402
0.000167532
8.11291e-05
5.42844e-05
2.12685e-05
-2.70819e-05
-6.36741e-05
-4.52856e-06
2.19732e-05
6.21677e-05
0.000106288
6.18609e-05
7.08299e-05
6.51261e-05
9.21861e-05
2.64471e-05
3.24478e-05
0.000151339
8.62195e-05
0.000209298
0.000213219
0.0001595
6.31486e-05
4.28666e-05
1.59983e-05
-2.80509e-05
-5.65151e-05
-3.51564e-06
4.04462e-05
0.000124626
0.000124963
6.82583e-05
7.79861e-05
8.74149e-05
0.000106889
8.53101e-05
0.000108045
0.000301283
0.000193319
7.58082e-05
0.000266721
0.00011003
6.30204e-05
5.02819e-05
2.77928e-05
-4.80349e-05
-3.3394e-05
1.43394e-05
4.66948e-05
0.00012709
0.000133026
5.45547e-05
6.24847e-05
8.84939e-05
0.000105069
5.37298e-05
5.46623e-05
0.000148819
0.000100603
0.000151188
0.00026635
0.000157476
6.33536e-05
5.04843e-05
2.69117e-05
-2.55766e-05
-5.1322e-05
2.28866e-06
3.07588e-05
9.87538e-05
0.000133988
8.52425e-05
6.13837e-05
7.78044e-05
0.000100316
8.6052e-05
2.61981e-05
9.23132e-05
7.99749e-05
6.02623e-05
6.73734e-05
9.233e-05
0.000122533
9.94167e-05
0.000116177
5.08406e-05
-0.000110511
-7.79594e-05
2.51367e-05
7.23293e-05
3.38485e-05
2.84324e-05
5.49452e-05
9.00612e-05
0.000103595
8.8605e-05
8.96743e-05
0.000107689
0.000138005
1.30204e-05
-1.19013e-06
6.43003e-05
0.00010106
9.91671e-05
7.64649e-05
-0.00014137
-0.000165159
-8.8337e-05
2.02611e-05
2.90429e-05
-3.15802e-05
-1.87993e-05
3.54704e-05
0.000102089
0.000111736
7.8335e-05
5.39559e-05
0.000155294
0.000243835
9.38923e-06
-5.05574e-05
9.70188e-05
0.000155999
0.000112666
6.31135e-05
-0.000178143
-0.00013382
-5.18051e-05
7.11501e-05
2.38842e-05
-4.79872e-06
-2.72779e-05
3.23923e-05
8.98243e-05
0.000113366
7.34004e-05
6.96718e-05
0.000321076
0.000216146
-0.000179303
-5.73304e-05
0.0001442
0.000173256
0.000100531
-4.4923e-05
-9.71205e-05
-4.43628e-05
-1.62696e-05
4.5672e-05
6.48575e-05
-1.58575e-05
-8.21233e-05
4.88547e-05
0.000100478
9.50905e-05
8.16765e-05
1.13637e-05
0.000332671
0.000129655
-0.00020025
9.92343e-05
0.000181138
0.000150745
7.11145e-05
-3.42857e-05
-3.51406e-05
-1.09148e-05
2.75331e-05
9.381e-05
5.16302e-05
-4.97481e-05
1.53615e-05
8.49438e-05
9.49127e-05
9.90231e-05
3.00486e-05
4.05837e-06
0.00026289
9.24086e-05
-8.41302e-05
4.9945e-05
0.000198424
0.000144891
5.64684e-05
-2.16553e-06
-1.38112e-05
1.70311e-05
4.46046e-05
9.50415e-05
3.80862e-05
-4.59131e-05
1.39845e-05
8.15997e-05
9.98948e-05
0.000100042
5.15607e-05
-1.47699e-05
0.000218237
3.87483e-06
-7.6126e-05
0.000137336
0.000204938
0.000104368
5.57415e-05
-9.55056e-06
-7.56549e-06
3.2351e-05
4.17915e-05
0.00012503
8.67686e-05
-6.23974e-05
4.19073e-05
0.000106245
0.000107176
0.000101211
-2.24617e-06
6.26103e-05
0.000253478
0.0001314
-3.3184e-05
0.000139185
0.000196893
0.000108314
6.96272e-05
8.33264e-06
-1.34812e-05
2.53721e-05
3.98025e-05
0.00010529
7.1986e-05
-0.000122302
-5.70315e-05
0.000117466
0.000132735
0.000124655
6.92438e-05
-4.89365e-06
0.000286163
0.000172651
-9.8367e-06
6.5948e-05
0.000198852
0.000147559
7.40307e-05
-2.89877e-05
-1.55851e-05
1.27039e-05
4.0584e-05
9.37472e-05
5.87455e-05
-0.000140844
1.56067e-06
0.000125433
0.000146461
0.000146558
6.26419e-05
-1.71064e-06
0.000320564
0.00020853
2.46572e-06
0.000129802
0.000195177
0.000136709
6.33699e-05
-2.78305e-05
-1.13062e-05
2.47989e-05
6.32268e-05
9.28605e-05
5.771e-06
-8.84939e-05
-5.23088e-05
0.000148269
0.000174197
0.000152571
5.26421e-05
0.00013063
0.000316324
0.000212234
9.30683e-06
7.00386e-05
0.000184052
0.000133416
6.17738e-05
-9.84276e-06
-1.08355e-05
2.58834e-05
4.79448e-05
0.000103779
6.69516e-05
-7.60076e-05
4.39856e-05
0.00014983
0.000172489
0.000133079
-7.60251e-06
3.337e-05
0.00031329
0.0002116
1.11965e-05
7.21401e-05
0.000191102
0.000132705
6.1302e-05
-1.00481e-05
-2.42943e-05
1.26315e-05
4.79972e-05
9.38313e-05
6.7476e-05
-7.24092e-05
-3.33648e-05
0.000149396
0.000171638
0.000148151
5.27773e-05
3.65051e-05
8.89542e-05
8.69312e-05
9.48758e-05
8.60828e-05
0.000112495
0.000137916
8.70163e-05
7.56218e-05
-4.23206e-05
-0.000112431
-5.57139e-05
9.78196e-05
6.76627e-05
3.70971e-05
2.43941e-05
6.38376e-05
9.52805e-05
0.000101625
9.44474e-05
0.000106791
9.95939e-05
0.000136747
6.17039e-05
2.07479e-05
7.28827e-05
0.00010023
7.73626e-05
-2.42674e-05
-0.000146685
-0.000155868
-6.39744e-05
4.95325e-05
-5.72069e-05
-7.35468e-05
-4.97206e-06
2.77071e-05
9.2156e-05
0.00011549
8.90083e-05
4.09307e-05
0.000102185
0.000222847
-9.48812e-05
-0.000152393
0.000156895
0.000155237
9.98924e-05
-3.6252e-06
-0.000206511
-0.000104751
-2.82224e-05
5.75314e-05
1.33866e-05
-2.00933e-05
-6.21622e-06
1.7884e-05
8.69189e-05
0.000113506
8.96602e-05
-2.01971e-06
0.000375502
0.000350704
-0.0002071
-6.59235e-05
0.000114215
0.000125744
2.80123e-05
-5.68236e-05
-0.000134379
-4.41706e-05
9.05102e-06
7.43176e-05
3.61375e-05
2.07503e-06
-2.14931e-05
3.57346e-05
0.000123482
0.000138934
0.0001155
-3.03241e-05
0.000380507
5.24553e-05
-0.000161557
-7.48714e-05
0.000134074
0.000136747
6.97235e-05
-2.93945e-05
-4.76602e-05
-2.42203e-05
1.55365e-05
9.16094e-05
6.13883e-05
-5.34387e-05
-6.81858e-05
0.000108426
0.000120508
0.000140482
0.000101158
-4.71736e-05
0.000261586
1.60644e-05
-5.18359e-05
3.69915e-05
0.000182532
0.000114535
6.19063e-05
-1.90419e-05
-1.2597e-05
5.74102e-07
3.96965e-05
0.000130681
0.000111561
-5.25255e-05
7.95273e-05
0.000134274
0.000118145
0.000126456
7.37892e-05
-2.90076e-05
0.000196832
0.000109076
-1.65591e-05
7.03509e-05
0.000203765
0.000115727
5.07481e-05
-3.72859e-05
-1.38327e-05
2.19411e-05
3.75737e-05
0.000133958
0.000118572
-1.22767e-05
0.000102147
0.000164979
0.000118807
0.000108363
2.45576e-05
2.18791e-05
0.000226833
0.000122106
-1.17695e-05
6.88224e-05
0.000217159
0.000111713
1.71839e-06
-5.20004e-05
-3.23951e-06
1.81834e-05
3.62762e-05
0.000122388
9.73285e-05
-2.00677e-05
7.74065e-05
0.000174326
0.000127941
0.000125233
7.67559e-05
0.000120219
0.000215762
6.59569e-05
-1.81964e-05
5.6675e-05
0.000215572
0.000110196
3.39795e-05
-5.36075e-05
-2.08812e-05
1.32764e-05
4.14755e-05
9.23504e-05
8.41703e-05
-1.08232e-05
0.000150617
0.000179413
0.000141398
0.000138522
8.51192e-05
7.25546e-05
0.000218512
6.27181e-05
-2.60285e-05
4.69128e-05
0.000210802
0.000100915
-9.82801e-06
-6.74777e-05
-4.82394e-05
3.312e-06
5.71497e-05
0.000102376
9.50308e-05
-1.77333e-05
6.67861e-05
0.000181058
0.000144819
0.000137189
8.79018e-05
0.000142503
0.000227203
6.40867e-05
-2.22233e-05
5.09997e-05
0.000210449
0.000152223
3.01225e-05
-6.58666e-05
-2.53882e-05
3.33494e-05
6.37141e-05
0.000106783
5.34685e-05
-9.6727e-06
0.000124989
0.000173326
0.000145556
0.0001473
5.40577e-05
0.000137883
0.000226404
0.000139128
-2.02697e-05
5.27405e-05
0.000205016
0.000150902
3.03832e-05
-5.15637e-05
-4.72521e-05
1.17064e-05
6.42141e-05
0.000107615
0.000104993
-5.6299e-06
6.33463e-05
0.000171348
0.000145687
0.000147317
8.94649e-05
7.37625e-05
0.00010288
0.000101199
6.12837e-05
9.26157e-05
0.00012739
0.000129075
8.49312e-05
1.13359e-05
-6.12882e-05
-2.57885e-05
1.76686e-05
0.000175778
6.30333e-05
1.21063e-05
2.28116e-05
4.92706e-05
7.91511e-05
9.11736e-05
9.40282e-05
0.000105363
0.000120193
9.30911e-05
7.07524e-05
6.9496e-05
0.000123712
0.00011143
5.10404e-05
-4.25368e-05
-0.000159167
-6.52689e-05
2.40279e-05
7.13804e-05
-7.74479e-05
-0.000139186
-2.54069e-05
1.8209e-05
0.000104696
0.000126129
0.000110928
7.2839e-05
-3.49219e-05
3.98316e-05
5.44599e-05
6.83406e-05
0.000108277
8.76548e-05
2.34299e-05
-0.000225731
-0.000234939
-0.000118457
7.68573e-05
0.000108475
5.57927e-05
3.35845e-07
1.45779e-05
8.47233e-06
0.000127618
0.00019179
9.0012e-05
-4.26509e-05
-4.01651e-05
0.000202662
9.12449e-05
2.02549e-05
0.000113202
0.000116715
-0.000117854
-0.000220281
-0.000140263
2.17258e-05
8.67968e-05
0.000205154
0.000151687
0.000122671
-1.87176e-05
-1.22902e-05
8.85636e-05
0.000133581
-5.07614e-05
-0.000167657
0.000199045
0.000189823
-4.70105e-05
-4.1988e-05
0.000162673
0.000167476
-2.15302e-05
-0.000169495
-5.99529e-05
8.88969e-05
0.000102064
0.000176501
0.000184057
-3.90948e-05
-8.5857e-05
5.17027e-05
0.000125337
2.86902e-05
-3.13839e-05
-8.70884e-05
0.000192755
0.000110216
-0.000129533
-4.92012e-05
0.000108161
0.000129674
-9.59521e-06
-0.000113704
-4.35743e-05
0.000131372
0.000142692
0.000191847
0.000158798
-8.01885e-05
-4.01219e-05
-7.2037e-06
7.22921e-05
9.14995e-05
1.56531e-05
5.30716e-07
0.00017651
0.000144942
-6.23473e-05
-7.57583e-06
0.000121991
-3.26094e-06
-1.60018e-05
-4.72579e-05
-3.23438e-06
6.02462e-05
0.00010593
0.000135098
7.83517e-05
-6.40423e-05
-4.40235e-06
8.84663e-05
0.000124344
9.0211e-05
2.32007e-05
1.78893e-05
0.000153237
5.81156e-05
-1.53782e-05
5.57382e-05
8.37872e-05
2.08075e-05
-2.13471e-05
-5.16179e-05
3.04744e-05
8.9207e-05
3.20629e-05
0.000122543
0.000166399
3.3664e-05
6.20297e-05
0.000121458
0.000144876
0.000135551
4.3183e-05
2.97101e-05
0.000129436
0.00011159
-8.976e-07
4.34462e-05
0.000104828
9.07721e-05
-9.63763e-06
-4.18505e-05
3.61684e-05
2.44617e-05
-4.38291e-06
0.000167859
0.000208959
0.000112432
9.87584e-05
0.000132115
0.000140264
0.000108593
2.70619e-05
5.42598e-05
0.000158917
7.24307e-05
1.60438e-05
7.40958e-05
0.000129236
0.000103278
-8.25646e-06
-2.02464e-05
-2.89522e-05
-7.30113e-07
-4.14776e-06
0.000228407
0.00027492
0.000118199
0.000102283
0.00011985
0.000130032
0.000105179
3.6802e-06
1.69963e-05
0.000147222
6.3452e-05
1.64913e-05
6.3497e-05
0.000166213
5.07035e-05
-2.23702e-05
-3.29993e-05
7.75775e-06
3.10964e-08
6.03337e-06
0.000265184
0.00029308
0.000146635
0.000114141
0.0001338
0.000124457
0.000106595
2.66551e-05
6.48572e-05
0.000147164
0.000125438
1.97107e-05
6.37605e-05
0.000165608
0.000103173
-3.44878e-06
-3.19786e-05
-3.16114e-05
1.49907e-06
4.87205e-05
0.000174133
0.000292961
0.000164086
0.000102798
0.000134011
0.000141201
0.000130772
4.39855e-05
2.41868e-05
9.79765e-05
6.3455e-05
2.71424e-05
1.23902e-05
6.3366e-05
7.77239e-05
4.60247e-05
2.08781e-06
-1.91592e-05
1.12596e-05
0.000148034
0.000118921
-2.45187e-05
-3.94106e-05
-5.74573e-06
3.7553e-05
6.81248e-05
7.41996e-05
6.75048e-05
8.68818e-05
0.000193058
0.000131102
2.78212e-06
3.33201e-05
9.65408e-05
9.59214e-05
4.36097e-05
-1.13277e-05
-7.83905e-05
3.05137e-05
3.07528e-05
3.13915e-05
-2.04502e-05
-0.00013859
-0.000123128
1.95899e-05
8.69188e-05
0.000102889
4.98953e-05
9.7224e-05
0.000251961
9.90332e-05
-1.7852e-05
4.18572e-05
0.000111933
3.86985e-05
-2.58231e-05
-7.71738e-05
-6.5528e-05
6.21245e-05
9.41605e-05
0.000130563
7.72383e-05
1.29702e-05
-5.25683e-07
2.28861e-05
5.92287e-05
7.76655e-05
-7.72312e-05
6.94065e-05
0.000253964
0.000157717
1.80636e-06
7.3888e-05
7.64368e-05
-4.69376e-05
-0.000134439
-0.000102824
-3.7316e-05
2.56108e-05
8.68618e-05
0.000166103
0.000151422
0.000143886
0.000109257
-1.40604e-05
4.89406e-05
-1.80087e-05
-0.000174131
0.000149968
0.00016404
0.000157777
4.14663e-06
-1.14224e-05
6.83074e-05
-4.55393e-06
-0.000174099
-0.000131775
-5.72134e-05
7.33837e-05
0.000198477
0.00018587
0.000117434
0.000190067
0.000129057
-8.68937e-05
-6.35554e-05
-6.09469e-05
-6.24129e-05
0.000114978
0.000196048
0.000167855
-7.43878e-05
-8.49071e-06
7.46718e-05
-9.22535e-05
-0.00015872
-9.34213e-05
1.48912e-05
0.00016343
0.00028155
0.000100676
0.000103584
0.000183356
7.32286e-05
-0.000125989
-5.28067e-05
1.638e-06
6.34945e-05
7.11989e-05
0.0001917
0.000188333
-2.47009e-05
1.25465e-05
7.90546e-05
3.9604e-07
-0.000162668
-9.00218e-05
4.63453e-05
0.000243916
0.000254704
9.5583e-05
0.00012513
0.000155794
0.000135881
3.6007e-05
-4.53084e-05
6.11982e-05
0.000107455
8.84133e-05
0.000200749
0.000172981
4.20287e-05
-2.37115e-07
8.65772e-05
-4.64247e-05
-0.000157318
-8.78003e-05
3.33602e-05
0.000134292
0.000162935
9.11538e-05
0.000149684
0.00016925
0.000167716
2.22511e-05
-3.7336e-05
9.56981e-05
8.75933e-05
8.62541e-05
0.00016993
0.000158403
5.94162e-05
2.85256e-05
8.59912e-05
3.51939e-05
-0.000103668
-7.54525e-05
2.7254e-05
0.000112925
0.00011727
0.000108068
0.000167351
0.000196038
0.00018169
4.20959e-05
-3.10285e-06
9.59956e-05
7.38281e-05
7.30378e-05
0.000130852
0.000152774
6.90217e-05
4.12898e-05
9.51256e-05
6.00115e-06
-6.00615e-05
-5.02295e-05
-1.18501e-05
8.22608e-05
0.000107418
0.000129368
0.000220868
0.000218427
0.000182157
0.00010226
7.44701e-06
6.56588e-05
8.61502e-05
5.01822e-05
0.000126742
0.000149723
6.97614e-05
4.36443e-05
8.97879e-05
4.75287e-05
-4.66035e-05
-6.24484e-05
-1.50846e-05
5.0569e-05
0.000106593
0.000138437
0.000217979
0.000220145
0.000181696
0.000103204
1.34423e-05
8.74426e-05
6.38625e-05
4.95124e-05
0.000125833
0.000148825
6.98482e-05
4.38522e-05
9.26006e-05
4.69667e-05
-4.39904e-05
-6.01422e-05
-1.57296e-05
4.91984e-05
0.000105661
0.000139292
0.000219019
0.000220223
0.000181391
0.000103024
1.479e-05
6.68376e-05
8.30137e-05
4.95994e-05
)
;

boundaryField
{
    bottomWall
    {
        type            zeroGradient;
    }
    topWall
    {
        type            zeroGradient;
    }
    sides1_half0
    {
        type            cyclic;
    }
    sides1_half1
    {
        type            cyclic;
    }
    sides2_half0
    {
        type            cyclic;
    }
    sides2_half1
    {
        type            cyclic;
    }
    inout1_half0
    {
        type            cyclic;
    }
    inout1_half1
    {
        type            cyclic;
    }
    inout2_half0
    {
        type            cyclic;
    }
    inout2_half1
    {
        type            cyclic;
    }
}


// ************************************************************************* //
