/*--------------------------------*- C++ -*----------------------------------*\
| =========                 |                                                 |
| \\      /  F ield         | OpenFOAM: The Open Source CFD Toolbox           |
|  \\    /   O peration     | Version:  5.0                                   |
|   \\  /    A nd           | Web:      www.OpenFOAM.org                      |
|    \\/     M anipulation  |                                                 |
\*---------------------------------------------------------------------------*/
FoamFile
{
    version     2.0;
    format      ascii;
    class       volScalarField;
    location    "0";
    object      nut;
}
// * * * * * * * * * * * * * * * * * * * * * * * * * * * * * * * * * * * * * //

dimensions      [0 2 -1 0 0 0 0];

internalField   nonuniform List<scalar> 
7200
(
5.24823e-09
2.1533e-09
1.11359e-09
1.39537e-09
4.45198e-09
1.09776e-08
6.82444e-09
1.02942e-09
1.23593e-09
3.27248e-09
1.38686e-09
2.19293e-09
6.55315e-09
7.68964e-09
7.94719e-09
3.41798e-09
1.91417e-08
6.42488e-08
4.44901e-08
1.79842e-08
1.95038e-08
8.18826e-09
4.0185e-09
4.74328e-09
1.85105e-08
3.08545e-08
2.03818e-08
3.74998e-09
1.00665e-08
2.19173e-08
1.88031e-08
1.86129e-08
2.37705e-08
2.11567e-08
2.37723e-08
2.00566e-08
1.50641e-07
3.11319e-07
2.22352e-07
4.82804e-08
1.87875e-07
7.83232e-08
2.82621e-08
1.13171e-08
2.8328e-08
9.80629e-08
4.93217e-08
2.32582e-08
4.07653e-08
4.65375e-07
2.53156e-06
2.61669e-06
3.8e-07
9.36792e-08
8.72269e-08
8.71929e-08
1.10037e-07
3.13394e-06
5.87296e-06
6.99115e-06
2.48123e-05
1.73202e-06
2.07234e-06
7.83249e-07
5.20506e-07
9.06544e-07
6.26531e-07
8.67996e-08
3.93563e-08
4.43473e-08
3.04349e-07
6.2832e-06
1.33316e-05
1.09092e-05
3.64531e-06
1.52661e-06
1.73717e-06
2.45303e-07
2.32481e-06
1.68901e-05
3.1954e-05
1.96986e-05
1.26134e-06
1.02771e-06
5.06256e-06
1.14423e-06
2.94146e-06
1.75607e-06
2.71406e-07
3.27628e-07
2.39838e-07
1.3847e-06
1.00746e-05
2.88351e-05
1.37715e-05
2.51213e-06
3.72643e-06
6.63425e-06
1.54921e-06
3.07466e-06
2.54749e-05
2.01802e-05
8.45014e-06
1.00423e-06
4.75196e-06
2.38759e-06
5.17901e-06
4.52063e-06
1.76845e-06
1.93365e-06
4.91986e-06
3.10787e-06
4.38275e-06
2.50555e-05
2.71184e-05
1.85002e-06
1.35569e-06
3.96163e-06
1.65779e-05
1.06258e-06
6.15536e-06
1.5564e-05
1.06164e-05
2.31878e-06
1.68389e-06
2.62313e-06
1.46803e-06
8.00268e-06
8.41794e-06
1.17637e-05
1.11435e-05
7.35838e-06
6.35592e-06
1.31573e-05
2.77198e-05
1.24903e-05
1.84187e-06
2.6568e-06
1.25631e-05
5.12096e-06
4.81132e-06
3.93069e-06
3.26061e-06
5.15974e-06
3.3051e-06
2.85799e-06
2.75372e-06
4.00783e-06
2.9385e-06
1.08323e-05
1.88663e-05
9.14867e-06
5.28847e-06
7.61667e-06
2.50734e-05
2.25638e-05
1.06913e-05
5.85782e-06
5.32416e-06
4.16339e-06
2.8388e-06
2.97424e-06
3.66491e-06
6.05262e-06
5.26705e-06
3.38673e-06
2.46438e-06
1.10289e-06
6.7154e-06
1.60522e-05
7.24741e-06
5.89962e-06
7.23399e-06
3.15575e-06
5.89926e-06
6.70533e-06
4.568e-06
5.09126e-06
3.73463e-06
8.84111e-06
2.80668e-05
7.1045e-06
2.43803e-06
2.73916e-06
7.16931e-06
4.52136e-06
7.43171e-06
8.78736e-06
7.20221e-06
4.45933e-06
1.49493e-05
5.556e-06
1.42157e-05
2.15415e-06
7.16324e-06
7.73956e-06
2.22848e-06
1.72263e-06
2.46525e-06
2.1897e-05
2.94099e-05
2.42265e-05
4.00988e-06
1.02566e-05
1.86586e-05
9.08224e-06
5.9944e-06
1.40204e-05
7.70791e-06
1.39504e-06
2.70328e-06
8.93059e-06
9.1229e-06
4.01141e-06
1.5722e-05
2.82815e-05
4.31626e-06
3.46643e-06
9.04178e-06
8.67357e-06
1.14043e-05
3.59832e-05
2.65312e-05
1.40741e-05
3.8258e-06
1.942e-05
1.17533e-05
1.17158e-05
5.61065e-06
6.0184e-06
7.00162e-06
9.51047e-06
1.37797e-05
6.70496e-06
6.52864e-06
3.71726e-05
1.82872e-05
5.57264e-06
1.83386e-05
7.21645e-06
8.57935e-08
3.35968e-08
1.08907e-08
5.10019e-09
5.16884e-09
7.47064e-09
5.68277e-09
2.62543e-09
9.78948e-10
1.00651e-09
1.85444e-09
3.47747e-09
1.09593e-08
2.19203e-08
5.35525e-08
1.1977e-07
1.43623e-07
1.76428e-08
1.52576e-08
9.53594e-08
2.36099e-07
1.42741e-07
2.20598e-08
6.71277e-08
9.04613e-08
3.44867e-08
2.93725e-08
8.96407e-09
5.53939e-09
5.15107e-09
4.35183e-09
1.32748e-08
2.22519e-08
4.58208e-08
1.44067e-07
2.16596e-07
1.13377e-07
2.48191e-08
1.41343e-08
2.91662e-07
3.39132e-06
1.12059e-06
2.66226e-07
2.26198e-07
2.78909e-07
4.74093e-07
5.80835e-07
1.9771e-07
8.10102e-07
5.22375e-07
2.17748e-07
8.06986e-08
2.00273e-08
7.98384e-08
2.26522e-07
2.30389e-07
3.85153e-07
7.8569e-08
2.2153e-08
8.43669e-07
6.59968e-06
1.10869e-05
6.7314e-06
3.57737e-06
1.35885e-06
3.97804e-07
3.67061e-07
2.57344e-07
5.4232e-07
3.74655e-07
2.11907e-06
4.34004e-06
4.65096e-06
2.35477e-06
1.86884e-06
1.65952e-06
1.10032e-06
1.21169e-06
5.34567e-07
2.72611e-07
5.515e-06
1.398e-05
2.61796e-05
7.11653e-06
5.63554e-06
4.97993e-06
8.00563e-06
4.86127e-06
4.96441e-07
4.45629e-07
1.37577e-07
2.00148e-06
3.11896e-06
5.82864e-06
2.2194e-06
4.17138e-07
2.00213e-06
1.57359e-06
1.55043e-06
2.3067e-06
1.11667e-05
1.87449e-05
9.45947e-06
1.99044e-05
3.12495e-05
3.2686e-05
3.33146e-05
6.60161e-06
3.8109e-06
2.94821e-06
2.98966e-06
4.06812e-06
8.95906e-06
7.08152e-06
6.88596e-06
2.70303e-06
2.24375e-06
3.31243e-06
2.38328e-06
2.16093e-06
2.66351e-06
5.96273e-06
5.91908e-06
5.31616e-06
7.71084e-06
1.80319e-05
9.49071e-06
1.44319e-05
3.09535e-06
4.38456e-06
6.21992e-06
1.7704e-05
1.94322e-05
6.12861e-06
4.1723e-06
2.47625e-06
4.24144e-06
2.37781e-06
4.68237e-06
4.1948e-06
2.51699e-06
6.38565e-06
1.31019e-05
6.25303e-06
5.50338e-06
5.80021e-06
4.08771e-06
7.21444e-06
2.35428e-06
9.07428e-06
4.59681e-06
1.80876e-05
3.87492e-05
7.89873e-06
1.38031e-06
7.16394e-06
9.65516e-06
6.33773e-06
4.32441e-06
9.1484e-06
3.06566e-06
2.51311e-06
3.48438e-06
1.62888e-05
1.88496e-05
4.69831e-06
3.82098e-06
4.31606e-06
1.1925e-05
3.67192e-06
2.31891e-06
2.16041e-06
2.66757e-05
1.05404e-05
2.52208e-06
9.83383e-06
1.04945e-05
5.0849e-06
6.08646e-06
1.03865e-05
4.39735e-06
3.0329e-06
5.70785e-06
4.13355e-06
2.14631e-05
1.47509e-05
9.82335e-06
1.6693e-05
4.12493e-06
3.20318e-06
1.34242e-05
6.19404e-06
5.17988e-06
2.90631e-06
2.01223e-06
5.80892e-06
1.67838e-05
2.69729e-05
7.42174e-06
1.29616e-05
7.76449e-06
1.42892e-05
9.14514e-06
5.79467e-06
6.50158e-06
8.07255e-06
1.19995e-05
3.21867e-05
1.62332e-05
7.87878e-06
6.83404e-06
5.60251e-06
2.38913e-06
5.74631e-06
4.34604e-06
4.31582e-06
4.3775e-06
6.32352e-06
4.74456e-06
4.36023e-06
3.78387e-06
2.82909e-06
7.00443e-06
2.40017e-06
1.39689e-06
4.05811e-06
6.84308e-06
6.28037e-06
1.24896e-05
2.59882e-05
2.33146e-05
1.5655e-05
4.39452e-06
3.08779e-06
4.40905e-06
7.72023e-06
9.30849e-06
3.09233e-06
5.53899e-06
7.89608e-06
1.31667e-07
4.24169e-08
7.71284e-09
5.46646e-09
3.37691e-09
2.61077e-09
2.03474e-09
9.86403e-10
1.14191e-09
3.70501e-09
1.08718e-08
1.53761e-08
8.63781e-09
3.8049e-08
1.33549e-07
8.79735e-08
2.10018e-08
6.04043e-09
1.81505e-08
7.31859e-08
2.62834e-07
6.12763e-08
4.37868e-08
2.74245e-08
2.20488e-08
1.70261e-08
8.309e-09
4.87728e-09
3.70761e-09
6.75327e-09
2.02423e-08
3.52178e-08
3.79789e-08
1.65934e-07
3.84537e-07
2.72175e-07
2.20097e-08
1.44829e-08
4.32242e-08
1.52794e-07
5.72549e-07
3.26756e-07
3.20483e-07
3.77272e-07
3.26509e-07
3.14422e-07
2.91533e-07
1.71816e-07
1.26986e-08
1.33099e-08
5.37861e-08
7.77231e-08
7.37117e-08
1.28297e-07
6.73899e-07
1.13959e-06
5.59753e-07
3.31202e-07
1.6083e-07
3.11992e-07
1.76693e-06
1.03909e-06
1.51888e-06
3.82443e-06
3.82457e-06
3.71216e-06
2.55978e-06
1.36156e-06
5.49889e-07
7.64827e-07
1.64603e-06
6.00537e-06
1.00797e-06
1.20056e-06
9.52436e-08
3.7656e-07
2.97565e-07
1.44682e-06
5.16293e-06
1.74956e-06
3.87081e-06
1.42012e-06
1.64996e-06
4.52224e-06
4.52179e-06
3.49191e-06
2.6108e-06
1.58568e-06
1.24188e-06
1.05739e-06
3.71619e-06
3.97966e-06
9.76836e-06
6.01363e-06
5.67536e-06
2.40802e-06
1.35989e-06
7.50248e-07
2.81276e-06
7.58019e-06
3.97885e-06
4.71845e-06
2.12204e-06
8.03634e-06
7.75727e-06
5.87021e-06
6.80047e-06
1.10128e-05
1.48934e-05
5.98351e-06
2.87809e-06
7.2209e-06
2.90201e-06
2.08903e-05
1.96276e-05
5.71794e-06
2.93511e-06
5.19158e-06
1.47701e-05
7.82748e-06
4.39821e-06
5.60792e-06
5.12683e-06
2.58002e-06
3.91881e-06
5.34984e-06
1.72125e-05
3.21529e-05
4.7125e-05
3.36085e-05
7.25529e-06
6.11889e-06
1.09293e-05
3.66511e-06
1.51701e-05
2.20004e-05
9.75853e-06
6.68821e-06
1.79072e-05
1.11728e-05
6.27617e-06
5.19848e-06
5.84489e-06
5.93686e-06
3.1001e-06
2.87887e-06
3.82744e-06
2.44196e-05
5.09814e-05
2.78682e-05
9.14184e-06
2.80144e-05
2.1621e-05
2.03083e-05
7.31143e-06
1.0468e-05
2.47743e-05
1.43623e-05
1.97939e-05
8.08113e-06
2.10746e-05
7.61153e-06
3.98912e-06
1.64393e-05
2.97023e-05
2.68204e-05
5.35652e-06
3.47401e-06
8.41067e-06
8.47267e-06
4.76076e-06
4.16018e-06
3.96019e-06
1.82457e-05
1.89364e-05
1.7314e-06
5.63349e-06
4.88655e-06
1.09531e-05
1.80516e-05
7.55502e-06
1.10312e-05
8.52219e-06
4.65227e-06
4.41123e-06
3.54009e-06
1.17905e-05
2.20752e-05
5.70963e-06
3.04959e-06
3.08786e-06
5.40381e-06
6.26051e-06
9.2883e-06
6.1028e-06
9.37269e-06
6.29384e-06
2.60116e-05
1.85889e-05
3.5459e-06
2.85988e-05
1.25988e-05
3.9472e-06
3.22371e-06
4.70143e-06
5.91632e-06
2.94943e-06
6.34425e-06
4.06243e-06
3.91022e-06
4.586e-06
4.43772e-06
4.88959e-06
8.22161e-06
7.64907e-06
3.16118e-06
1.31508e-05
6.19178e-06
9.08776e-06
8.9092e-06
1.1693e-05
3.93125e-06
2.17599e-06
4.23264e-06
1.90993e-06
3.67793e-06
3.21499e-06
3.05276e-06
2.15086e-06
4.96463e-06
4.94638e-06
1.98696e-06
2.49772e-06
2.0791e-06
3.59302e-06
1.09638e-05
1.69028e-06
4.91433e-06
5.78199e-06
5.08237e-06
4.75282e-08
1.06046e-08
9.82288e-10
1.56669e-10
1.23059e-10
5.4976e-10
1.36538e-09
1.4313e-09
2.01857e-09
3.79471e-09
5.8867e-09
1.15087e-08
4.10735e-08
1.11756e-07
1.12054e-07
2.42797e-08
1.00896e-08
4.52147e-08
1.02496e-07
1.2928e-07
6.18947e-08
2.11165e-08
2.36896e-09
6.45765e-10
4.38671e-10
1.70183e-09
3.99265e-09
3.93818e-09
6.11832e-09
8.00177e-09
1.52005e-08
2.62098e-08
1.82975e-07
3.42768e-07
3.77694e-07
2.65914e-08
2.45142e-08
1.44549e-07
2.26336e-07
2.82966e-07
3.27907e-07
5.78457e-08
1.93027e-08
2.1102e-08
7.04731e-09
9.20294e-09
1.17591e-08
9.99076e-09
1.33137e-08
2.30902e-08
1.87631e-08
3.95315e-08
2.34629e-07
1.34017e-06
2.78643e-06
2.03056e-06
7.53871e-08
1.31332e-07
4.3162e-07
8.43075e-07
6.66627e-07
1.84113e-07
4.65243e-07
1.81882e-06
1.39477e-06
8.01415e-07
9.11856e-07
5.96738e-07
4.90797e-07
2.21208e-07
2.08292e-07
1.7581e-06
6.34628e-08
3.23571e-07
1.11024e-06
3.24753e-06
1.58658e-06
2.07805e-06
2.75229e-06
1.49814e-06
2.39237e-06
1.01537e-06
1.2824e-06
3.64836e-06
3.47175e-06
1.91966e-06
2.03568e-06
3.90241e-06
3.40546e-06
3.21554e-06
6.59706e-07
5.25797e-07
2.77512e-06
1.40447e-06
1.28096e-06
2.73952e-06
6.11002e-06
1.07442e-05
5.02092e-06
4.72963e-06
2.91245e-06
5.88973e-06
6.19869e-06
3.27828e-06
5.74826e-06
4.56153e-06
3.68809e-06
6.57902e-06
5.40629e-06
2.52311e-06
1.14606e-06
1.46722e-06
9.88021e-07
1.17896e-05
9.07075e-06
7.27312e-06
4.60029e-06
1.96659e-05
2.41478e-05
1.24217e-05
2.23595e-06
4.33994e-06
1.77095e-05
3.9113e-06
3.33996e-06
1.77361e-06
6.58121e-06
9.34385e-06
1.22652e-05
1.09695e-05
4.23989e-06
2.62925e-06
3.96184e-06
5.54177e-06
1.19639e-05
2.17813e-05
1.72588e-05
3.18345e-05
3.38056e-05
2.66801e-05
5.97117e-06
4.26967e-06
1.53273e-05
2.11356e-05
5.16579e-06
4.47398e-06
1.21653e-05
1.55307e-05
1.19902e-05
1.00346e-05
5.96907e-06
1.51159e-05
8.73302e-06
1.86176e-05
1.09274e-05
1.09212e-05
2.79852e-05
2.85409e-05
2.72555e-05
9.55398e-06
1.19098e-05
4.52677e-06
6.02711e-06
1.69276e-05
1.93339e-05
2.33281e-05
1.02611e-05
1.55792e-05
3.78897e-06
1.18363e-05
5.54206e-06
8.49531e-06
1.36645e-05
3.20091e-05
1.1742e-05
2.61472e-06
3.73437e-06
2.65123e-06
1.13896e-05
2.29336e-05
5.57119e-06
2.11492e-05
6.45425e-06
1.1535e-05
1.86637e-05
6.20162e-06
7.29442e-06
4.84876e-06
2.56315e-06
2.96818e-06
7.95149e-06
9.19506e-06
6.77715e-06
1.36917e-05
6.76731e-06
1.78431e-05
3.69703e-06
6.22782e-06
7.34299e-06
7.35535e-06
1.21639e-05
7.95491e-06
5.16005e-06
7.03263e-06
4.21639e-06
9.30359e-06
8.0869e-06
5.33508e-06
3.4849e-06
5.592e-06
1.81729e-05
4.00738e-06
3.56085e-06
8.5471e-06
1.04891e-05
3.02799e-06
1.16297e-05
6.98255e-06
6.11535e-06
1.94226e-05
7.35654e-06
5.43519e-06
3.34912e-06
3.5247e-06
2.02144e-06
4.11191e-06
3.07404e-06
2.06197e-06
2.37553e-06
2.40173e-06
3.32206e-06
4.19769e-06
5.34478e-06
3.25931e-06
9.60065e-06
1.53572e-05
2.23574e-06
1.25498e-05
7.74801e-06
5.24852e-06
1.04881e-08
2.96713e-09
2.56123e-09
9.66101e-09
3.85835e-09
1.99976e-10
7.37894e-10
1.78873e-09
2.12209e-09
1.19e-08
2.57144e-08
1.49841e-08
2.6653e-09
5.40361e-10
1.01508e-09
6.03927e-10
4.57523e-09
7.80596e-09
4.34216e-09
6.21457e-09
7.98329e-08
7.6137e-09
6.7178e-09
2.25577e-08
8.4993e-09
7.09028e-10
1.35696e-08
4.23322e-09
1.77911e-08
5.08002e-08
1.76307e-08
1.06906e-08
1.59566e-09
1.03507e-09
2.20494e-09
2.33836e-09
3.54927e-09
2.51869e-08
1.6285e-08
2.88035e-08
2.6642e-07
4.38052e-07
1.98954e-08
6.36755e-08
6.63996e-09
1.56307e-08
2.77895e-08
1.33641e-07
6.76197e-08
8.88532e-08
1.22988e-07
2.72056e-07
1.3906e-07
7.55268e-09
1.00766e-08
7.51892e-08
2.69966e-08
4.45194e-08
2.29052e-07
3.60909e-07
4.16358e-06
4.22201e-06
2.18471e-06
1.33254e-06
5.5503e-08
8.03297e-08
2.83507e-08
2.45638e-07
2.82873e-07
1.31999e-06
4.55752e-07
3.9077e-07
1.06267e-06
1.28231e-06
6.91979e-07
3.91676e-07
1.11655e-06
1.24387e-07
3.93396e-07
3.22653e-06
1.48724e-06
6.59113e-07
1.4133e-06
3.66565e-06
2.9278e-07
2.91115e-07
6.84373e-07
9.82049e-07
1.45216e-07
1.70341e-06
2.49526e-06
4.18965e-07
1.85072e-07
1.13192e-06
3.8205e-06
1.69387e-06
3.47734e-07
2.40126e-06
5.53674e-07
1.00098e-06
1.52712e-05
6.77745e-06
2.04558e-06
2.67168e-06
2.43238e-06
2.54796e-06
5.75646e-06
2.70278e-06
8.121e-07
1.71966e-06
4.82012e-06
4.8286e-06
1.27933e-06
1.43344e-06
2.35583e-06
1.06215e-06
3.24882e-06
7.75712e-06
7.03328e-06
1.01728e-05
2.95713e-06
1.46092e-05
4.7376e-06
2.71675e-06
1.99698e-06
6.93163e-06
5.24367e-06
5.62608e-06
3.45201e-06
4.76788e-06
7.49598e-06
3.66884e-06
6.40472e-06
2.01589e-06
3.74748e-06
2.46415e-06
1.96604e-06
1.45467e-05
4.43695e-06
6.12576e-06
5.41326e-06
1.01577e-05
1.57294e-05
5.13355e-06
3.23478e-06
1.20034e-05
9.66067e-06
2.04175e-05
2.25491e-05
4.01106e-06
3.02444e-06
3.89976e-06
5.83846e-06
5.3275e-06
8.34658e-06
2.62412e-05
4.00057e-06
1.12219e-05
1.46135e-05
4.27187e-06
1.58793e-05
9.55646e-06
1.21895e-05
2.44155e-05
5.83567e-06
1.21188e-05
1.80977e-05
1.46914e-05
2.36126e-05
2.92639e-05
5.86629e-06
3.6929e-06
2.38693e-06
8.37866e-06
6.19036e-06
1.71805e-05
2.39941e-05
4.91811e-06
1.51178e-05
2.8515e-05
1.22874e-05
2.66502e-05
1.34255e-05
1.36811e-05
6.22984e-06
5.61871e-06
3.01499e-05
2.09692e-05
4.27897e-05
1.48522e-05
1.44475e-05
6.19427e-06
1.54481e-05
6.23502e-06
5.28944e-06
7.94436e-06
4.23586e-06
2.74394e-06
4.17034e-06
1.13746e-05
6.59771e-06
4.94425e-06
6.87107e-06
5.16526e-06
3.64336e-06
1.19879e-05
1.67518e-05
7.38431e-06
3.98477e-06
1.10638e-05
5.66712e-05
7.56179e-05
7.24595e-05
2.47017e-05
1.64146e-05
6.97937e-06
7.2886e-06
2.56201e-06
6.48833e-06
2.41397e-05
6.50714e-06
8.64681e-06
3.49091e-06
5.22303e-06
4.87828e-06
7.39735e-06
1.45372e-05
7.16399e-06
5.13123e-06
5.53247e-06
6.86337e-06
1.25437e-05
1.8458e-05
3.9048e-05
3.46479e-05
5.75696e-06
8.94977e-06
1.00623e-05
6.7063e-06
5.37378e-06
5.46311e-09
1.05292e-09
2.02499e-09
8.29705e-10
3.03868e-09
2.34571e-08
1.80702e-08
1.27255e-08
1.57704e-08
1.67922e-08
1.26571e-08
1.08369e-08
9.26074e-09
2.19838e-09
8.67283e-10
1.8466e-09
3.45794e-09
1.87511e-08
3.50289e-08
2.67762e-08
1.73331e-08
4.40287e-09
1.0893e-08
5.90173e-09
1.08218e-08
3.76819e-08
4.7845e-08
4.05731e-08
5.93008e-08
7.1556e-08
5.16331e-08
3.10572e-08
2.0232e-08
4.60115e-09
3.14061e-09
5.70406e-09
1.26169e-08
7.66483e-08
9.33409e-08
4.89703e-08
7.48283e-08
2.30506e-08
6.11632e-08
8.26835e-08
1.3319e-08
2.77819e-08
1.27588e-07
2.38002e-07
2.27899e-07
4.91329e-07
3.91182e-07
1.40752e-07
6.99527e-08
5.14516e-08
1.81146e-08
1.26378e-08
7.67158e-08
3.87725e-07
3.66192e-07
1.49849e-07
2.6581e-07
8.80324e-08
1.09161e-07
1.62107e-06
1.4605e-06
1.06366e-06
2.1663e-06
3.03212e-06
1.15388e-06
2.80393e-06
2.77852e-06
1.94225e-06
6.94538e-07
1.54498e-07
1.9984e-07
1.10112e-07
2.19845e-07
2.41246e-07
2.69592e-06
1.86545e-06
2.4248e-06
4.08344e-07
6.45694e-07
1.66392e-06
1.85096e-06
1.74255e-06
3.68571e-06
1.84127e-05
8.86134e-06
3.58523e-06
6.43338e-06
7.90868e-06
4.09798e-06
7.79664e-07
8.42181e-07
9.06295e-07
1.3703e-06
1.84737e-06
1.91292e-06
3.43057e-06
2.92675e-06
2.89965e-06
8.48009e-07
9.43981e-07
1.25649e-06
3.76462e-06
9.4532e-06
1.22458e-05
5.25486e-06
2.14862e-06
3.4572e-06
2.6367e-05
3.04202e-05
2.48482e-05
7.35315e-06
3.30458e-06
4.06216e-06
8.47773e-06
9.06635e-06
1.2537e-06
5.39237e-06
2.45719e-06
7.06525e-07
2.1029e-06
7.3939e-06
1.50175e-05
6.78575e-06
1.37126e-05
1.16051e-05
4.30379e-06
4.29206e-06
1.31498e-05
3.13666e-05
3.13586e-05
1.12869e-05
4.5866e-06
3.56591e-06
5.1223e-06
1.15674e-05
1.24796e-05
1.54612e-05
5.67197e-06
4.46095e-06
3.20069e-06
8.83522e-06
1.16279e-05
2.02588e-05
2.1392e-05
5.7408e-06
4.9764e-06
4.94109e-06
1.41643e-06
4.96771e-06
3.27501e-06
2.7152e-06
5.01267e-06
2.47241e-06
1.6553e-06
2.2876e-06
6.74199e-06
1.44795e-05
1.60341e-05
7.29673e-06
1.41871e-05
1.70616e-05
4.96943e-06
6.40377e-06
6.54743e-06
1.26324e-05
4.43949e-06
7.36846e-06
2.40742e-06
9.37728e-06
4.71241e-06
2.26549e-06
2.95222e-06
2.23263e-06
3.58894e-06
2.72327e-06
9.95217e-06
9.2267e-06
1.80325e-05
1.03934e-05
2.11118e-05
1.0043e-05
7.1308e-06
6.09234e-06
1.3139e-05
7.32373e-06
5.83782e-06
5.76875e-06
6.24046e-06
2.13409e-05
7.31604e-06
2.61379e-06
1.45397e-06
3.45595e-06
5.14337e-06
6.22678e-06
4.44614e-06
1.71252e-05
7.82793e-06
1.67868e-05
2.60605e-05
2.38127e-05
5.72739e-06
6.02898e-06
7.12382e-06
1.21084e-05
1.22401e-05
1.99042e-05
7.55139e-06
8.37449e-06
6.40487e-06
3.15314e-06
6.41093e-06
1.0637e-05
5.67179e-06
5.96107e-06
2.08725e-05
3.12722e-05
4.59462e-05
1.71007e-05
8.99751e-06
8.2999e-06
7.80014e-06
2.51488e-05
1.00463e-05
1.62402e-05
8.02327e-06
1.42629e-05
1.9133e-05
6.9613e-06
1.02077e-05
1.9988e-05
1.18006e-05
8.70825e-06
4.08871e-06
1.71162e-05
1.87228e-05
1.86324e-08
3.00352e-09
3.40713e-08
4.31926e-09
1.09448e-09
1.36268e-08
5.07393e-08
2.69129e-08
2.04029e-09
1.05152e-09
2.07466e-09
2.54209e-09
5.36376e-09
4.65533e-09
1.3774e-09
1.9274e-09
5.17188e-09
1.24306e-08
1.94673e-08
3.16251e-08
4.93365e-08
2.33426e-08
6.82976e-08
2.86704e-08
8.02769e-09
2.89249e-08
9.84514e-08
4.98864e-08
6.46453e-09
6.7832e-09
1.49434e-08
1.49361e-08
2.28401e-08
1.51943e-08
3.43563e-09
8.30004e-09
1.91393e-08
4.16196e-08
3.73938e-08
5.31264e-08
1.20765e-07
5.29479e-08
2.1142e-07
2.76546e-07
8.3831e-08
7.69189e-08
5.90981e-07
2.18285e-07
4.98516e-08
7.86723e-08
1.44038e-07
3.0613e-07
3.30173e-07
1.89601e-07
5.8595e-08
2.8374e-09
6.17495e-08
6.87888e-07
2.33813e-07
7.64548e-08
1.27047e-07
3.12446e-07
2.41076e-07
7.8839e-06
7.19134e-06
5.08686e-06
1.11239e-05
3.6893e-06
4.72439e-07
1.24101e-07
8.10971e-07
2.50891e-06
1.80623e-06
9.48317e-07
5.27453e-07
1.7225e-07
1.81006e-07
1.59378e-06
6.99638e-06
6.07747e-06
8.98877e-06
1.50012e-06
7.18569e-07
4.43571e-06
7.98052e-06
7.42939e-06
6.67113e-06
2.12843e-05
4.33086e-06
1.65688e-06
2.00211e-06
4.13143e-06
4.80295e-06
2.6843e-06
4.98703e-06
1.77251e-06
1.04798e-06
3.46953e-06
9.92995e-06
1.16524e-05
1.48306e-05
1.26605e-05
4.87546e-06
4.30842e-06
1.47881e-05
6.7519e-06
2.33446e-05
1.55284e-05
2.0723e-05
1.6636e-05
3.79511e-06
8.78608e-06
2.26005e-05
1.63495e-05
2.75625e-05
2.19725e-05
4.63882e-06
3.90988e-06
2.42745e-06
9.938e-06
4.13355e-06
1.39301e-05
8.66724e-07
2.81933e-06
3.98513e-05
1.97341e-05
3.02337e-05
8.37951e-06
4.83994e-06
1.71685e-05
7.92683e-06
5.70291e-06
3.17558e-05
3.30314e-05
1.8864e-05
1.52544e-05
1.13287e-05
4.43116e-06
4.13342e-06
4.61863e-06
1.16271e-05
7.10302e-06
9.84037e-06
1.68203e-06
2.06379e-05
4.30323e-05
4.73784e-05
4.00958e-05
7.3838e-06
7.32598e-06
4.73223e-06
5.04188e-06
1.12172e-05
1.03851e-05
7.38096e-06
1.21164e-05
7.57088e-06
3.65148e-06
2.05796e-06
3.79186e-06
3.28665e-05
9.86392e-06
5.12018e-06
9.33621e-06
1.34408e-05
1.27607e-05
1.85327e-05
5.48655e-06
6.43192e-06
3.94005e-06
1.5036e-05
4.31563e-06
5.02007e-06
5.08015e-06
3.13314e-06
5.68156e-06
3.77963e-06
4.07829e-06
6.26728e-06
8.42239e-06
1.32344e-05
1.47427e-05
4.96652e-06
1.50519e-05
1.01774e-05
1.43115e-05
6.43679e-06
1.2019e-05
8.73773e-06
1.2944e-05
1.23663e-05
7.39678e-06
1.00386e-05
6.66703e-06
1.40177e-06
1.20107e-06
3.90866e-06
3.48363e-06
1.03673e-05
1.0541e-05
1.05166e-05
7.8217e-06
7.8171e-06
1.16421e-05
1.45409e-05
5.1692e-06
4.13283e-06
8.15031e-06
1.04197e-05
2.452e-05
2.29622e-05
3.83766e-06
3.72779e-06
8.03531e-06
2.20652e-06
3.07221e-06
8.91637e-06
8.54238e-06
5.23185e-06
5.65493e-06
1.32781e-05
2.03433e-05
1.25034e-05
3.98113e-06
3.79223e-06
9.72581e-06
2.30918e-05
7.11632e-06
1.01884e-05
4.39107e-06
1.33776e-05
2.17336e-05
1.646e-05
5.21162e-06
1.13053e-05
2.69972e-06
3.07467e-06
3.33542e-06
7.23261e-06
1.05574e-05
5.81588e-09
3.28229e-08
2.54134e-07
3.76134e-07
9.8165e-08
8.33256e-08
8.98664e-09
2.21581e-08
5.60955e-08
4.03059e-08
9.49229e-09
6.29451e-09
7.51184e-09
1.25522e-09
1.39424e-09
3.27434e-09
1.23902e-09
1.39386e-08
1.7857e-08
7.38588e-09
2.03876e-08
9.53503e-08
4.57917e-07
3.76373e-07
2.46918e-07
2.59194e-07
3.1312e-08
4.44138e-08
1.28058e-07
5.50535e-08
1.83141e-08
1.89271e-08
2.11777e-08
4.91424e-09
5.96236e-09
2.39557e-08
5.84938e-09
3.38578e-08
5.56395e-08
2.60567e-08
1.65635e-07
3.27446e-06
1.71454e-06
2.10956e-06
5.59162e-06
8.06174e-06
3.78522e-06
1.93815e-07
1.07632e-06
1.95223e-07
6.13849e-08
6.96115e-08
8.401e-08
2.30044e-08
6.3107e-08
5.37825e-07
6.9207e-07
1.88777e-07
2.54371e-07
3.94475e-07
2.07189e-06
4.29364e-06
7.75426e-06
4.37648e-06
9.53762e-06
2.68644e-05
2.89611e-05
1.6083e-05
7.70026e-06
2.51718e-06
3.40122e-06
9.15009e-07
1.31905e-06
9.4158e-07
3.9615e-07
6.17807e-07
2.04758e-06
3.34471e-06
5.32656e-06
2.52961e-06
2.9453e-06
4.23295e-06
9.69831e-06
6.352e-06
1.16193e-06
2.51209e-06
2.17575e-05
3.70351e-05
5.74494e-06
1.28799e-05
1.35743e-05
5.0571e-06
2.45199e-06
1.69714e-06
4.63184e-06
4.87058e-06
2.30483e-06
3.26473e-06
3.11009e-06
4.08387e-06
3.75094e-06
6.9501e-06
3.82944e-06
5.44027e-06
2.5519e-06
3.43253e-06
4.95558e-06
5.25503e-06
5.31324e-06
7.10702e-06
1.41759e-05
1.5692e-05
5.93681e-06
3.33217e-06
5.03927e-06
7.06637e-06
5.67189e-06
9.82262e-06
6.64665e-06
2.7798e-06
4.03952e-06
3.12889e-06
4.1149e-06
2.8474e-06
6.31053e-06
1.28398e-05
1.03855e-05
1.26259e-05
1.18011e-05
5.72688e-06
1.32981e-05
1.35661e-05
1.21087e-05
6.67214e-06
4.7103e-06
3.12474e-06
4.66344e-06
6.35648e-06
1.09712e-05
1.34056e-05
5.20871e-06
4.24372e-06
1.08043e-05
1.49969e-05
2.4559e-06
9.13416e-06
4.58393e-05
8.22044e-06
7.23025e-06
6.79146e-06
3.33185e-06
4.70202e-06
8.10585e-06
5.79757e-06
2.75148e-05
9.8946e-06
3.70834e-06
1.38565e-06
2.67275e-06
1.82181e-05
3.02797e-06
7.00089e-06
5.46157e-06
8.23139e-06
1.44855e-05
1.85324e-05
2.1511e-05
1.77214e-05
3.29941e-06
4.29419e-06
2.91494e-06
3.0184e-06
2.74597e-06
1.69082e-05
7.25883e-06
3.23286e-05
1.68159e-05
4.49651e-06
6.12529e-06
8.30528e-06
4.77354e-06
3.97395e-06
7.18063e-06
3.80074e-06
9.90013e-06
9.04826e-06
7.16718e-06
1.50514e-05
1.51611e-05
3.4486e-06
2.8463e-06
4.90755e-06
9.05182e-06
2.57056e-05
1.74489e-05
2.50128e-05
2.34894e-05
5.85839e-06
5.60524e-06
1.0119e-05
3.53119e-05
1.4623e-05
6.78356e-06
1.36961e-05
1.95719e-05
1.70838e-05
7.20015e-06
6.26751e-06
3.60135e-06
2.05268e-06
5.50013e-06
5.13148e-06
8.01953e-06
9.11093e-06
6.13417e-06
3.57923e-06
4.02345e-06
7.80433e-06
1.12034e-05
9.93474e-06
8.74459e-06
8.49333e-06
7.47847e-06
4.08575e-06
9.22271e-06
5.53476e-06
3.16447e-06
3.72242e-06
5.64345e-06
7.74923e-06
7.46152e-06
1.61182e-05
2.07918e-05
1.78305e-05
2.37188e-05
7.4828e-06
3.49774e-06
6.1541e-06
3.75199e-06
5.83431e-06
6.3699e-09
2.03951e-08
1.62297e-09
7.19036e-08
1.42721e-07
1.00271e-07
8.8363e-08
2.16731e-07
1.22109e-07
1.49968e-08
2.06122e-09
8.35963e-09
2.11853e-08
3.18136e-09
5.08384e-09
8.78546e-09
5.99989e-09
1.55958e-08
1.73641e-08
3.48969e-09
9.06391e-09
3.79316e-08
2.2491e-08
1.59908e-07
4.23991e-07
2.4741e-07
2.87829e-07
6.83057e-07
2.54829e-07
2.10256e-08
8.7693e-09
4.18735e-08
6.33426e-08
6.21184e-09
3.04176e-08
3.60275e-08
1.93209e-08
5.29356e-08
3.43822e-08
9.89794e-09
2.01177e-08
3.30579e-07
3.78122e-06
2.643e-07
5.19407e-07
1.56851e-06
1.16429e-06
2.82082e-06
2.91971e-06
7.55454e-07
3.11777e-07
1.54324e-07
2.45275e-07
2.09882e-07
8.55233e-08
1.1925e-07
2.50892e-07
6.71237e-07
1.31031e-07
2.03196e-08
2.02077e-06
2.28427e-07
9.63775e-07
6.65455e-06
4.12372e-06
4.26724e-06
9.09474e-06
8.64921e-06
6.9369e-06
5.52057e-06
5.34098e-06
6.21816e-06
7.93931e-06
6.97967e-06
4.22737e-06
6.83716e-07
1.0996e-06
4.71477e-06
3.32051e-06
3.79687e-07
1.99404e-06
5.74171e-07
1.01534e-06
4.88713e-06
3.15178e-06
6.42976e-06
8.15939e-06
1.91477e-05
8.57322e-06
1.15432e-05
1.286e-05
7.64544e-06
1.81633e-06
5.41038e-06
6.14643e-06
4.64569e-06
4.84774e-06
9.84124e-06
6.22668e-06
3.96902e-06
3.72585e-06
3.99753e-06
4.11291e-06
1.65528e-06
3.13644e-06
6.86153e-06
4.66871e-06
6.28813e-06
7.79989e-06
1.12571e-05
1.65971e-05
8.57585e-06
1.01547e-05
8.3315e-06
4.23686e-06
7.35568e-06
2.27393e-06
4.60297e-06
3.53572e-06
3.87302e-06
6.44296e-06
6.07265e-06
6.41339e-06
3.69165e-06
9.6205e-06
1.8973e-05
6.5381e-06
1.65809e-05
1.3635e-05
1.30794e-05
8.4115e-06
1.40831e-05
1.57798e-05
1.34121e-05
2.20489e-06
5.13648e-06
4.0986e-06
1.18293e-05
3.48317e-06
3.99696e-06
7.56761e-06
9.17878e-06
7.85585e-06
7.22354e-06
7.22334e-06
3.79639e-06
5.92629e-06
5.91395e-06
1.2404e-05
7.48671e-06
6.27717e-06
7.47938e-06
2.02528e-05
8.0949e-06
7.56667e-06
6.46567e-06
5.22103e-06
1.16529e-05
5.42505e-06
5.71665e-06
1.17104e-05
2.01e-05
1.8104e-05
5.8849e-06
5.95274e-06
9.62308e-06
1.46492e-05
1.6516e-05
4.86581e-06
6.87847e-06
5.69401e-06
3.86813e-06
4.50008e-06
1.34128e-05
1.25078e-05
5.02579e-06
6.14107e-06
1.54067e-05
1.04542e-05
5.91838e-06
7.92329e-06
1.31543e-05
2.0518e-05
1.37171e-05
7.50136e-06
8.84571e-06
3.05516e-06
2.30525e-05
8.05739e-06
3.0182e-06
7.81404e-06
8.60472e-06
1.60445e-05
1.46781e-05
2.96424e-05
2.46367e-05
1.37236e-05
1.36613e-05
1.5268e-05
5.17988e-06
9.42358e-06
1.23345e-05
3.08842e-05
7.16573e-06
5.49728e-06
1.19373e-05
1.13128e-06
5.23262e-06
3.65053e-06
3.15146e-06
5.61482e-06
8.15899e-06
2.4905e-05
2.79734e-05
1.69004e-05
7.78696e-06
3.58677e-06
6.19266e-06
4.93748e-06
4.76597e-06
8.61365e-06
3.53068e-06
4.37889e-06
2.68683e-06
4.12505e-06
3.53867e-06
2.78778e-06
1.89741e-06
3.12015e-06
6.8322e-06
2.07322e-05
9.59966e-06
6.78403e-06
7.89182e-06
4.43756e-06
1.14712e-05
1.19192e-05
1.27495e-05
9.36558e-06
8.31807e-06
1.07832e-08
3.357e-08
3.32874e-08
3.2429e-08
8.80511e-08
1.7333e-08
8.22669e-09
9.03435e-08
3.01943e-07
7.86513e-08
2.41692e-09
5.78792e-09
4.52242e-09
1.09624e-08
2.58657e-09
1.74315e-08
8.31357e-09
7.32823e-08
8.53249e-08
1.60515e-08
4.37963e-08
2.32573e-07
1.79499e-07
7.75004e-08
2.08617e-07
4.88865e-08
4.24728e-08
1.81012e-07
4.89689e-07
2.0088e-07
6.17007e-09
1.85483e-08
1.45378e-08
3.69347e-08
1.59453e-08
4.53533e-08
2.4022e-08
1.36602e-07
1.7075e-07
4.30525e-08
1.14933e-07
1.50356e-06
2.72521e-06
3.54213e-07
8.91765e-07
4.11632e-07
3.37205e-07
3.30289e-06
8.99952e-07
2.52664e-07
7.71566e-08
1.69872e-07
5.41263e-08
1.09052e-07
1.80889e-07
2.09064e-07
1.85869e-07
5.41463e-07
2.87061e-07
8.86644e-08
2.00981e-07
1.14867e-06
5.20126e-06
3.67861e-06
4.33567e-06
2.63347e-06
5.52629e-06
1.59309e-06
1.26672e-05
5.57291e-06
2.82531e-06
3.86277e-06
1.4765e-05
8.66335e-06
1.92064e-06
1.776e-06
1.10657e-06
6.62301e-07
1.82804e-06
2.61173e-07
4.25808e-07
5.7791e-07
2.47145e-06
1.00301e-05
3.88012e-06
1.83607e-06
4.9338e-06
1.7954e-06
2.44354e-05
4.09275e-05
2.69693e-05
8.72465e-06
3.27884e-06
2.02806e-05
8.7976e-06
3.67751e-06
4.65674e-06
9.97444e-06
6.02371e-06
3.84577e-06
4.8253e-06
9.46748e-06
1.66595e-06
2.33312e-06
3.305e-06
8.93769e-06
6.92384e-06
9.0651e-06
2.43072e-05
6.40258e-05
8.30341e-05
3.16027e-05
6.81929e-06
7.81115e-06
1.05431e-05
3.41923e-06
3.07233e-06
3.43037e-06
1.36619e-05
8.38414e-06
3.4543e-06
5.1321e-06
4.89161e-06
6.20113e-06
6.55084e-06
2.82236e-05
5.0211e-06
8.3832e-06
1.06985e-05
1.49139e-05
2.28667e-05
5.31735e-05
3.05614e-05
8.71341e-06
4.9268e-06
1.19152e-05
5.60742e-06
3.79087e-06
7.88764e-06
1.07587e-05
3.64485e-06
1.1341e-05
5.21341e-06
1.11873e-05
8.26922e-06
1.14508e-05
1.42596e-05
5.25003e-06
1.03467e-05
7.15839e-06
8.42581e-06
9.55817e-06
5.67989e-05
3.54513e-05
6.96354e-06
6.8352e-06
4.48903e-06
5.81034e-06
2.59286e-06
2.63022e-06
2.29972e-05
3.15115e-05
8.73576e-06
7.48677e-06
1.29821e-05
1.41039e-05
2.19283e-05
1.81549e-05
5.4114e-06
6.17701e-06
6.92199e-06
4.8615e-06
8.98763e-06
2.06348e-05
9.50674e-06
4.87094e-06
2.16642e-05
2.72587e-05
1.00926e-05
2.25125e-06
1.16802e-05
5.38663e-06
6.95067e-06
1.29238e-05
1.12908e-05
6.36193e-06
2.43631e-06
5.82454e-06
8.37147e-06
6.19974e-06
2.29094e-05
9.49564e-06
1.27407e-05
9.5896e-06
1.55123e-05
9.05784e-06
1.08971e-05
2.80864e-05
2.84485e-05
5.758e-06
7.80984e-06
2.6186e-06
2.01258e-05
1.7091e-05
5.53437e-06
5.78997e-06
2.2417e-06
4.39663e-06
5.46203e-06
4.28922e-06
1.3512e-05
1.41165e-05
1.59439e-05
1.14726e-05
6.69396e-06
5.27908e-06
7.70176e-06
1.11504e-05
7.54662e-06
5.31559e-06
1.08555e-05
5.68687e-06
7.04375e-06
6.88513e-06
3.08636e-06
3.77031e-06
2.29587e-06
2.2791e-06
2.91268e-06
2.03867e-05
3.82594e-05
1.52225e-05
6.21056e-06
3.98013e-06
3.92432e-06
7.15549e-06
5.51175e-06
7.88e-06
7.65641e-06
1.31475e-05
7.24272e-09
2.20595e-08
2.99493e-08
2.29933e-08
1.04657e-07
1.55074e-08
6.3602e-09
6.21269e-08
7.02424e-08
1.82903e-08
1.44077e-09
3.9437e-10
2.60335e-09
7.51693e-09
5.16031e-09
1.71845e-09
4.7395e-09
3.86152e-08
3.94285e-08
6.91819e-09
5.65607e-08
1.33916e-07
5.95417e-08
5.95148e-08
5.60201e-08
1.61994e-07
2.83042e-08
2.78717e-07
2.57961e-08
1.53631e-08
6.22353e-09
2.36031e-08
5.62677e-08
1.88286e-08
1.66173e-08
4.63035e-09
2.24405e-08
7.4219e-08
9.20726e-08
3.35831e-08
7.83686e-07
1.32386e-07
1.54214e-07
4.36877e-07
1.44422e-06
2.68139e-07
2.5574e-07
6.45382e-07
5.32163e-07
6.37865e-08
2.3167e-08
8.15834e-08
6.40695e-07
4.70397e-07
1.03076e-07
7.01655e-08
3.79973e-08
2.02398e-07
1.81898e-07
2.88685e-07
7.17898e-06
8.3958e-06
2.38655e-06
5.13643e-07
3.99797e-06
4.93969e-06
5.38248e-06
7.17371e-06
9.3472e-06
6.42676e-06
2.01744e-06
2.21635e-06
6.36275e-06
6.42031e-06
4.88715e-06
3.71129e-07
4.89291e-06
1.6306e-06
9.69838e-07
8.57947e-07
5.92942e-06
8.53309e-06
4.10698e-06
5.84124e-06
3.40469e-06
9.16205e-06
5.59339e-06
2.6283e-06
9.86776e-06
7.77229e-06
5.70719e-06
2.21915e-06
6.331e-06
8.06759e-06
3.30307e-05
1.41101e-06
1.05551e-05
7.95734e-06
1.65529e-05
1.62989e-06
2.01061e-05
1.51932e-05
4.26801e-06
1.06895e-05
5.86636e-06
8.09154e-06
1.30491e-05
7.59272e-06
8.81777e-06
6.33742e-06
1.20322e-05
6.61431e-06
2.48169e-06
1.42783e-05
3.19389e-05
6.74478e-06
2.29819e-05
1.22692e-05
2.2522e-05
4.60861e-06
7.88932e-06
1.19508e-05
4.81364e-06
2.70649e-05
1.11661e-05
5.18515e-06
3.37038e-06
8.35953e-06
1.15523e-05
1.52871e-05
9.98223e-06
1.02317e-05
4.01175e-06
3.00512e-06
6.99337e-06
7.13823e-06
1.08865e-05
6.04625e-06
3.66688e-06
4.78127e-06
1.50572e-05
3.70516e-05
1.70738e-05
4.26788e-05
2.45471e-05
4.73187e-06
6.86728e-06
1.43658e-05
5.66428e-06
1.01363e-05
1.40783e-05
1.05394e-05
4.03802e-06
3.07766e-06
7.45123e-06
4.04293e-05
4.8958e-05
3.38377e-05
2.73207e-05
1.45419e-05
2.9845e-05
1.39404e-05
3.55173e-05
9.99726e-06
3.98528e-05
1.78649e-05
1.74257e-05
1.15396e-05
6.40845e-06
2.04197e-05
1.69656e-05
7.93131e-06
1.13598e-05
6.66725e-06
1.24439e-05
9.19434e-06
6.05566e-05
1.17492e-05
9.80451e-06
4.30644e-05
2.1026e-05
2.94057e-05
3.51879e-05
6.35542e-06
5.42887e-06
1.55006e-05
1.78188e-05
1.41486e-05
8.97076e-06
5.57448e-06
1.72942e-05
1.63584e-05
7.87735e-06
1.02489e-05
4.35129e-06
1.54117e-05
1.67271e-05
1.0832e-05
1.92439e-05
2.68055e-05
5.16447e-06
4.30519e-06
8.32094e-06
4.46899e-06
4.91545e-06
8.57409e-06
9.22369e-06
1.0248e-05
1.18127e-05
8.76427e-06
5.67965e-06
5.97217e-06
6.85093e-06
1.38926e-05
8.54406e-06
6.79974e-06
6.50481e-06
1.58945e-05
6.09626e-06
2.07245e-05
6.11708e-06
6.49829e-06
7.14583e-06
6.32808e-06
5.47719e-06
4.58672e-06
5.27806e-06
4.98531e-06
5.86963e-06
1.22158e-05
7.25387e-06
8.85766e-06
8.34042e-06
2.45397e-05
2.25387e-05
1.03975e-05
2.56471e-06
2.59113e-06
3.85317e-06
1.12482e-05
4.92687e-09
6.52953e-09
1.39354e-08
4.18671e-09
5.40302e-09
1.33725e-08
3.23549e-09
1.09113e-08
5.49039e-09
1.68239e-08
5.14292e-09
1.22695e-08
7.19565e-08
1.03196e-07
6.02588e-08
3.00836e-08
1.90675e-08
1.4277e-08
9.96043e-09
5.83128e-09
1.52169e-08
1.29257e-08
3.63635e-08
5.92694e-09
3.0527e-08
1.17556e-07
1.126e-08
2.47853e-08
2.58148e-08
2.43825e-08
9.01824e-09
7.81808e-08
1.95975e-07
2.37226e-07
1.05926e-07
7.71965e-08
6.49227e-08
4.90853e-08
2.70106e-08
1.5706e-08
7.37396e-08
8.48506e-08
1.48174e-07
2.86778e-07
2.36528e-07
7.16046e-07
1.35918e-07
4.66681e-08
4.65888e-08
1.67014e-07
1.3098e-07
2.00307e-07
7.38265e-07
1.49985e-06
5.27319e-07
3.31834e-07
3.52371e-07
2.5599e-07
1.45906e-07
1.35439e-07
6.0376e-06
2.51529e-06
1.07527e-06
2.47927e-06
2.93365e-06
1.0921e-06
4.90441e-07
1.31497e-06
5.26216e-07
2.70914e-07
5.9482e-07
2.63365e-06
2.86397e-06
3.02462e-06
1.24579e-05
8.47074e-06
2.23885e-06
2.27696e-06
1.01459e-06
8.41408e-07
1.29767e-05
8.40108e-06
3.52174e-06
2.07173e-06
1.54431e-06
4.79553e-06
1.68057e-05
6.65412e-06
2.42913e-06
5.25717e-06
5.00391e-06
2.08692e-06
1.34755e-06
1.65441e-06
9.96481e-06
1.60737e-05
5.56135e-06
4.97961e-06
3.56692e-06
7.52812e-06
1.07636e-05
8.12702e-06
6.28435e-06
4.34462e-06
4.3656e-06
9.13007e-06
2.6494e-05
1.6511e-05
5.82015e-06
6.04419e-06
5.59565e-06
3.86835e-06
5.85176e-06
2.04506e-06
1.72818e-06
1.33295e-05
7.32906e-06
4.73025e-06
7.4399e-06
4.15836e-06
9.08956e-06
1.27614e-05
3.60075e-05
2.13132e-05
1.11852e-05
7.27414e-06
1.7344e-05
8.60954e-06
1.07885e-05
1.13413e-05
1.0775e-05
6.57736e-06
7.33435e-06
1.52791e-05
1.05744e-05
7.35203e-06
2.16578e-05
7.43007e-06
1.75279e-05
1.30977e-05
3.36976e-05
1.78097e-05
5.09446e-06
7.721e-06
1.72724e-05
4.36284e-06
5.77201e-06
4.48264e-06
6.1633e-06
4.20252e-06
6.73814e-06
4.04715e-06
3.91073e-06
1.33934e-05
1.26844e-05
1.19772e-05
6.49386e-05
1.42253e-05
1.63875e-05
6.32648e-05
4.0518e-05
1.42426e-05
1.88688e-05
7.4865e-06
7.19836e-06
1.13646e-05
1.35172e-05
2.37185e-05
1.10396e-05
8.28898e-06
9.01196e-06
7.11657e-06
4.75231e-06
4.1391e-06
2.03803e-05
1.43426e-05
4.67066e-05
5.95709e-05
2.70162e-05
6.77045e-05
8.85228e-06
4.72327e-06
2.7985e-05
8.99707e-06
4.7883e-06
3.87691e-06
7.12827e-06
1.47027e-05
1.20434e-05
2.50925e-05
4.6494e-05
3.45985e-05
1.02259e-05
1.92833e-06
1.03998e-05
4.47973e-06
6.67103e-06
1.2863e-05
3.88589e-05
1.31807e-05
1.43546e-05
1.5462e-05
4.1745e-06
8.05065e-06
8.2801e-06
4.80589e-06
1.2622e-05
8.02071e-06
6.64808e-06
7.4713e-06
7.94668e-06
2.01103e-05
1.4606e-05
1.72373e-05
3.76417e-06
3.55568e-06
4.69333e-06
5.01172e-06
2.24105e-05
9.70667e-06
6.43449e-06
7.50807e-06
1.05817e-05
1.29995e-05
5.96936e-06
6.15717e-06
5.67939e-06
8.30921e-06
1.29036e-05
7.21382e-06
5.81553e-06
5.39081e-06
6.29939e-06
3.0843e-05
4.90182e-06
2.9516e-06
4.08677e-06
4.28946e-06
9.20427e-06
4.72682e-06
3.04203e-08
2.5821e-08
9.62299e-08
3.50031e-08
2.37892e-09
1.11467e-08
4.9839e-09
5.67618e-09
3.90547e-08
2.72087e-08
1.91909e-09
1.04269e-09
1.90153e-08
2.00861e-08
8.55906e-09
8.49071e-09
1.06567e-08
4.54281e-09
1.27901e-09
5.2732e-09
8.79123e-08
8.47556e-08
2.97446e-07
3.68693e-08
2.82019e-08
3.21504e-08
9.93435e-09
1.44792e-08
1.39755e-07
1.21662e-07
1.79928e-08
1.62953e-08
6.30045e-08
4.97903e-08
2.17287e-08
3.0233e-08
3.0014e-08
9.71173e-09
3.38664e-09
1.57679e-08
2.80056e-07
3.32288e-07
1.03818e-06
6.30355e-07
1.50356e-07
3.18744e-07
1.27916e-07
3.48221e-08
1.3768e-07
4.25015e-07
4.44514e-07
5.3966e-08
5.78663e-07
1.00822e-06
1.36752e-06
8.81528e-08
1.66991e-07
7.40428e-08
4.36796e-08
1.30172e-07
1.60059e-06
4.83559e-07
3.41892e-06
1.28391e-05
1.32298e-05
3.26786e-06
1.24676e-06
4.87018e-07
1.13144e-07
6.48603e-07
8.41263e-07
2.98417e-07
7.69321e-07
5.09238e-06
1.89637e-05
2.34519e-05
3.17696e-06
2.09565e-06
9.80884e-07
2.67107e-06
5.18255e-06
2.30003e-06
1.58051e-06
1.0198e-05
8.68146e-06
1.36127e-05
9.9006e-06
5.43784e-06
6.99741e-07
3.4672e-06
6.20794e-06
2.03206e-06
1.93246e-06
3.49843e-06
1.24771e-05
2.62252e-05
2.40323e-05
5.47031e-06
2.16235e-06
7.00324e-06
4.6758e-06
3.75861e-06
4.80471e-06
4.54382e-06
2.79845e-06
3.90968e-06
1.97661e-05
2.88112e-05
3.3783e-06
7.42536e-06
5.57183e-06
3.68323e-06
4.85977e-06
1.90162e-06
4.40111e-06
6.99746e-06
1.21732e-05
3.64532e-06
4.97057e-06
5.31764e-06
6.52931e-06
5.86608e-06
1.17911e-05
1.1222e-05
1.82415e-05
8.43243e-06
3.57086e-05
5.33904e-05
1.92549e-05
1.69173e-05
9.56698e-06
5.71311e-06
9.08473e-06
2.6056e-06
1.78809e-05
1.30059e-05
1.48902e-05
2.80176e-05
4.8845e-06
5.42362e-06
9.74338e-06
1.44645e-05
9.33572e-06
7.26922e-06
3.43778e-05
5.86876e-06
4.92273e-06
1.80479e-05
2.5555e-05
1.1816e-05
8.03651e-06
8.59887e-06
1.29113e-05
7.43339e-06
2.85214e-05
1.36335e-05
1.40463e-05
3.05055e-05
4.72342e-06
1.6572e-05
1.31104e-05
2.66486e-05
3.53765e-06
7.09064e-06
1.53878e-05
1.08959e-05
4.00466e-06
2.37749e-05
3.5468e-06
3.90588e-06
4.84104e-06
1.48483e-05
1.01092e-05
5.0327e-06
8.90723e-06
2.12353e-05
1.72905e-05
3.98847e-05
1.62254e-05
1.4329e-05
1.30984e-05
2.48917e-05
3.10419e-05
1.52304e-05
5.16792e-06
1.30321e-05
1.47229e-05
1.47022e-05
4.07434e-05
4.54144e-05
4.26641e-05
8.22194e-06
5.84714e-06
5.03588e-06
2.34978e-06
8.0246e-06
1.48833e-05
1.39999e-05
3.0766e-05
6.62544e-06
2.01142e-05
9.63588e-06
7.73954e-06
7.43144e-06
3.64388e-06
6.07679e-06
8.80767e-06
3.01319e-06
1.15848e-05
1.82357e-05
1.62257e-05
9.71177e-06
1.50518e-05
4.86839e-06
2.95272e-06
6.60948e-06
9.60558e-06
5.22498e-06
3.56739e-05
1.38683e-05
1.16739e-05
6.63959e-06
5.55246e-06
9.18087e-06
7.01469e-06
6.39073e-06
4.47244e-06
2.97773e-06
1.00741e-05
6.70693e-06
2.96985e-06
2.59517e-06
8.83153e-06
2.55979e-05
4.80534e-06
5.09872e-06
1.70075e-05
4.66085e-06
1.71666e-05
1.12468e-05
4.77332e-08
2.87158e-08
6.3132e-08
4.96932e-08
1.78173e-08
2.72687e-08
5.5138e-09
1.76365e-09
4.75958e-10
2.9191e-09
5.01816e-09
8.27928e-09
9.43411e-09
1.37411e-09
5.4698e-09
1.29034e-08
9.20021e-09
1.76646e-09
6.96231e-10
7.72451e-09
3.77484e-07
1.42611e-07
1.17385e-07
1.68123e-07
8.57599e-08
1.02369e-07
3.38763e-08
9.44068e-10
2.74268e-09
1.04861e-08
1.30842e-08
2.11202e-08
2.43528e-08
5.35524e-09
1.2794e-07
1.28117e-07
6.02428e-08
2.13343e-08
2.58655e-09
5.04085e-08
1.45225e-06
5.31512e-06
1.47961e-06
1.12131e-06
2.09753e-07
1.34465e-07
7.23955e-08
6.13792e-08
8.52933e-08
3.20905e-08
1.13447e-07
2.41215e-07
2.28822e-07
1.96688e-07
6.01523e-07
1.45968e-06
2.3502e-06
2.79711e-07
9.71605e-08
8.74191e-08
3.64029e-07
1.62067e-06
3.14089e-06
5.78415e-06
6.48994e-07
1.46177e-06
1.47566e-06
8.3259e-07
3.93892e-07
6.059e-07
1.00493e-06
3.53771e-07
1.37456e-06
3.74401e-06
3.99049e-06
6.68535e-06
1.30252e-06
1.86867e-06
8.77011e-06
3.66417e-06
3.73766e-06
3.98239e-06
2.54177e-06
4.014e-06
1.40655e-06
1.87516e-06
8.46618e-07
4.58235e-07
5.01501e-07
1.16906e-06
5.40897e-06
6.42348e-06
5.5576e-06
2.32198e-06
4.17529e-06
5.86905e-06
4.53214e-06
4.0236e-06
2.28376e-05
1.32964e-05
6.59315e-06
6.41775e-06
3.7198e-06
4.71797e-06
2.10179e-06
1.70387e-06
3.05572e-06
3.46474e-06
2.94136e-06
2.77324e-06
1.98281e-06
6.76395e-06
1.14157e-05
1.80024e-06
2.68007e-06
7.89779e-07
1.09686e-05
1.01256e-05
1.12944e-05
3.46565e-05
1.36061e-05
2.29417e-06
5.05155e-06
5.24974e-06
9.95584e-06
1.65499e-06
1.73281e-06
4.61056e-06
3.20454e-06
4.64892e-06
2.74538e-06
1.05157e-05
6.06648e-06
4.28106e-06
6.39523e-06
5.34157e-06
9.21266e-06
1.18169e-05
7.80518e-06
2.39235e-05
3.50583e-05
3.7211e-06
4.16693e-06
3.52287e-06
1.56119e-05
1.8982e-05
5.82513e-06
9.20877e-06
7.0285e-06
1.14631e-05
1.74405e-05
2.32165e-05
4.87068e-06
5.88649e-06
4.96462e-06
4.23087e-06
3.43588e-06
4.4315e-05
1.34104e-05
2.46365e-05
3.09752e-05
1.51003e-05
1.19005e-05
6.25059e-06
7.14605e-06
1.16744e-05
2.50566e-06
4.9597e-06
4.32122e-06
5.44316e-06
2.12041e-05
6.13368e-05
2.97589e-05
9.83321e-06
1.0514e-05
1.14702e-05
1.53936e-05
8.06365e-06
1.35413e-05
1.39917e-05
1.92814e-05
7.49325e-06
1.17397e-05
2.34474e-05
1.6364e-05
1.49276e-05
6.58512e-06
5.91665e-06
6.11022e-06
9.32317e-06
6.96806e-06
2.95088e-05
1.24794e-05
1.34045e-05
2.05766e-05
4.19954e-05
8.0531e-06
4.04587e-06
1.19234e-05
3.39968e-05
2.442e-05
7.6496e-06
8.07916e-06
5.2617e-06
3.96524e-06
3.80932e-06
5.61465e-06
3.43542e-06
1.64231e-05
2.01928e-05
2.60172e-05
8.70547e-06
7.38779e-06
9.53141e-06
5.33867e-06
2.51633e-05
1.17157e-05
7.31609e-06
6.90093e-06
1.3173e-05
7.66471e-06
5.44128e-06
4.3041e-06
7.45883e-06
1.01638e-05
9.72611e-06
1.11405e-05
1.03287e-05
1.86981e-05
3.34782e-05
1.27653e-05
1.4888e-05
1.30861e-05
2.70967e-06
4.84032e-06
6.42447e-06
7.7459e-06
7.88612e-06
5.95712e-06
6.07125e-06
4.5193e-08
2.81839e-08
9.82083e-09
8.02009e-09
9.19875e-09
1.51978e-08
1.11144e-08
5.41559e-10
5.70297e-09
1.55638e-08
3.33969e-08
4.54847e-08
2.36789e-08
4.89578e-09
3.40682e-09
6.23095e-09
1.285e-08
1.10179e-08
8.35488e-09
1.45143e-08
1.3254e-07
8.47286e-08
1.51535e-08
1.54427e-08
1.71741e-08
4.28662e-08
2.94427e-08
1.95273e-09
2.1221e-08
6.10097e-08
1.24658e-07
1.43795e-07
8.56511e-08
9.50059e-09
1.51577e-08
1.92943e-08
3.50421e-08
1.30218e-07
2.77682e-08
5.9983e-08
4.93317e-07
5.92789e-07
8.67516e-08
2.01572e-08
1.7511e-08
1.26518e-07
1.66504e-07
3.076e-08
1.16e-07
4.62519e-07
2.098e-06
3.57106e-06
2.21268e-06
7.41836e-07
7.52855e-08
2.08694e-07
1.4932e-07
4.15824e-06
4.9352e-06
2.99229e-07
6.97031e-06
1.83039e-06
1.44513e-06
3.31837e-07
1.78462e-07
3.5474e-07
6.39286e-07
1.91249e-07
1.03718e-07
5.57561e-07
7.1335e-06
2.37017e-05
2.18539e-05
1.43301e-05
5.62114e-06
6.31671e-06
2.54093e-06
1.69789e-06
7.32134e-06
1.35271e-05
1.13243e-05
4.20668e-06
2.05126e-06
2.08521e-06
1.25756e-06
3.00839e-06
2.07574e-06
1.28358e-06
1.548e-07
2.7321e-07
1.94047e-06
1.43317e-05
2.25388e-05
2.0207e-05
6.04813e-06
1.29828e-05
1.24905e-05
4.82579e-06
5.07079e-06
7.27176e-06
9.82491e-06
5.08435e-06
4.2236e-06
5.00223e-06
1.93109e-06
2.07111e-06
1.01002e-05
7.72316e-06
2.34988e-06
8.94446e-07
2.54014e-06
7.43716e-06
1.07308e-05
2.52512e-05
2.14271e-05
3.75372e-06
2.54794e-06
3.2951e-06
8.35286e-06
8.67392e-06
1.23471e-05
4.18725e-06
1.87574e-06
2.99193e-06
2.69502e-06
4.30338e-06
7.97279e-06
7.23827e-06
5.89217e-06
5.37352e-06
4.49093e-06
4.46749e-06
5.97794e-06
3.89645e-06
1.06245e-05
3.01601e-06
3.11979e-06
7.10816e-06
3.11208e-06
6.59725e-06
1.46755e-05
1.32924e-06
2.75896e-06
1.17733e-06
1.97787e-05
4.233e-06
7.3783e-06
2.88926e-06
2.30545e-06
6.44191e-06
1.18998e-05
6.28089e-06
4.93043e-06
2.54023e-06
4.92326e-06
4.34983e-06
3.39244e-06
1.0567e-05
3.06126e-06
4.5903e-06
8.22906e-06
8.97433e-06
2.30587e-06
2.31747e-06
1.64537e-05
8.92841e-06
3.43102e-06
1.5647e-06
1.75078e-06
3.03508e-06
6.73292e-06
1.26784e-05
4.92055e-06
9.7072e-06
1.19357e-05
2.35022e-05
5.28841e-06
5.4113e-06
8.31264e-06
6.01105e-06
1.65252e-05
9.85958e-06
4.14133e-06
5.11697e-06
3.16505e-06
2.44284e-05
1.91686e-05
1.95847e-06
3.16571e-06
3.77588e-06
9.93301e-06
6.25394e-06
6.11509e-06
1.7087e-05
6.6594e-06
7.02753e-06
7.69389e-06
3.215e-06
7.87498e-06
1.32179e-05
9.31217e-06
2.46792e-05
1.80379e-05
6.08444e-06
5.74362e-06
9.70527e-06
5.38451e-06
1.47687e-06
2.45679e-06
3.45799e-06
1.68226e-05
1.63373e-05
8.3708e-06
3.79515e-06
4.45379e-06
3.02317e-05
1.11411e-05
1.52277e-05
2.0855e-05
8.95966e-06
2.58795e-05
3.69269e-05
1.65711e-05
9.26999e-06
7.18327e-06
1.18051e-05
9.40505e-06
4.57027e-06
4.9165e-06
5.13006e-06
7.40193e-06
8.73266e-06
1.39705e-05
3.84822e-06
6.53269e-06
1.75158e-05
2.68786e-05
7.6692e-06
8.32909e-06
3.75379e-06
4.08528e-06
2.73441e-05
2.27154e-05
1.87755e-05
2.15383e-05
2.68946e-05
1.02725e-05
2.34112e-05
3.09122e-06
7.69203e-06
1.78301e-05
4.57275e-05
1.73602e-05
1.53372e-05
7.13628e-06
6.29898e-06
1.2189e-05
1.45923e-05
5.60083e-06
8.9478e-06
9.43834e-06
2.66537e-05
1.17807e-05
6.49406e-06
1.83333e-06
5.34023e-06
1.62129e-05
8.98838e-06
1.03428e-05
2.61648e-05
5.14351e-05
1.02697e-05
1.98609e-05
3.00221e-05
1.05428e-05
9.95995e-06
7.51685e-06
1.65806e-05
2.16194e-05
2.63668e-05
1.33926e-05
1.00443e-05
5.88179e-06
6.13537e-06
1.16658e-05
1.00997e-05
6.23604e-06
5.33904e-06
7.43091e-06
2.98971e-06
4.9775e-06
2.18622e-06
3.48257e-06
2.04631e-05
2.71432e-05
7.46415e-06
3.72001e-06
7.32439e-06
2.5855e-06
4.91818e-06
2.30287e-05
1.45337e-05
5.9311e-06
1.03107e-05
1.28269e-05
7.30432e-06
9.01111e-06
2.61468e-05
2.40743e-05
1.39076e-05
7.30901e-07
4.22882e-06
3.48911e-06
5.22939e-06
5.9607e-06
8.3109e-06
7.79258e-06
1.30181e-05
7.13908e-06
4.62369e-06
2.71539e-05
9.15188e-06
1.40708e-05
1.33705e-05
3.74881e-05
2.47028e-05
1.29055e-05
5.36232e-06
1.43323e-05
8.11102e-06
4.82632e-06
5.65106e-06
7.11195e-06
6.51227e-06
1.4734e-05
3.33871e-05
1.54107e-05
6.77221e-06
7.84429e-06
6.30076e-06
1.29828e-05
1.24632e-06
1.34072e-06
8.56825e-06
2.13857e-05
9.93546e-06
5.07067e-06
8.10441e-06
4.05106e-06
5.5113e-06
1.03538e-05
9.07669e-06
5.88488e-06
5.20178e-06
5.65635e-06
1.17218e-05
5.18495e-06
5.62126e-06
3.81889e-06
4.24742e-06
2.56102e-05
2.16999e-06
5.32208e-06
5.42874e-06
9.99119e-06
2.41928e-06
3.08957e-06
5.94068e-06
9.22521e-06
5.88189e-06
7.58969e-06
8.16226e-06
3.32944e-06
2.25572e-05
9.50038e-06
2.19154e-06
1.42076e-06
2.20061e-06
2.65201e-06
6.60405e-06
2.71857e-06
2.43913e-06
5.02324e-06
1.06268e-06
6.12829e-07
1.87429e-06
9.66564e-06
5.01895e-06
2.69418e-06
1.52074e-06
1.43067e-05
1.92966e-06
1.20462e-05
5.95958e-06
4.52549e-07
8.76881e-07
1.3951e-06
3.13776e-06
7.44408e-06
1.13987e-05
2.63983e-06
2.2068e-06
1.12409e-06
1.66268e-07
7.18813e-07
1.56431e-06
3.65834e-06
1.38702e-06
4.29223e-07
4.20925e-06
4.10296e-06
3.25848e-06
6.24243e-06
7.85463e-08
2.6475e-07
6.00219e-07
1.05118e-06
2.06875e-06
4.65939e-06
2.11364e-06
1.59024e-07
1.66707e-07
1.60015e-07
1.51985e-07
4.21058e-07
1.37182e-06
1.12218e-06
4.2999e-07
1.72895e-07
2.03083e-07
6.0436e-07
4.88185e-08
2.27736e-08
5.14373e-09
1.06803e-07
1.42646e-07
1.57456e-07
1.70274e-07
2.61827e-07
5.29989e-07
2.95712e-08
4.05748e-08
4.53874e-08
5.85715e-08
1.27575e-07
3.45363e-07
2.03865e-07
5.26323e-08
9.02518e-09
2.87996e-08
1.46289e-08
2.04219e-08
1.06978e-08
6.57769e-10
6.58063e-09
1.44256e-08
1.15346e-08
1.42943e-08
6.84132e-08
6.2266e-08
5.9986e-09
7.43835e-09
1.3457e-08
1.18814e-08
3.30098e-08
1.10883e-07
6.30201e-08
1.32603e-08
1.46864e-09
4.31413e-09
1.30386e-09
6.49949e-09
4.03349e-09
1.92587e-10
1.38948e-09
2.82459e-09
2.05271e-09
2.95017e-09
1.18214e-08
1.47515e-08
6.65316e-06
1.47252e-05
2.55736e-05
7.20017e-06
1.21362e-05
8.8623e-06
6.84961e-06
1.33791e-05
2.82486e-06
5.75918e-06
1.77739e-05
3.63817e-05
1.9063e-05
1.4583e-05
5.19254e-06
9.55508e-06
1.20567e-05
7.76766e-06
8.00286e-06
1.87e-06
1.51601e-05
3.0831e-05
1.31234e-05
5.63889e-06
1.23574e-05
4.61403e-06
9.03129e-06
5.33894e-06
5.27945e-06
1.76748e-05
2.56667e-05
2.23879e-06
3.63849e-06
1.17325e-05
4.20614e-06
2.91323e-06
3.58827e-06
8.21471e-06
3.07579e-05
2.64479e-05
4.7763e-05
1.68691e-05
6.75303e-06
3.56669e-06
2.78062e-06
9.31801e-06
3.9059e-06
1.11475e-05
1.02402e-05
4.48005e-06
4.62114e-06
3.26909e-06
6.85806e-06
4.14864e-06
4.69517e-06
1.01212e-05
1.32139e-05
5.67409e-06
1.80945e-05
9.23121e-06
6.96104e-06
4.93708e-06
2.1042e-05
5.73365e-05
1.31112e-05
1.52193e-05
1.85758e-05
2.49927e-05
1.60441e-05
8.2843e-06
3.59393e-06
4.16017e-06
7.88193e-06
5.07907e-06
5.08045e-06
9.78019e-06
9.68725e-06
4.98739e-06
2.06859e-05
6.87655e-06
1.33834e-05
8.35607e-06
1.12058e-05
2.18329e-05
3.94706e-05
1.4878e-05
9.66982e-06
7.00434e-06
8.8683e-06
5.33952e-06
2.70829e-06
8.54514e-06
1.65314e-05
4.64711e-06
2.49794e-06
1.9924e-05
6.94881e-06
1.14829e-05
2.62311e-06
1.02362e-05
1.25246e-05
7.30545e-06
3.31211e-06
5.50811e-06
1.60431e-05
3.87442e-06
3.18807e-06
2.19565e-06
4.74495e-06
9.64356e-06
2.32223e-06
1.88339e-05
1.32022e-05
3.90121e-06
1.07323e-05
5.77532e-06
8.64773e-06
4.64617e-06
1.74548e-05
3.42999e-05
4.77753e-06
3.33047e-06
2.24964e-06
6.11529e-06
7.57875e-06
2.97842e-06
4.57068e-07
1.82769e-06
5.8676e-06
1.3734e-05
5.79725e-06
1.01321e-05
3.88571e-06
6.60338e-06
7.98738e-06
9.64369e-06
1.36128e-05
1.85161e-05
4.97302e-05
3.27827e-05
1.01293e-05
8.28037e-06
1.91813e-06
1.98667e-06
1.1553e-06
3.989e-07
4.98683e-07
1.27736e-06
8.92505e-06
9.10563e-06
9.75204e-06
8.93673e-06
2.12445e-06
1.12149e-06
1.44382e-06
7.57451e-06
1.45767e-05
1.21209e-05
1.77299e-05
1.43167e-05
1.39172e-06
1.10159e-06
1.52265e-06
1.94479e-06
1.26771e-06
4.57676e-07
1.14615e-06
2.36245e-06
2.7557e-06
8.04682e-06
8.42771e-06
2.86176e-06
2.24699e-06
3.65937e-07
8.25909e-06
1.03068e-05
1.37601e-05
1.24894e-05
7.46322e-06
7.55523e-07
1.36424e-07
2.95181e-07
5.23971e-07
7.83006e-07
4.39366e-07
2.27655e-08
2.29813e-07
6.33024e-08
6.69411e-07
1.06102e-05
7.50246e-06
2.58595e-07
8.68764e-08
2.10712e-07
1.20878e-07
1.57924e-07
3.50667e-07
4.04247e-07
2.09451e-07
8.43195e-08
5.82965e-09
3.58964e-08
1.24216e-07
7.75633e-08
2.52037e-09
2.76782e-10
2.96031e-09
9.72952e-09
7.21928e-08
3.37451e-07
2.21876e-07
3.05923e-08
1.89506e-08
5.90979e-08
1.04563e-08
8.77956e-09
7.09896e-08
1.15249e-07
3.49028e-08
2.54794e-08
6.62745e-09
1.6145e-08
6.31833e-08
3.89413e-08
5.82977e-09
7.9737e-10
5.93565e-10
2.28507e-09
8.01296e-09
1.00637e-07
2.52403e-07
3.36899e-08
1.0504e-08
1.7601e-08
1.11393e-08
6.69362e-09
3.46777e-08
6.76985e-08
7.52375e-08
4.11184e-08
5.3699e-06
4.68304e-06
8.40779e-06
7.99646e-06
9.27556e-06
5.64551e-06
1.01534e-05
1.5067e-05
9.68248e-06
3.10044e-06
4.80043e-06
8.20415e-06
6.50613e-06
6.55631e-06
1.04423e-05
2.88914e-06
4.34497e-06
8.20515e-06
1.1707e-05
5.10865e-06
3.14104e-06
4.72632e-06
7.81487e-06
1.16222e-05
1.35846e-05
8.10468e-06
4.2518e-06
1.13686e-05
8.90023e-06
5.6426e-06
1.03116e-05
3.31972e-06
4.07626e-06
9.59625e-06
9.46188e-06
3.2034e-06
2.2695e-06
2.63848e-06
3.65687e-06
5.08061e-06
1.3376e-05
1.18331e-05
9.67898e-06
4.47646e-06
3.28255e-06
5.08562e-06
6.97464e-06
9.51612e-06
1.83604e-05
1.03015e-05
9.01466e-06
9.2207e-06
5.96156e-06
4.76796e-06
5.94992e-06
4.82515e-06
8.92552e-06
4.99244e-06
1.92769e-05
3.77371e-06
8.30349e-06
1.76836e-05
5.05711e-06
5.26945e-06
5.63928e-06
1.58039e-05
6.45789e-06
6.32851e-06
1.70829e-05
6.95788e-06
2.26875e-05
2.28117e-05
9.28435e-06
1.25633e-05
1.22299e-05
8.1389e-06
2.0848e-05
1.96979e-05
2.30602e-05
7.74383e-06
3.26204e-06
1.99822e-05
6.5587e-06
5.33873e-06
1.05112e-05
1.78345e-05
3.39905e-06
4.89009e-06
3.17044e-06
1.7906e-05
4.24658e-05
8.41089e-06
1.49937e-05
6.39292e-06
2.78567e-06
9.55535e-06
7.18563e-06
1.8828e-05
2.14937e-05
1.21206e-05
1.01873e-05
3.21701e-06
1.09208e-05
4.44755e-06
8.12121e-06
1.50366e-05
2.87287e-06
2.79334e-06
1.37214e-05
1.19026e-05
5.49874e-06
2.68558e-06
2.10599e-05
2.07498e-05
4.41511e-06
4.77658e-06
2.02319e-06
6.52449e-06
7.06956e-06
1.01556e-05
2.2251e-06
8.28299e-06
1.37037e-05
4.41015e-06
4.35231e-06
2.08437e-06
1.38099e-06
4.17963e-06
1.09692e-05
5.96048e-06
2.83114e-06
2.14909e-05
3.91461e-05
1.54558e-05
2.46166e-06
4.33674e-06
6.41762e-06
4.77146e-06
1.04236e-05
3.7807e-06
2.44675e-06
4.37669e-06
1.95481e-06
3.55225e-06
1.96461e-06
7.0605e-07
5.51322e-07
1.98033e-06
3.44218e-06
2.3777e-06
8.9344e-06
2.51057e-05
1.71139e-05
2.49819e-06
1.62827e-06
8.5844e-06
6.17852e-06
4.82172e-06
6.71725e-06
3.33119e-06
5.46552e-06
1.4741e-06
1.53762e-06
1.7574e-06
1.0215e-06
6.91267e-07
5.34967e-07
1.99763e-06
1.70023e-06
2.03549e-06
1.28771e-05
5.45454e-06
7.18059e-07
8.94682e-07
8.74926e-07
3.30056e-06
3.59162e-06
3.50624e-06
4.77774e-06
2.41137e-06
8.01219e-07
3.20843e-07
2.68996e-07
3.98042e-07
1.66702e-07
4.88531e-07
4.93224e-07
5.32254e-07
1.07338e-07
8.40087e-07
3.89077e-06
2.06502e-06
6.90861e-07
9.21735e-08
8.61638e-08
1.59141e-07
1.27457e-07
5.6014e-07
1.6137e-07
1.67418e-06
7.64834e-08
8.94998e-08
1.85861e-07
1.60547e-07
5.59146e-08
6.53105e-08
4.11003e-08
2.04794e-08
3.35579e-08
2.2416e-07
1.03295e-06
2.4321e-07
2.93751e-08
6.16418e-09
7.23597e-09
1.04261e-08
7.28694e-09
2.10191e-08
4.17724e-08
6.10389e-08
3.14005e-08
5.69553e-08
1.12509e-07
6.72989e-08
9.72947e-09
1.38619e-08
6.66022e-09
2.89534e-09
1.57545e-09
6.34651e-08
2.73336e-07
9.28672e-08
3.73971e-09
2.59136e-09
2.65589e-09
1.53783e-09
1.83731e-09
1.0282e-08
1.48684e-08
1.69837e-08
5.8137e-06
3.80376e-06
4.00337e-06
5.61629e-06
4.94645e-06
4.74364e-06
7.29734e-06
1.57777e-05
1.76114e-05
4.09404e-06
2.8282e-06
1.01409e-05
5.36608e-06
3.77179e-06
3.22049e-06
1.1058e-06
4.08915e-06
3.88928e-06
5.78886e-06
6.11808e-06
6.25944e-06
9.02629e-06
4.77369e-06
1.36041e-05
4.95986e-06
1.06342e-05
6.8824e-06
6.28271e-06
9.11253e-06
6.37867e-06
3.84976e-06
3.57772e-06
5.23142e-06
7.23847e-06
8.06193e-06
3.8531e-06
1.83354e-06
2.05235e-06
1.5445e-06
2.61316e-06
7.1826e-06
4.53382e-06
2.95051e-05
2.07585e-05
2.98958e-06
4.17239e-06
1.8889e-05
1.18737e-05
2.57713e-05
2.80153e-05
2.34652e-05
1.48144e-05
7.08811e-06
5.05324e-06
5.43778e-06
7.45163e-06
5.18352e-06
1.21478e-06
5.02135e-06
4.99345e-06
7.27415e-06
3.22447e-05
2.96224e-05
4.7591e-06
1.3162e-05
1.41853e-05
6.86056e-06
9.38685e-06
1.80319e-05
7.7497e-06
9.10806e-06
8.79215e-06
1.00768e-05
2.9162e-05
2.3189e-05
9.33347e-06
5.93353e-06
3.29117e-06
7.3531e-06
7.36957e-06
1.3098e-05
3.98707e-05
9.80731e-06
5.57684e-06
1.54398e-05
1.76822e-05
6.82472e-06
4.61247e-06
9.81094e-06
1.075e-05
2.01819e-05
5.76305e-06
9.07858e-06
4.61024e-06
3.54234e-06
3.91541e-06
6.70295e-06
1.52804e-05
1.38638e-05
9.99741e-06
4.67272e-06
7.97548e-06
9.72293e-06
1.04452e-05
1.0009e-05
3.99917e-06
5.52046e-06
1.86047e-06
3.20678e-06
5.46043e-06
1.36163e-05
8.0983e-06
1.56069e-05
7.14715e-06
5.43726e-06
7.30966e-06
6.44545e-06
9.82258e-06
4.88191e-06
1.30251e-05
2.85123e-06
5.66914e-06
2.69753e-06
8.64061e-06
3.65298e-06
3.06351e-06
3.59133e-06
3.98477e-06
4.27922e-06
6.18179e-06
4.18176e-06
6.91944e-06
2.00466e-05
6.46383e-06
1.70735e-06
3.67626e-06
7.21741e-06
5.12754e-06
9.57784e-06
5.01488e-06
2.13028e-06
5.19172e-06
2.42219e-06
2.24324e-06
1.92326e-06
1.21975e-06
9.10011e-07
5.09848e-06
5.31537e-06
2.4935e-06
3.65781e-06
7.0355e-06
3.1693e-06
2.63326e-06
6.41365e-07
2.05553e-06
4.32634e-06
3.20616e-06
5.07844e-06
2.59817e-06
2.83834e-06
5.47915e-06
2.06709e-06
1.51994e-06
1.52192e-06
1.46117e-06
4.11073e-07
3.63898e-06
2.42206e-06
3.60577e-06
2.69897e-06
2.40929e-06
1.44837e-06
1.70285e-06
6.41222e-07
5.31424e-07
9.62028e-07
2.00779e-06
2.50562e-06
2.35278e-06
2.86764e-07
1.94914e-07
1.35278e-07
1.17249e-07
2.69681e-07
1.43884e-07
6.72353e-08
1.00167e-07
4.12404e-08
9.00694e-08
9.62262e-07
8.21363e-07
1.83959e-07
5.22359e-07
2.07839e-07
1.55777e-07
2.28059e-07
3.40925e-07
1.509e-07
2.62386e-07
6.14145e-08
6.39407e-08
7.51747e-08
9.70386e-08
1.13909e-07
3.4385e-08
4.09844e-09
1.39667e-09
2.09218e-09
7.04448e-08
1.44118e-07
2.70263e-08
2.63028e-08
1.35278e-08
1.05354e-08
4.0289e-08
6.46361e-09
4.33977e-09
2.75078e-08
4.99677e-08
2.50719e-08
3.0232e-08
3.95475e-08
4.47214e-08
5.37042e-08
9.41868e-09
7.98453e-10
3.55129e-10
1.89337e-10
4.85614e-09
3.49175e-08
2.77401e-08
1.19048e-08
5.04705e-09
4.68713e-09
1.24898e-08
4.67302e-09
2.3618e-09
8.44242e-09
2.00585e-08
3.86453e-06
9.66794e-06
7.62271e-06
5.9744e-06
6.24906e-06
3.11961e-06
6.57358e-06
5.43121e-06
3.38047e-06
9.98788e-06
4.92003e-06
5.02677e-06
3.71412e-06
4.68464e-06
2.36613e-06
5.2741e-06
4.99083e-06
2.16849e-06
2.92362e-06
3.18119e-06
5.95516e-06
4.67259e-06
6.5133e-06
2.73874e-05
1.38095e-05
2.40838e-06
4.77217e-06
5.8778e-06
1.59607e-05
5.14278e-06
7.45459e-06
2.40181e-06
7.53427e-06
4.87656e-06
3.07319e-06
4.73968e-06
6.34462e-06
1.57802e-06
2.5667e-06
1.89147e-06
1.27094e-05
7.14721e-06
1.70457e-05
1.73079e-05
5.62368e-06
2.66224e-06
4.7485e-06
9.28898e-06
4.78994e-06
5.29232e-06
7.24267e-06
5.57537e-06
5.21333e-06
2.8816e-06
2.35575e-05
1.98874e-05
3.31741e-06
2.20514e-06
2.73323e-06
9.55654e-06
9.62582e-06
1.24307e-05
9.60098e-06
8.12248e-06
4.56874e-06
8.72784e-06
4.44108e-06
5.40425e-06
4.08759e-06
3.5918e-06
9.38204e-06
9.98317e-06
4.04066e-06
2.52915e-06
2.05054e-06
1.93288e-05
1.96343e-05
7.8923e-06
1.38464e-05
2.52412e-05
5.57899e-06
9.83273e-06
5.50976e-06
1.03096e-05
3.21112e-06
4.24886e-06
1.50453e-05
1.00761e-05
8.66713e-06
7.39056e-06
7.41782e-06
8.3301e-06
9.18033e-06
1.16264e-05
9.32805e-06
6.29178e-06
9.20267e-06
1.38752e-05
3.92101e-06
3.03122e-06
3.05882e-05
1.36577e-05
1.66462e-05
2.62728e-05
7.22766e-06
3.71596e-06
4.36506e-06
8.17699e-06
9.07673e-06
8.09295e-06
4.31666e-06
3.78484e-06
1.38793e-05
1.61009e-05
1.31671e-06
5.76833e-06
5.72745e-06
9.06953e-06
3.42794e-06
3.65332e-06
1.69267e-05
1.51921e-05
4.0889e-05
3.48294e-05
6.38705e-06
5.49008e-06
1.3261e-05
1.01454e-05
9.57012e-06
9.14801e-06
2.9166e-06
4.59917e-06
3.99151e-05
9.37254e-06
2.03502e-06
2.0548e-06
2.13257e-06
2.35441e-06
1.6762e-06
6.86111e-06
4.36582e-06
8.13351e-06
6.41369e-06
7.68815e-06
2.40431e-06
5.41615e-06
9.84521e-06
5.7568e-06
8.7672e-06
5.77046e-06
2.03283e-06
1.65356e-05
1.80389e-05
1.29505e-05
4.89243e-06
2.44606e-06
1.95851e-06
7.18951e-07
1.99796e-06
5.40734e-06
1.3349e-05
2.21701e-06
1.17548e-06
9.05412e-07
8.50166e-07
2.39393e-06
1.54838e-06
9.09977e-07
2.08696e-07
7.28609e-07
8.0953e-07
9.03043e-06
6.41579e-06
1.64605e-06
6.24948e-07
1.87432e-06
3.5786e-07
1.03217e-06
1.46747e-06
8.74766e-06
2.4809e-07
3.2597e-08
3.76435e-08
1.85804e-07
2.48144e-07
1.8355e-07
1.48375e-07
1.72831e-07
9.89281e-08
2.12809e-07
3.52658e-07
3.63155e-07
3.06475e-07
2.76718e-07
1.61385e-07
1.31423e-07
3.24899e-07
7.1626e-07
2.22382e-06
2.92584e-06
4.1786e-09
2.07453e-08
3.18209e-08
6.7389e-08
3.10562e-08
1.30161e-08
2.27914e-08
2.01256e-08
1.55648e-08
5.50945e-08
4.32728e-08
8.32543e-08
1.03666e-07
1.60417e-07
2.47652e-08
4.11742e-08
5.70476e-08
7.80217e-08
3.02662e-07
1.24469e-07
1.65982e-09
5.99778e-09
3.30199e-08
3.42301e-08
9.1006e-09
5.65219e-09
8.7227e-09
7.04342e-09
2.94269e-09
1.81281e-08
1.90862e-08
2.73678e-08
5.25046e-08
8.54516e-08
5.73863e-08
9.17715e-09
9.25329e-09
1.70848e-08
1.18667e-08
5.10305e-09
1.16859e-05
1.20793e-05
1.19386e-05
1.25633e-05
2.63374e-06
5.4308e-06
2.88891e-06
2.61211e-06
7.6198e-06
1.39119e-05
8.90514e-06
4.7537e-06
1.68908e-05
1.01521e-05
8.5203e-06
2.90284e-06
3.13322e-06
3.749e-06
2.48316e-06
1.24703e-05
3.74318e-06
4.70983e-06
5.07318e-06
5.72256e-06
1.45848e-06
3.65815e-06
5.59179e-06
2.63398e-06
1.36705e-05
8.91343e-06
3.31513e-05
2.84647e-05
4.42748e-06
4.14257e-06
9.017e-06
4.37557e-06
5.60208e-06
3.11702e-06
5.77775e-06
5.59938e-06
5.1403e-06
3.85315e-06
1.11403e-05
1.52663e-05
5.62827e-06
3.63912e-06
8.50387e-06
9.27484e-06
6.05361e-06
1.57936e-05
1.52271e-05
7.75151e-06
4.36427e-06
5.50828e-06
7.7599e-06
1.0855e-05
1.60659e-05
6.0277e-06
2.79492e-06
5.58715e-06
1.04531e-05
3.21956e-06
1.03621e-05
2.83696e-05
1.91008e-05
3.40721e-06
3.31756e-05
5.85507e-06
6.12533e-06
6.53687e-06
1.24176e-05
2.90618e-05
1.01626e-05
1.06921e-05
7.40548e-06
4.86829e-06
2.29056e-05
2.21583e-05
6.86153e-06
1.48306e-05
6.70218e-06
4.92827e-06
5.10968e-06
1.44335e-05
9.86352e-06
1.04367e-05
3.15368e-05
8.41821e-06
1.48299e-05
1.66661e-05
8.11065e-06
2.75246e-05
1.83071e-05
1.20522e-05
3.00784e-05
1.31671e-05
5.45405e-06
4.24129e-06
3.47284e-06
7.73432e-06
3.93304e-06
2.62536e-06
9.41169e-06
6.87361e-06
9.69145e-06
1.60815e-05
9.79587e-06
8.64612e-06
3.89855e-06
1.35437e-05
6.78278e-06
2.36296e-05
1.47712e-05
2.40016e-05
1.55366e-05
3.61312e-06
4.32155e-06
7.09172e-06
6.28973e-06
2.05135e-05
4.34517e-06
1.24969e-05
1.163e-05
1.07342e-05
2.41629e-05
1.59014e-05
1.28408e-05
5.11393e-06
1.67566e-05
1.01633e-05
5.15576e-06
2.15351e-05
2.28548e-05
1.6404e-05
2.90266e-06
5.3915e-06
5.711e-06
1.11344e-05
9.34151e-06
7.63927e-06
2.95876e-06
1.89047e-05
2.3132e-05
7.3944e-06
5.51226e-06
6.13349e-06
7.53095e-06
3.90076e-06
1.25889e-05
5.96157e-06
7.39505e-06
3.30639e-05
2.89678e-05
6.23277e-06
3.53715e-06
3.33949e-06
3.07462e-06
1.0159e-05
1.02533e-05
4.37497e-06
2.20829e-06
1.38164e-05
6.98931e-06
8.4846e-06
9.01839e-06
7.54689e-06
1.11495e-06
2.20195e-06
2.33231e-06
2.50715e-06
5.67973e-06
2.4309e-05
2.09123e-05
4.15728e-06
1.51584e-06
2.25839e-06
6.87747e-06
4.33025e-06
4.5212e-06
2.51453e-06
3.43753e-07
4.84545e-07
7.37278e-08
1.65511e-07
2.35727e-07
4.04735e-07
1.5042e-07
3.64883e-08
1.08023e-07
9.40587e-07
1.37901e-06
8.04199e-07
3.02139e-07
4.32666e-07
2.07671e-07
2.72588e-07
4.25911e-07
8.83831e-07
4.84377e-07
1.90998e-07
5.59716e-08
4.85875e-08
3.40483e-09
2.12714e-08
1.54879e-07
1.25812e-07
1.71031e-08
8.13334e-09
5.98671e-08
3.50371e-07
3.53573e-07
5.97279e-08
5.09817e-08
7.09182e-08
7.02348e-08
5.35122e-08
8.98878e-08
1.36032e-07
1.37485e-07
2.29719e-08
1.32035e-08
1.92306e-08
3.77604e-09
1.48135e-08
8.90869e-08
5.11249e-08
9.62018e-09
3.68504e-09
6.46095e-09
1.20024e-07
2.22197e-07
5.65789e-08
1.64588e-08
2.893e-08
2.74468e-08
2.21525e-08
3.51273e-08
6.73816e-08
6.53156e-08
1.09148e-08
7.85282e-06
9.57718e-06
9.87528e-06
3.71313e-06
4.01131e-06
8.92338e-06
1.22291e-06
3.69673e-06
3.1554e-06
8.97181e-06
1.65934e-05
6.73496e-06
1.66517e-05
1.6212e-05
2.33215e-05
3.44334e-06
3.28094e-06
3.23546e-06
4.02321e-06
1.04987e-05
2.34008e-06
7.19629e-06
5.26137e-06
3.06582e-06
2.39788e-06
8.20852e-06
1.45345e-05
3.75301e-06
2.22746e-05
1.68017e-05
1.93774e-05
7.08192e-06
5.77858e-06
4.33703e-06
8.62112e-06
3.82331e-06
8.46247e-06
5.91928e-06
1.43289e-05
1.94809e-05
2.81533e-06
2.2531e-06
3.64213e-06
5.89148e-06
4.43684e-06
4.07051e-06
1.48536e-05
9.59634e-06
9.72381e-06
8.4739e-06
8.7643e-06
6.25237e-06
7.48076e-06
2.46471e-06
5.93316e-06
4.73658e-06
5.68179e-06
4.74039e-06
9.19662e-06
6.39486e-06
5.43534e-06
2.41982e-06
2.89046e-06
2.03792e-05
1.72294e-05
1.59914e-05
4.4881e-05
5.25952e-06
6.23604e-06
5.38732e-06
7.42069e-06
1.29329e-05
9.8636e-06
1.13634e-05
8.29899e-06
5.31447e-06
1.10002e-05
1.34698e-05
2.49958e-05
9.58178e-06
5.80924e-06
5.56809e-06
9.07616e-06
1.172e-05
4.7019e-06
1.00721e-05
3.31499e-05
1.16389e-05
8.69144e-06
1.96139e-05
4.81623e-06
1.37219e-05
1.34229e-05
9.25196e-06
1.08166e-05
1.0296e-05
5.0207e-06
5.45032e-06
5.64986e-06
4.99936e-06
1.33729e-05
6.67839e-06
1.75124e-05
1.09629e-05
1.17985e-05
4.6901e-05
2.75567e-05
1.12969e-05
3.3077e-06
2.80581e-05
6.72629e-06
9.62033e-06
1.24735e-05
1.34801e-05
4.23567e-06
3.01243e-06
3.72622e-06
4.68184e-06
5.09123e-06
6.78406e-06
5.00315e-06
3.24794e-06
4.82112e-06
4.94528e-06
2.87254e-05
9.50408e-06
2.5263e-06
7.3886e-06
5.84414e-06
3.20838e-06
4.84702e-06
1.45191e-05
1.81641e-05
1.34352e-05
3.39472e-06
1.0344e-06
1.88581e-06
6.4077e-06
2.86742e-06
3.24733e-06
3.06719e-06
6.11834e-06
1.31946e-05
9.82183e-06
1.8796e-05
1.80589e-06
1.52045e-06
4.83944e-06
3.02593e-06
2.45889e-06
5.56807e-06
1.56133e-05
1.01342e-05
4.1442e-06
1.22796e-06
6.46741e-07
1.09944e-06
6.63246e-06
2.47597e-06
1.09461e-05
1.61016e-06
8.14628e-06
3.97004e-06
2.52837e-06
2.23284e-06
2.50826e-06
4.25509e-06
3.8392e-06
5.38914e-06
9.60646e-06
9.75163e-06
7.6628e-06
4.77503e-06
1.00529e-06
1.38405e-06
1.86386e-06
1.11456e-05
2.86395e-06
2.99831e-06
1.97862e-06
2.911e-07
6.06283e-07
2.02106e-07
1.92307e-07
5.21734e-07
3.94225e-07
2.6029e-07
3.62194e-07
7.59033e-07
1.32681e-06
4.91666e-07
1.38739e-06
4.37145e-07
2.28737e-07
1.04988e-07
1.49735e-07
6.60316e-08
2.06484e-07
3.62069e-07
1.84217e-07
3.10477e-08
1.13362e-07
7.77368e-08
1.07822e-07
1.2567e-07
8.91796e-08
3.38101e-08
3.34308e-08
9.6417e-08
1.07393e-07
1.20975e-07
1.49003e-07
2.24397e-07
4.96537e-08
1.85401e-08
1.78377e-08
5.59117e-08
1.47932e-07
1.29146e-07
1.03701e-08
1.33714e-08
5.89929e-08
2.74749e-08
2.56418e-08
4.26284e-08
2.86631e-08
1.05948e-08
1.0828e-08
3.25805e-08
4.64099e-08
5.3509e-08
5.28923e-08
8.88826e-08
3.75856e-08
5.8156e-09
5.74833e-09
2.38776e-08
7.02234e-08
7.34504e-08
1.13041e-08
9.95718e-06
6.52225e-06
5.55141e-06
5.47272e-06
4.47729e-06
3.37768e-06
2.60434e-06
6.60695e-06
5.01096e-06
1.32366e-05
2.18978e-05
2.16547e-05
1.03938e-05
2.10252e-05
9.07037e-06
5.20692e-06
6.11338e-06
4.84594e-06
5.77259e-06
7.32123e-06
2.41129e-06
1.97605e-06
6.68151e-06
5.99142e-06
1.09275e-05
4.64271e-06
3.64922e-06
6.90831e-06
2.15409e-05
3.47535e-05
2.59499e-05
1.29442e-05
5.78814e-06
6.77258e-06
5.3193e-06
3.7905e-06
1.90109e-06
1.00752e-05
5.42416e-06
3.05416e-06
3.15582e-06
1.12916e-05
9.42383e-06
8.45225e-06
5.64865e-06
4.13001e-06
1.03355e-05
2.09362e-05
1.0445e-05
1.0602e-05
6.13562e-06
1.60421e-05
1.17928e-05
6.84286e-06
3.98102e-06
2.80037e-06
9.07942e-06
1.40029e-05
4.47279e-06
6.54332e-06
9.84307e-06
3.7747e-05
1.82782e-05
1.89256e-05
1.01788e-05
7.70519e-06
4.93895e-06
1.04322e-05
4.60815e-06
2.53874e-06
3.89556e-06
1.72143e-05
8.80145e-06
6.2144e-06
8.92112e-06
1.98324e-05
1.61232e-05
2.07602e-05
4.37145e-06
5.17369e-06
2.67148e-05
2.9062e-05
2.1928e-05
5.21826e-05
4.84202e-05
6.59469e-06
1.05709e-05
1.07485e-05
9.26831e-06
6.69985e-06
1.02899e-05
1.52183e-05
1.80358e-05
1.06377e-05
3.52788e-06
5.66081e-06
2.99944e-06
6.12109e-06
3.24167e-06
5.60279e-06
7.95253e-06
5.12284e-06
5.67669e-06
3.74942e-05
2.6087e-05
7.48707e-06
1.34418e-05
2.67578e-05
1.07579e-05
5.18182e-06
3.65082e-06
3.48969e-06
6.48409e-06
6.34201e-06
1.74437e-06
5.02725e-06
6.35041e-06
1.91814e-06
6.6197e-06
7.83417e-06
1.15905e-05
6.31523e-06
9.0314e-07
1.51441e-05
6.45703e-06
6.1055e-06
1.09729e-05
1.12799e-05
9.32072e-06
1.68132e-06
2.59396e-06
1.85726e-06
6.7066e-06
7.17019e-06
2.23743e-06
4.4093e-06
3.10898e-06
8.65362e-06
1.37899e-05
1.64668e-05
4.02481e-06
6.77447e-06
3.01023e-06
3.06158e-06
6.06087e-06
9.40152e-06
4.41007e-06
2.51004e-06
1.04975e-06
5.27586e-07
8.60021e-07
9.76513e-07
1.96342e-06
3.63907e-07
5.70349e-07
1.78484e-06
2.91732e-06
9.77315e-06
1.19069e-05
7.76996e-06
4.21904e-06
1.13834e-06
1.67907e-06
8.61496e-06
1.15532e-05
8.44722e-06
1.10507e-06
7.0032e-07
7.78233e-08
7.81132e-08
2.56383e-07
2.86007e-07
7.72821e-08
9.62398e-08
2.21815e-07
8.4955e-07
3.17497e-06
6.14255e-06
7.06559e-06
4.08157e-06
2.99742e-07
8.74103e-08
1.46659e-07
6.77444e-07
9.8613e-08
4.01648e-08
6.71679e-08
5.32142e-08
1.63094e-08
2.6658e-08
5.80085e-08
1.24241e-08
2.85308e-09
4.2641e-09
2.03912e-08
1.08558e-07
2.19129e-07
2.74156e-07
2.16201e-07
3.23155e-07
6.85504e-08
3.7903e-09
4.20141e-09
7.76659e-09
7.93521e-09
1.69503e-08
3.56802e-08
2.62735e-08
1.2165e-08
1.58287e-08
2.25378e-08
3.08283e-09
6.15594e-10
3.80162e-10
3.32907e-09
1.04386e-08
2.92728e-08
2.21129e-08
1.88044e-08
5.56288e-08
2.04109e-08
4.09288e-09
5.81562e-10
1.55555e-09
2.25767e-09
7.70248e-09
1.75647e-08
1.3676e-08
6.3511e-09
8.20838e-09
1.16047e-08
3.46474e-09
2.18029e-10
5.32168e-11
1.60974e-10
2.40033e-09
7.22281e-09
4.02655e-09
3.05215e-09
1.07408e-08
5.49333e-06
1.08091e-05
8.24454e-06
4.07164e-06
2.42185e-06
2.65392e-06
4.01436e-06
4.44959e-06
3.41647e-06
5.64258e-06
6.63948e-06
5.1596e-06
9.09342e-06
3.0697e-05
2.2436e-05
1.05702e-05
3.66038e-06
9.87512e-06
6.39021e-06
2.65723e-06
3.47034e-06
5.131e-06
6.87887e-06
5.85287e-06
2.88078e-06
3.35692e-06
4.00099e-06
9.00712e-06
2.10252e-05
1.52267e-05
5.77468e-06
3.93376e-06
4.09194e-06
7.61799e-06
5.30418e-06
8.57236e-06
9.2443e-06
9.11502e-06
3.83669e-06
3.59541e-06
4.20367e-06
6.95461e-06
1.63176e-05
1.45536e-05
5.71742e-06
8.49838e-06
1.14499e-05
1.7959e-05
2.17287e-05
1.27756e-05
4.80038e-06
4.29913e-06
4.40573e-06
9.6124e-06
5.94151e-06
7.59684e-06
7.80865e-06
8.55986e-06
4.22687e-06
3.15023e-06
8.76612e-06
2.30859e-05
5.55277e-06
1.36131e-05
2.48013e-05
4.75322e-05
3.80161e-05
3.01223e-05
1.94462e-05
6.58922e-06
9.8271e-06
1.07014e-05
1.05059e-05
8.48847e-06
9.88602e-06
1.98321e-05
2.57349e-05
2.14601e-05
6.33507e-06
1.28872e-05
2.95733e-05
3.44566e-05
4.48729e-06
2.91271e-05
5.98338e-05
3.8976e-05
1.22822e-05
1.19922e-05
1.46623e-05
7.07946e-06
1.22391e-05
2.56271e-05
3.99567e-06
4.61513e-06
9.32494e-06
1.30513e-05
9.90974e-06
2.79128e-05
1.33028e-05
5.20195e-06
2.78069e-05
2.32503e-05
4.43457e-06
3.41684e-05
1.72121e-05
5.76603e-06
4.69917e-06
7.21746e-06
4.56106e-06
4.02209e-06
1.04583e-05
4.56511e-06
2.47572e-06
4.62358e-06
7.40404e-06
5.20326e-06
1.16301e-05
1.15364e-05
6.39659e-06
5.24854e-06
6.52682e-05
9.63373e-06
5.66796e-06
1.73362e-05
4.57848e-06
1.29763e-06
1.63798e-06
3.93011e-06
2.67301e-06
8.40542e-07
2.3704e-06
2.6115e-06
5.48008e-06
3.98137e-06
5.49429e-06
1.08734e-05
7.05555e-06
3.22215e-06
2.6319e-06
4.8078e-06
2.65429e-05
5.27545e-06
4.91862e-06
3.22957e-06
1.79441e-06
4.55977e-07
4.00767e-07
3.99913e-07
9.73236e-07
3.28763e-07
1.0751e-06
1.93265e-06
1.42343e-06
4.32462e-07
6.39162e-07
3.96723e-06
1.76989e-07
1.03707e-06
1.47543e-06
1.2299e-05
4.29067e-06
2.08329e-06
8.6428e-07
1.73309e-07
4.54675e-07
5.75398e-07
5.80416e-07
2.08534e-07
8.53426e-08
1.04405e-07
2.52275e-07
3.66216e-07
7.52134e-08
2.38413e-08
1.96657e-08
4.41144e-08
1.10643e-07
5.99638e-07
2.13415e-06
8.06831e-06
7.51124e-07
3.59653e-07
2.7288e-08
5.15228e-08
1.06718e-07
2.60959e-07
2.49728e-07
3.17918e-08
5.20571e-09
2.67137e-08
6.10255e-08
3.07594e-08
9.71634e-09
1.64664e-09
2.7772e-09
1.00698e-08
2.92688e-08
2.59236e-07
4.34851e-07
7.26193e-07
2.50603e-07
3.87338e-08
1.40723e-08
3.0217e-08
5.46133e-08
6.38867e-08
2.87712e-08
1.40031e-08
2.57849e-09
9.36626e-09
1.59084e-08
4.51575e-09
1.32327e-09
4.01799e-10
1.51014e-09
2.4898e-09
1.95327e-09
1.17741e-08
4.45883e-08
2.3327e-07
1.02566e-07
3.96575e-08
5.3617e-09
9.00928e-09
1.39687e-08
2.11625e-08
1.59689e-08
6.49569e-09
1.32585e-09
1.77167e-09
5.72457e-09
3.34708e-09
4.37061e-10
9.29552e-11
2.81117e-10
1.10519e-09
4.48568e-10
1.61785e-09
1.41243e-08
7.95146e-08
1.19693e-05
1.49371e-05
8.10949e-06
8.68089e-06
4.38087e-06
5.02464e-06
5.95204e-06
6.58333e-06
3.97938e-06
5.53731e-06
6.58972e-06
5.68492e-06
9.60156e-06
2.12733e-05
9.41033e-06
6.83878e-06
3.6597e-06
6.55794e-06
4.58053e-06
2.97789e-06
4.63903e-06
7.97426e-06
4.14236e-06
1.10359e-05
4.89592e-06
8.09542e-06
9.9596e-06
1.36355e-05
1.36868e-05
7.4164e-06
5.634e-06
2.62958e-06
5.05011e-06
5.1286e-06
9.62481e-06
1.31577e-05
3.32881e-06
9.04333e-06
3.86e-06
2.16049e-06
8.92687e-06
9.89672e-06
5.89081e-06
7.87092e-06
6.85786e-06
5.61883e-06
1.39742e-05
1.69098e-05
3.13829e-05
1.11946e-05
2.55117e-06
4.1955e-06
2.12389e-06
9.99241e-06
6.91768e-06
6.02409e-06
1.22144e-05
1.63754e-05
3.8083e-06
8.77458e-06
1.3958e-05
5.80714e-06
7.01472e-06
8.42173e-06
1.00903e-05
2.4487e-05
2.65716e-05
1.55086e-05
2.28664e-05
5.15189e-06
5.48047e-06
3.78173e-06
1.39259e-05
5.081e-06
5.38349e-06
5.48753e-05
2.73943e-05
1.27874e-05
4.83023e-06
4.64983e-06
8.21202e-06
7.7381e-06
8.31649e-06
6.77643e-06
1.17199e-05
8.66119e-06
6.27022e-06
5.68191e-06
2.22801e-05
1.32994e-05
5.96624e-06
7.25295e-06
1.14593e-05
7.83066e-06
3.77728e-05
2.93736e-05
5.67696e-06
1.27993e-05
8.59403e-06
6.13705e-06
8.23766e-06
7.14259e-06
4.84955e-06
7.53063e-06
6.4305e-06
3.38904e-06
8.75793e-06
1.57871e-05
1.5279e-05
3.72484e-06
4.9187e-06
5.39735e-06
2.09454e-06
3.44523e-06
2.79561e-05
7.50023e-06
5.27287e-06
1.3958e-05
6.01371e-06
5.47739e-06
1.65657e-05
4.72413e-06
5.71782e-06
5.34029e-06
4.2815e-06
3.31403e-06
7.17773e-06
2.20817e-05
3.88964e-06
8.20134e-07
1.91939e-06
2.4794e-06
1.7081e-06
5.34469e-06
9.78832e-06
8.50786e-06
8.68987e-06
1.0868e-05
5.62158e-06
9.76071e-06
9.1252e-06
5.75587e-06
2.78721e-06
1.54879e-06
2.66735e-06
1.84778e-06
2.19842e-06
7.69948e-07
4.99905e-07
2.34427e-07
7.85444e-07
1.10099e-06
5.40592e-07
4.09302e-07
1.83112e-06
2.85726e-06
6.72011e-07
2.804e-06
9.88653e-06
1.15521e-05
4.08352e-06
2.91837e-06
1.34359e-06
4.43399e-07
3.02743e-06
3.9038e-06
4.46091e-06
3.519e-06
1.81564e-06
1.83692e-06
1.16692e-06
4.2569e-07
4.25975e-08
6.39807e-08
1.41513e-07
3.86138e-08
9.15497e-08
1.38275e-06
1.77693e-06
2.28668e-06
7.49997e-07
5.86498e-07
1.06098e-07
8.09014e-08
3.04892e-07
3.10133e-07
1.66484e-07
7.45323e-08
1.97157e-08
2.71476e-08
7.38231e-08
4.74602e-08
2.65784e-08
6.78685e-09
4.07969e-09
1.29483e-09
1.41934e-08
1.10401e-07
1.95886e-07
1.64602e-06
3.29405e-07
2.25538e-07
3.79732e-08
3.94971e-09
9.61209e-09
1.23235e-08
7.7639e-09
5.99515e-09
5.08277e-09
1.64827e-08
3.95448e-08
2.17631e-08
3.82574e-09
6.58645e-10
4.01354e-10
4.42153e-10
1.65162e-09
7.11224e-09
3.88875e-08
8.94495e-08
1.31574e-07
1.91941e-07
2.09888e-08
1.22708e-09
1.29356e-09
2.96595e-09
3.56401e-09
3.22312e-09
3.1469e-09
8.54803e-09
1.81677e-08
7.96201e-09
1.16422e-09
2.73101e-10
1.92911e-10
2.41915e-10
5.93702e-10
2.1142e-09
8.19302e-09
3.26473e-08
1.06246e-05
2.33506e-05
3.05365e-05
1.4887e-05
2.96492e-05
9.32432e-06
4.09948e-06
4.55804e-06
3.17245e-06
1.0078e-05
1.55872e-05
8.6696e-06
2.46297e-06
5.50829e-06
7.04602e-06
1.8104e-06
7.20645e-06
1.11138e-05
5.7001e-06
4.19638e-06
1.1521e-05
7.82177e-06
1.299e-05
2.56596e-05
1.69255e-05
1.51987e-05
2.63449e-05
2.64273e-05
8.62383e-06
3.4539e-06
3.26343e-06
3.12069e-06
4.37942e-06
4.46916e-06
2.89448e-06
4.67102e-06
1.31243e-05
1.90031e-05
7.92597e-06
7.98902e-06
2.43662e-05
1.01274e-05
4.14874e-06
5.29795e-06
4.48505e-06
1.30365e-05
4.83323e-06
3.16214e-06
2.67616e-06
1.5127e-06
1.94751e-06
4.31669e-06
1.78617e-06
4.58512e-06
4.35904e-06
2.5398e-06
1.82366e-06
3.50137e-06
2.80572e-06
4.72336e-06
3.80137e-05
1.96044e-05
4.17777e-06
8.77418e-06
3.00741e-06
2.38542e-06
5.41462e-06
1.93905e-05
1.51667e-05
4.28543e-06
8.79566e-06
2.20432e-06
8.03809e-06
4.74096e-06
1.26402e-05
4.26067e-06
6.6689e-06
3.59571e-06
7.07935e-06
3.06885e-05
1.16479e-05
8.12955e-06
4.51256e-06
6.38872e-06
2.49896e-06
2.04337e-06
1.62829e-06
1.38207e-06
2.5829e-05
1.7078e-05
1.05748e-05
3.20694e-06
1.20098e-05
5.44533e-06
3.49378e-05
1.00527e-05
8.90741e-06
1.40071e-05
6.22109e-06
3.91809e-05
5.52989e-06
6.95878e-06
4.14551e-06
3.602e-06
4.49707e-06
6.00706e-06
7.95403e-06
9.31048e-06
5.6825e-06
4.89087e-06
3.61256e-06
7.58408e-06
2.66226e-06
1.64782e-05
3.23458e-05
5.79625e-06
7.98197e-06
2.91783e-05
2.12897e-05
9.80504e-06
9.49335e-06
1.2463e-05
3.5952e-06
2.21399e-06
1.55855e-06
1.26408e-05
6.80388e-06
1.14769e-06
5.91358e-06
2.26875e-06
2.92828e-06
1.5524e-05
8.64713e-06
8.52428e-06
4.20787e-06
1.78855e-06
1.52019e-05
3.48708e-05
2.57478e-05
3.07055e-06
7.35385e-06
9.36692e-06
2.84671e-06
1.15923e-06
1.03619e-06
2.36139e-06
2.20576e-06
8.64845e-07
1.22193e-06
4.93623e-06
2.63561e-06
1.01483e-05
1.16139e-05
3.95336e-06
3.39922e-06
3.70935e-06
8.46262e-06
1.05025e-05
6.62287e-06
2.27209e-06
1.96366e-06
1.87052e-06
5.98554e-07
2.13614e-07
3.38508e-07
3.6624e-08
2.45382e-07
3.12712e-06
1.89499e-06
4.93333e-06
2.52302e-06
2.1416e-06
1.6547e-06
9.6111e-07
7.11279e-07
3.16951e-06
1.12105e-06
3.01421e-07
1.70617e-06
6.69062e-07
1.47642e-07
7.21841e-08
1.68808e-08
3.33766e-10
1.05308e-09
1.52173e-09
1.10254e-08
3.02757e-08
3.02351e-08
5.39047e-08
1.79789e-07
1.5485e-07
4.07105e-08
2.01404e-09
8.59009e-10
8.87023e-09
6.53586e-09
2.00696e-08
5.63933e-08
2.50501e-07
1.20785e-08
4.36005e-09
2.73625e-09
5.53489e-11
9.97253e-10
4.37105e-09
2.60845e-09
1.18911e-08
7.12692e-09
1.22136e-08
2.1895e-08
2.588e-08
1.0747e-08
1.43992e-09
3.21271e-10
3.75275e-10
6.77888e-10
3.58718e-09
3.48254e-08
4.57848e-08
1.04982e-08
4.04097e-09
7.00357e-10
2.15231e-11
5.21374e-11
2.03798e-10
1.10764e-09
1.70998e-09
1.72933e-09
2.65508e-09
6.70302e-09
1.14347e-08
5.71629e-09
5.53617e-10
3.79897e-11
4.75853e-11
7.80852e-10
3.44804e-09
7.26734e-09
2.3407e-08
1.83642e-05
1.43268e-05
1.97333e-05
5.59782e-06
4.94114e-06
6.04916e-06
5.28914e-06
8.87511e-06
2.31275e-05
1.17939e-05
7.86451e-06
6.8586e-06
5.15226e-06
9.40132e-06
4.5614e-06
4.63643e-06
4.0115e-06
5.71798e-06
6.20069e-06
1.69815e-05
1.63827e-05
6.30922e-05
2.12523e-05
2.86619e-05
1.08752e-05
6.687e-06
7.17393e-06
2.35837e-05
3.10197e-05
2.84537e-05
7.2894e-06
9.77026e-06
1.75274e-05
8.79634e-06
8.15113e-06
9.70204e-06
8.8232e-06
1.21897e-05
1.2831e-05
2.37602e-05
1.10904e-05
6.34301e-06
2.46732e-05
6.8813e-06
5.39467e-06
3.41895e-06
8.00703e-06
2.42724e-05
2.66758e-05
6.04259e-06
4.49755e-06
2.07042e-05
1.16164e-05
3.2296e-05
3.50166e-05
6.61778e-06
9.94749e-06
2.17764e-05
2.03231e-05
7.23385e-06
1.14562e-05
1.88624e-05
9.48544e-06
2.39279e-06
3.57119e-06
3.86964e-06
7.70817e-06
1.05528e-05
6.48361e-06
3.51414e-06
5.08809e-06
8.14428e-06
6.86568e-06
2.75907e-05
3.45639e-06
1.04296e-05
6.39795e-06
1.35518e-05
1.39231e-05
1.3285e-05
3.5941e-05
3.61011e-05
4.0367e-06
4.1103e-06
6.26112e-06
3.28694e-06
7.69983e-06
1.54278e-06
1.68478e-06
2.25277e-06
1.42225e-06
4.60539e-06
1.45626e-05
5.71716e-06
9.36165e-06
3.11763e-06
8.88468e-06
2.11207e-06
1.01703e-05
6.18751e-06
1.58732e-05
8.61169e-06
2.5803e-06
3.41706e-06
5.09476e-06
2.98504e-06
6.60384e-07
1.41191e-06
1.77352e-06
1.60729e-06
2.52244e-06
1.26305e-06
3.39043e-06
8.35993e-06
1.42624e-05
2.82085e-06
9.23115e-06
3.70787e-06
4.50648e-06
2.88378e-06
8.62566e-06
8.01885e-06
2.03335e-06
2.20817e-06
1.4372e-06
7.79308e-07
1.40513e-06
1.02144e-06
6.04068e-07
6.39505e-07
4.95413e-07
7.2556e-06
1.07192e-05
4.57601e-06
3.81464e-06
2.80456e-06
5.07014e-06
4.83073e-06
4.48966e-06
1.65463e-05
9.4836e-06
9.77062e-06
5.40542e-06
1.70963e-06
1.2343e-06
6.81545e-07
5.6491e-07
2.84892e-07
3.04156e-07
6.23891e-07
1.31563e-06
5.60208e-06
1.21997e-05
3.79592e-06
2.39322e-06
3.57226e-06
4.28614e-06
1.89057e-06
4.03147e-06
5.26913e-06
3.81009e-06
2.2097e-06
1.1444e-06
5.726e-07
1.22168e-07
2.78831e-07
3.22367e-07
8.99399e-07
1.5091e-06
3.70195e-06
7.08322e-06
7.89227e-06
5.2106e-06
3.07445e-06
2.89194e-06
3.73947e-06
1.07114e-06
2.92601e-07
8.53986e-07
1.45016e-06
1.59686e-08
1.87748e-08
2.3477e-08
5.32948e-08
3.20719e-08
5.15084e-08
2.16312e-07
5.23041e-07
9.32932e-07
3.3551e-07
1.04044e-07
1.64585e-07
9.72266e-08
2.28819e-07
1.88545e-07
1.33343e-07
7.60728e-08
1.57718e-08
8.31276e-08
7.64186e-08
7.80664e-09
2.8014e-09
4.99784e-09
9.23202e-09
5.09868e-09
2.17056e-08
6.63557e-08
5.99527e-08
1.23804e-08
1.05559e-08
2.0836e-08
5.8495e-08
1.96542e-08
1.57002e-08
2.65415e-08
1.41734e-08
6.17874e-10
4.84462e-09
2.40797e-08
1.94579e-08
2.58816e-09
9.66181e-10
1.57332e-09
2.5877e-09
6.99777e-10
7.22248e-09
1.56815e-08
9.05301e-09
1.99957e-09
2.9292e-09
1.05375e-08
3.56583e-08
9.25208e-09
5.69105e-09
1.12808e-08
2.60509e-09
1.6366e-10
1.15339e-09
5.91521e-09
6.15118e-09
1.67204e-05
4.90574e-06
1.14654e-05
5.32252e-06
3.45792e-06
5.17311e-06
4.05608e-06
1.61817e-05
1.91594e-05
4.03558e-06
5.57189e-06
6.2146e-06
1.3459e-05
1.40278e-05
4.67705e-06
4.91486e-06
4.25614e-06
6.01942e-06
3.21085e-06
2.47482e-05
3.00136e-05
2.62766e-05
3.15015e-05
2.68865e-05
8.24588e-06
4.24243e-06
6.1628e-06
2.17339e-05
2.46398e-05
2.29068e-05
7.12188e-06
5.06585e-05
2.56468e-05
3.97343e-06
1.86275e-05
2.31308e-05
3.25133e-06
1.59717e-05
1.89679e-05
2.42784e-05
9.99143e-06
3.33043e-05
3.46895e-05
7.03326e-06
2.6719e-06
3.33206e-06
3.26691e-06
2.55227e-05
1.70328e-05
9.72502e-06
4.67176e-06
4.23638e-05
1.87663e-05
1.69527e-05
2.7604e-05
9.44616e-06
2.22766e-05
2.49904e-05
2.70079e-05
2.24222e-05
8.14405e-06
1.45265e-05
6.04178e-06
3.64263e-06
5.00521e-06
1.56589e-05
1.22442e-05
1.68483e-05
1.28394e-05
1.50131e-05
1.19921e-05
1.74664e-05
2.04091e-05
2.41357e-05
6.69635e-06
1.00262e-05
8.20248e-06
5.49767e-06
1.15043e-05
6.59932e-06
1.51352e-05
9.1563e-06
1.21826e-05
1.22073e-05
1.41683e-05
6.21642e-06
7.54221e-06
4.03808e-06
2.21334e-06
1.56206e-05
5.42253e-06
1.10918e-05
4.0992e-05
2.07859e-05
2.71901e-06
6.58749e-06
5.02168e-06
6.72588e-06
6.51627e-06
4.43865e-06
7.97727e-06
3.59641e-06
4.29657e-06
1.05882e-05
2.26149e-06
1.86982e-06
1.12577e-06
1.00261e-06
7.89615e-07
4.23041e-06
2.3254e-06
5.02415e-06
4.98935e-06
1.0906e-05
7.2953e-06
6.18363e-06
7.0526e-06
7.43523e-06
3.75793e-06
7.72141e-06
2.62666e-06
4.75327e-06
2.32042e-06
2.72426e-06
2.22557e-06
9.30267e-07
2.1863e-06
6.42622e-07
4.74434e-07
1.00978e-06
3.82257e-06
3.27062e-06
3.7089e-06
7.52761e-06
3.3945e-06
4.46985e-06
1.48885e-06
4.66106e-06
2.88277e-06
4.18342e-06
2.93294e-06
7.28051e-06
3.94389e-06
1.83014e-06
1.02189e-06
2.19961e-07
3.22523e-07
3.53492e-07
3.03724e-06
2.39036e-06
2.17821e-06
1.17936e-05
1.07101e-05
2.60091e-06
2.49406e-06
9.0578e-06
6.45182e-06
4.7253e-06
6.34881e-06
3.04492e-06
5.1901e-07
2.06767e-06
1.41143e-06
7.76565e-07
2.53015e-07
1.30702e-07
3.26622e-07
2.15313e-06
1.24475e-05
7.11435e-06
8.30948e-06
9.48196e-06
2.02301e-06
7.6716e-07
5.81131e-07
3.24835e-07
3.30689e-07
4.90027e-07
1.04931e-06
6.11787e-07
8.88597e-08
8.78107e-08
3.53384e-08
3.66861e-08
2.33677e-08
2.56051e-07
3.59847e-07
4.61784e-07
4.45508e-07
1.83835e-07
9.91788e-08
3.63222e-08
5.24325e-08
8.16748e-08
2.83389e-08
1.97472e-08
1.10797e-08
8.32684e-08
1.45131e-07
3.90138e-08
3.10577e-08
3.47634e-09
3.50061e-09
5.84967e-09
5.9036e-09
2.27461e-08
6.60966e-08
1.59305e-08
1.69541e-08
4.21015e-08
2.53044e-08
1.17765e-08
1.16653e-08
7.65209e-09
2.6113e-09
1.3774e-09
1.90993e-09
1.29173e-08
5.98636e-09
2.38497e-08
1.10061e-08
1.73593e-09
9.13792e-10
1.13153e-09
4.08096e-10
9.67431e-09
2.58232e-08
6.07099e-09
3.8137e-09
1.74846e-08
8.73451e-09
5.84154e-09
3.22033e-09
2.87246e-09
1.27711e-09
2.43998e-10
6.7708e-10
4.72388e-09
2.74301e-09
5.83318e-09
5.86216e-06
2.85936e-06
4.28606e-06
4.84395e-06
5.24355e-06
7.67724e-06
1.8502e-06
1.61631e-05
2.48014e-05
1.09083e-05
6.59081e-06
5.69639e-06
9.29501e-06
3.07705e-06
6.41328e-06
1.26115e-05
6.02629e-06
3.20001e-06
1.02445e-05
9.03159e-06
1.25336e-05
4.07057e-06
4.45397e-06
6.20514e-06
1.28129e-05
7.66872e-06
4.05932e-06
5.23922e-05
1.96297e-05
1.25062e-05
2.09016e-05
4.7309e-05
3.48982e-05
2.24551e-05
7.58404e-06
1.15915e-05
8.42633e-06
3.39718e-06
7.01336e-06
5.7047e-06
1.45196e-05
8.4448e-06
6.03383e-06
1.31787e-05
2.41952e-05
5.22363e-06
2.6848e-05
9.15976e-06
5.84962e-06
5.43417e-06
9.96617e-06
2.46142e-05
1.15969e-05
5.08244e-06
1.03454e-05
7.13535e-06
7.5627e-06
9.68603e-06
4.4871e-05
6.07357e-05
8.53371e-06
2.20845e-05
1.81911e-05
6.03326e-06
5.00036e-06
1.56941e-05
4.85549e-05
3.01297e-05
2.41101e-06
4.0736e-06
8.73696e-06
1.59334e-05
8.24833e-06
2.52333e-05
2.1722e-05
1.25802e-05
1.00505e-05
1.66317e-05
2.76381e-05
2.97144e-05
7.8758e-06
1.36895e-05
1.05183e-05
6.82411e-06
1.32479e-05
1.62156e-05
3.10264e-05
1.56459e-05
2.3712e-05
7.24685e-06
1.04897e-05
5.12095e-06
2.41272e-05
4.69213e-05
2.31906e-05
7.09761e-06
7.69069e-06
9.83874e-06
1.04814e-05
5.67792e-06
4.78533e-06
1.04819e-05
1.1647e-05
6.8097e-06
4.21568e-06
1.12422e-05
3.79495e-06
1.1063e-05
2.49096e-05
4.38924e-06
7.58841e-06
1.60599e-05
4.11044e-05
1.22328e-05
2.07759e-05
4.82291e-06
1.35964e-05
9.92331e-06
7.96043e-06
5.92987e-06
5.22887e-06
5.23484e-06
2.23918e-05
4.91716e-06
8.03221e-06
1.53032e-06
9.90883e-07
4.47796e-06
4.85736e-06
5.35141e-06
5.27461e-06
1.73356e-05
2.0866e-05
7.42526e-06
9.74685e-06
1.30727e-05
2.50106e-06
2.94068e-06
1.7699e-06
1.64674e-06
7.23702e-06
5.66722e-06
8.30498e-06
1.11694e-05
3.77997e-06
2.89831e-06
1.2272e-05
5.42599e-06
1.52471e-06
2.47035e-06
2.83098e-06
1.12289e-05
5.13518e-06
9.54104e-06
3.09901e-06
6.9996e-07
4.2897e-07
2.02122e-07
1.14329e-07
3.8521e-06
1.67935e-05
5.8116e-06
2.25344e-06
2.48839e-06
1.23937e-06
2.98985e-07
5.79408e-07
6.51676e-07
6.89766e-07
1.74697e-06
1.77902e-06
9.81675e-06
5.61802e-06
7.70794e-07
2.01011e-07
1.17734e-07
2.04135e-07
1.196e-06
4.00483e-06
8.01545e-06
3.86264e-08
2.3618e-08
1.68765e-08
1.61406e-08
2.72649e-08
8.04577e-09
6.55899e-08
7.25157e-08
1.56331e-07
6.18644e-07
2.45663e-06
7.76319e-07
4.26008e-07
3.39903e-08
2.01472e-08
2.27556e-08
6.10051e-08
7.9284e-08
3.21792e-08
2.11931e-08
5.08001e-09
1.18353e-09
1.98197e-09
2.31715e-09
1.93781e-09
1.24772e-08
2.54754e-08
9.54102e-09
6.58474e-08
1.85308e-08
3.74504e-08
1.08683e-07
5.6633e-08
1.10828e-08
1.04737e-08
1.52841e-09
1.89414e-09
8.50717e-09
1.73641e-08
5.35464e-09
1.46857e-09
3.11384e-10
4.42506e-10
6.97691e-10
6.31331e-10
2.37703e-09
9.38187e-09
3.17675e-09
3.96751e-09
7.15807e-09
3.56373e-08
5.74031e-08
1.91946e-08
3.68003e-09
2.25157e-09
8.25978e-10
3.50424e-10
1.01957e-09
1.2648e-09
1.72913e-09
1.02805e-05
3.22655e-05
1.9273e-05
4.39777e-06
7.38361e-06
5.8841e-06
2.68018e-06
6.98947e-06
5.93987e-06
7.08175e-06
1.03429e-05
1.42656e-05
1.46496e-05
1.42292e-05
6.16068e-06
3.88385e-06
8.74598e-06
1.58519e-05
2.05455e-05
2.16865e-05
1.59914e-05
3.50094e-05
5.71144e-06
2.55205e-06
2.79168e-06
3.01492e-06
7.4748e-06
1.14025e-05
1.39296e-05
3.18427e-05
2.85821e-05
2.12768e-05
5.51203e-05
3.74413e-05
7.98691e-06
4.48807e-06
1.2216e-05
2.11283e-05
4.05156e-06
6.97218e-06
1.19983e-05
1.36532e-05
9.93336e-06
5.68888e-06
5.33204e-06
7.84366e-06
9.06396e-06
9.16887e-06
7.68905e-06
1.01483e-05
6.17862e-06
4.34566e-06
2.0897e-05
1.85825e-05
9.75756e-06
3.80292e-06
5.07122e-06
1.5576e-05
2.54822e-06
1.93288e-05
8.70661e-06
2.67994e-05
1.29309e-05
1.2805e-05
1.49488e-05
2.43423e-05
3.15162e-06
1.00804e-05
2.53621e-05
1.98908e-05
4.51184e-06
7.46334e-06
6.14431e-06
1.09812e-05
1.85099e-05
1.15694e-05
5.37691e-05
7.71761e-05
1.20999e-05
6.30843e-06
5.26109e-06
5.57176e-06
1.49107e-05
2.27021e-05
9.33584e-06
2.06858e-05
3.38792e-06
1.31026e-05
1.06313e-05
5.20037e-06
3.56546e-06
1.45039e-05
4.34637e-06
3.80793e-06
1.62031e-05
1.99862e-05
1.96647e-05
1.77624e-05
5.42075e-06
2.03117e-05
7.79411e-06
9.43051e-06
6.2196e-06
8.07618e-06
1.14178e-05
5.78482e-06
5.66035e-06
7.3352e-06
3.94671e-06
1.85854e-06
4.05554e-06
1.0587e-05
1.23463e-05
9.73902e-06
1.84906e-05
5.16503e-06
5.37307e-06
4.25614e-06
1.17523e-05
6.96723e-06
3.91355e-06
6.1003e-06
2.50567e-06
6.60534e-06
5.37182e-06
1.17714e-06
2.02325e-06
3.40021e-06
1.97355e-06
6.13314e-07
2.20654e-06
7.91026e-06
1.23059e-05
4.26786e-06
3.06852e-06
3.68601e-06
4.06938e-06
3.99727e-06
1.59462e-06
3.87957e-06
8.05733e-06
8.72667e-06
1.64329e-06
1.91715e-06
4.66283e-06
7.42636e-06
1.43273e-06
1.09732e-06
2.05394e-07
2.62226e-07
1.56501e-06
5.44367e-06
4.97909e-06
4.43648e-06
3.21603e-06
1.53258e-06
1.40036e-06
2.831e-07
4.90876e-07
2.93155e-06
2.69121e-06
1.29914e-06
9.48904e-07
5.59562e-06
1.28896e-05
9.20146e-06
9.27788e-07
8.34349e-07
3.7182e-07
9.09181e-07
1.32396e-06
4.01699e-06
3.82703e-06
2.04707e-06
1.25132e-06
6.07579e-07
8.91598e-08
5.75134e-08
9.672e-07
3.32384e-06
7.28424e-08
8.87807e-08
1.11379e-07
8.05866e-08
1.00139e-07
5.62834e-08
6.01791e-08
1.31215e-07
3.51825e-08
5.27238e-07
1.20203e-06
1.56306e-06
3.04014e-07
1.01237e-07
1.96319e-08
1.31599e-08
6.82313e-09
2.52869e-08
2.26178e-07
1.62621e-07
4.73254e-09
5.63752e-09
4.92085e-09
1.97684e-08
3.74887e-08
2.43922e-08
1.5589e-08
2.79833e-08
6.67276e-09
8.89424e-08
3.80448e-07
3.22597e-07
4.86108e-08
5.83394e-09
2.89927e-09
4.09848e-09
1.25477e-09
7.45793e-09
6.4484e-09
3.20691e-09
6.33453e-10
1.20672e-09
1.56276e-09
9.37201e-09
2.02984e-08
1.24752e-08
5.47717e-09
1.03825e-08
2.52978e-09
2.27807e-08
1.19787e-07
8.71895e-08
8.64529e-09
1.64367e-09
1.19705e-09
1.83406e-09
5.91035e-10
1.70314e-10
6.76641e-10
3.38989e-10
)
;

boundaryField
{
    bottomWall
    {
        type            zeroGradient;
    }
    topWall
    {
        type            zeroGradient;
    }
    sides1_half0
    {
        type            cyclic;
    }
    sides1_half1
    {
        type            cyclic;
    }
    sides2_half0
    {
        type            cyclic;
    }
    sides2_half1
    {
        type            cyclic;
    }
    inout1_half0
    {
        type            cyclic;
    }
    inout1_half1
    {
        type            cyclic;
    }
    inout2_half0
    {
        type            cyclic;
    }
    inout2_half1
    {
        type            cyclic;
    }
}


// ************************************************************************* //
