/*--------------------------------*- C++ -*----------------------------------*\
| =========                 |                                                 |
| \\      /  F ield         | OpenFOAM: The Open Source CFD Toolbox           |
|  \\    /   O peration     | Version:  5.0                                   |
|   \\  /    A nd           | Web:      www.OpenFOAM.org                      |
|    \\/     M anipulation  |                                                 |
\*---------------------------------------------------------------------------*/
FoamFile
{
    version     2.0;
    format      ascii;
    class       volScalarField;
    location    "0";
    object      p;
}
// * * * * * * * * * * * * * * * * * * * * * * * * * * * * * * * * * * * * * //

dimensions      [0 2 -2 0 0 0 0];

internalField   nonuniform List<scalar> 
7200
(
4.15379e-05
0.000136219
0.000223137
0.000254762
0.000178685
0.000182934
0.000300209
0.000280885
0.000196301
0.000125768
6.88158e-05
0.000154799
0.00026251
0.000246184
0.000247188
0.000324288
0.000320376
0.000299705
0.000260413
0.000151153
3.54329e-05
0.000133522
0.000222389
0.000235791
0.000154433
0.00018172
0.000301001
0.000282196
0.000172502
9.3556e-05
6.67546e-05
0.00020782
0.000261233
0.000244704
0.000245694
0.000324997
0.000316306
0.000299315
0.000258239
8.29321e-05
3.61222e-05
0.000121805
0.000216093
0.000251475
0.000151914
0.000228857
0.00031987
0.000287659
0.000173497
8.93454e-05
7.40829e-05
0.00019844
0.000256769
0.000219103
0.00024046
0.000328326
0.000326058
0.0002807
0.000228416
6.26003e-05
-2.87421e-05
0.000137796
0.000213791
0.000223671
0.000152689
0.000173897
0.000305751
0.000266558
0.000182147
7.99733e-05
3.90694e-05
0.000188267
0.00022052
0.000179245
0.000212632
0.000332006
0.000332233
0.000320126
0.00027354
0.000166279
-6.07501e-05
3.02829e-05
0.000192415
0.000215196
0.000151682
0.000163294
0.000284731
0.000307871
0.000194009
0.000120738
3.25297e-05
0.00023141
0.000256017
0.00014457
0.000174274
0.000315797
0.000323475
0.000319327
0.000298457
0.000245539
-4.67356e-05
5.07196e-05
0.000137438
0.000201
0.000153185
0.000154397
0.000272423
0.000246475
0.000200788
0.000126932
4.27778e-05
0.000306277
0.000357248
0.000177899
0.000141223
0.000278534
0.000334002
0.000337015
0.000271577
0.000246943
4.31627e-05
3.58997e-05
0.000150104
0.000196034
0.000177061
0.00015055
0.00023464
0.000227767
0.000185063
9.62607e-05
8.25252e-05
0.000297212
0.00040563
0.000270296
0.000157439
0.000229006
0.000330364
0.000356731
0.000309264
0.000334442
0.000162236
8.91826e-05
0.000122161
0.00018404
0.000151798
0.000151402
0.000226047
0.000244309
0.000187834
0.000100725
0.000108501
0.000255014
0.000392958
0.000335144
0.000169626
0.00022201
0.000303121
0.000351701
0.000300715
0.000298977
0.000221038
0.000170934
0.000178824
0.000187087
0.000137361
0.000137809
0.000246175
0.000244407
0.000201788
0.000161373
0.000177081
0.000247512
0.000339656
0.000332476
0.000181655
0.000208256
0.000289539
0.000331338
0.000318166
0.000262864
0.000201987
0.000196914
0.000211863
0.000198289
0.000137871
0.000112491
0.000143816
0.000224698
0.000218956
0.000200339
0.000169963
0.000218773
0.000286048
0.000317176
0.000191891
0.000176966
0.000268709
0.000312674
0.000295213
0.000222666
0.000191072
0.000182142
0.000207858
0.000175131
0.000153733
0.000129533
0.000125653
0.000163421
0.000201632
0.000216944
0.000195593
0.000192456
0.000275149
0.000273333
0.000165988
0.000116728
0.000252792
0.00029892
0.000270998
0.000250163
0.000200262
0.000148688
0.000160698
0.000183637
0.000186251
0.00016355
0.000157967
0.000177838
0.000213698
0.000236541
0.000226464
0.000198965
0.00021916
0.000273717
0.00020259
0.000146779
0.000218195
0.000261595
0.000257455
0.000267426
0.000158215
9.73319e-05
0.000140045
0.000209041
0.00018205
0.000158652
0.000200196
0.000168354
0.000156854
0.000143996
0.000122411
0.00019393
0.000316848
0.000342934
0.000320064
0.00037484
0.000419191
0.000379586
0.000333933
0.000270929
0.000271554
0.000180946
0.000137372
0.000210129
0.000188154
0.00015775
0.000199916
0.000155696
0.000156715
0.000152588
0.000121343
0.000247673
0.000316974
0.000331752
0.000324482
0.000373483
0.00035116
0.000270128
0.000258547
0.000272053
0.00010947
8.35609e-05
0.000165578
0.000204752
0.000160536
0.000153475
0.000145392
0.000153835
0.000141622
0.000150564
0.000173668
0.000242354
0.000311728
0.000332158
0.000344106
0.000371239
0.000356551
0.000260226
0.000258844
0.000284773
0.00026423
0.000142702
0.000122915
0.000168539
0.000154012
0.000113821
0.000110296
9.11321e-05
0.000144973
0.000129021
0.000104432
0.000213394
0.000291497
0.000318406
0.000289685
0.000364812
0.000320373
0.000392211
0.000252019
0.00024133
0.000260578
3.10008e-05
9.5836e-05
0.000152048
0.000135363
0.000103415
0.000122859
0.000114488
0.000174305
0.000156633
9.29155e-05
0.000149766
0.000232692
0.000301374
0.000274448
0.000325197
0.000302498
0.000271498
0.000299018
0.000276234
0.000121412
4.01985e-05
0.000104264
9.63347e-05
6.15496e-05
4.78062e-05
1.62949e-05
8.73537e-05
0.000165843
0.000134277
0.000120002
7.76965e-05
0.000178826
0.000277564
0.000254996
0.000294892
0.000315023
0.000370998
0.000351326
0.000288374
0.000283337
0.000186187
0.000121983
0.000122084
0.000105226
5.51133e-05
0.000122957
9.93416e-05
0.000136097
0.000159761
0.000113861
9.157e-05
0.000222293
0.000301417
0.000264551
0.000266134
0.00025304
0.000293121
0.000378384
0.000459561
0.000272488
0.000134419
0.000104136
0.000170191
0.000148213
0.000126331
0.000179407
0.000105736
0.00015577
9.11646e-05
0.000133951
0.000112204
0.000145152
0.000302367
0.000207748
0.000244843
0.000277616
0.000332656
0.000354782
0.000402842
0.00031223
0.000241802
0.000204074
0.000142378
6.11645e-05
0.000108957
0.00020084
0.000180486
0.000133023
0.000125018
0.000140965
0.00016773
0.00019588
0.000275719
0.000185886
0.000187001
0.000221492
0.000322466
0.000323589
0.000337902
0.000315146
0.000282506
0.000309768
0.000172487
8.098e-05
8.67114e-05
0.00015196
0.000156431
0.000168677
0.000170772
0.000151985
0.000211004
0.000250433
0.000239336
0.000188396
0.000195255
0.000243415
0.000237231
0.000282782
0.000264945
0.000259818
0.000259749
0.000271887
0.00018023
0.000140654
0.000125668
0.000138769
0.000134998
0.000175367
0.000202107
0.000199755
0.000200775
0.000233364
0.000243865
0.000198461
0.000180017
0.000248141
0.000287504
0.000284618
0.000294207
0.00023964
0.000211735
0.000199128
0.000190122
0.000191507
0.000184273
0.000174558
0.000180255
0.000198833
0.000204788
0.000185495
0.000181661
0.000218912
0.000233955
0.000206441
0.000189094
0.000216112
0.000274086
0.000271062
0.000280102
0.000569385
0.000499447
0.000314346
0.000241698
0.000212338
0.000159572
0.000128144
0.00011366
0.000157208
0.000193365
0.000205272
0.000235125
0.000295508
0.00029859
0.000227313
0.000177591
9.76449e-05
9.78303e-05
0.00017603
0.00032208
0.000571586
0.00042451
0.000316055
0.00023583
0.000212174
0.000159033
0.000116129
0.000112739
0.000176457
0.00019299
0.000204675
0.000257316
0.000311941
0.000272161
0.000206747
0.000175737
7.55938e-05
9.44674e-05
0.000173063
0.000318408
0.000592935
0.000519527
0.000322324
0.000235217
0.000210389
0.000155962
0.000124795
0.000109934
0.000176806
0.000192309
0.000199168
0.000229424
0.000297829
0.000299224
0.000213864
0.000164843
6.32451e-05
8.24182e-05
0.000198467
0.000306579
0.000607318
0.000565997
0.000342379
0.000231665
0.000178225
0.000135168
0.000104245
0.000103771
0.000184771
0.000200102
0.000192527
0.000212769
0.000303301
0.000292043
0.000161489
0.000124601
7.34742e-05
7.65324e-05
0.000142407
0.000273918
0.00058662
0.00051362
0.000366901
0.00023559
0.000172304
0.000135459
0.000117586
0.000119829
0.000160912
0.000201918
0.000180376
0.000182146
0.000229456
0.000212848
0.000120411
0.000107312
0.000101983
9.05281e-05
0.000141892
0.000234359
0.000497371
0.000527951
0.000394817
0.000221946
0.000157222
0.000138796
0.000121604
8.88983e-05
0.000127964
0.000157024
0.000176757
0.000138331
0.000201433
0.000185092
8.23701e-05
8.79769e-05
0.000125532
0.000124348
0.000145133
0.000288854
0.000464949
0.000516919
0.000425153
0.000205646
0.000131163
0.000137391
0.000134976
5.89529e-05
3.81242e-05
9.95911e-05
0.000148673
0.000116641
0.000146503
0.000241
7.50053e-05
9.39733e-05
0.000128819
0.000143252
0.000163588
0.000214587
0.000377456
0.00043664
0.000345844
0.000162451
0.000123309
0.000126652
0.000193172
7.35837e-05
3.46061e-05
9.36696e-05
0.000151264
8.37127e-05
0.000162187
0.000163177
0.000106958
0.000120196
0.000149519
0.000171913
0.000176526
0.000259268
0.000345336
0.000353565
0.000364254
0.000189943
0.000114219
0.000101651
0.000201227
0.000172031
0.000122943
0.000108888
0.000165339
0.000185071
0.000215247
0.000133777
9.61991e-05
0.00015162
0.000197242
0.000209408
0.000196081
0.000234696
0.000319329
0.000307227
0.000304891
0.000243165
0.000195647
0.000162652
0.000172887
0.000164833
0.000203098
0.000157627
0.000131123
0.00020983
0.000221108
0.000194153
0.000160526
0.000182627
0.000232287
0.000212963
0.000220416
0.000232765
0.000240359
0.000272544
0.000274317
0.000260556
0.00018467
0.000141194
0.00017336
0.000191522
0.000228638
0.000239418
0.000214739
0.000187173
0.000206907
0.000206345
0.000206643
0.000207569
0.000221981
0.000268894
0.000265477
0.000237295
0.000246409
0.000260472
0.000251487
0.000226389
0.000205204
0.000195491
0.000189798
0.000211534
0.000234543
0.00024535
0.0002012
0.00018375
0.000208802
0.000216205
0.000191281
0.000194315
0.000244324
0.000268809
0.000272196
0.000266951
0.00054792
0.000435762
0.00027671
0.000241144
0.000241382
0.000182432
0.000137181
0.000137276
0.00019496
0.000223151
0.000218894
0.000224343
0.000258524
0.000243736
0.000159725
0.000106137
8.54814e-05
0.00013797
0.000265064
0.000435803
0.000528885
0.000437355
0.000277153
0.000241057
0.000241156
0.000181983
0.000137075
0.000137144
0.000212863
0.00022339
0.000217017
0.000223752
0.000264554
0.000244342
0.000158052
9.33629e-05
8.20636e-05
0.000181727
0.000262776
0.000435685
0.00056152
0.000443684
0.00027846
0.000251231
0.00021757
0.000180407
0.00012699
0.000136329
0.000214573
0.000221423
0.000212074
0.000231019
0.000264786
0.000208589
0.000117633
9.113e-05
8.06125e-05
0.000128062
0.000254561
0.00043613
0.000572187
0.000385535
0.000281653
0.000255239
0.000243988
0.000161526
0.000139084
0.000163316
0.000206123
0.000228828
0.000207715
0.000205649
0.000258688
0.000200522
0.000126151
8.01676e-05
8.00702e-05
0.000125025
0.000246129
0.000525239
0.000599596
0.000403065
0.000283857
0.000256794
0.000221323
0.000186235
0.000152589
0.000177643
0.000239242
0.000240022
0.00018919
0.000187465
0.000249649
0.000200401
0.000127157
0.000101758
7.31746e-05
8.35955e-05
0.000253694
0.000400016
0.000579931
0.000422907
0.000283874
0.000232544
0.000213882
0.000186815
0.000164658
0.000175588
0.000234918
0.000235908
0.000180559
0.000161411
0.000220874
0.000198654
9.67341e-05
9.84711e-05
9.01737e-05
6.64557e-05
0.00011431
0.00039266
0.000486454
0.000459451
0.000210635
0.000185149
0.000188327
0.000188244
0.000146742
0.000127002
0.000183132
0.000193706
0.000199562
0.000142037
0.000248693
0.000232307
0.000106506
0.00010103
0.000119592
8.28895e-05
9.31044e-05
0.00026379
0.000413924
0.000437821
0.000263002
0.000125622
0.000182277
0.00015586
0.000191828
0.000106638
0.000121
0.000151609
0.000184683
0.000137669
0.000200994
0.000161824
0.000105525
0.000137854
0.000141711
0.000135255
0.000106348
0.000170247
0.000344014
0.00038489
0.000363513
0.000188795
0.000187549
0.00013921
0.000230035
0.000197248
0.000159061
0.000132688
0.000151624
0.000192934
0.000186189
0.000119619
0.000116102
0.000182198
0.000211794
0.000195924
0.000154989
0.000184789
0.000301748
0.000272798
0.000283799
0.000225424
0.000199223
0.000190629
0.000177538
0.00023341
0.000224773
0.000171449
9.36582e-05
0.000197691
0.000210998
0.000169788
0.00014979
0.000174137
0.000252978
0.000255683
0.000219511
0.000186482
0.000260162
0.00028459
0.000279315
0.000260331
0.000195652
0.000148779
0.00016728
0.000233584
0.000251835
0.000218096
0.000126904
0.000151845
0.000187015
0.000170703
0.000176583
0.000212672
0.000256428
0.000293979
0.000254926
0.000204777
0.000257837
0.000272403
0.000263565
0.000228321
0.00022638
0.000194692
0.000192537
0.000219798
0.00027014
0.00025852
0.000206276
0.000174196
0.000188181
0.000202365
0.000173648
0.000190994
0.000245775
0.00026292
0.000268573
0.000258071
0.000329263
0.000244777
0.000161259
0.000228128
0.000319481
0.000220301
0.000116947
0.000147309
0.000235799
0.00028423
0.000283365
0.000250435
0.000193621
0.000149708
0.000171953
0.000226303
0.000245034
0.000245418
0.000304736
0.000347931
0.000229978
0.000243582
0.000159262
0.000227159
0.000321492
0.000221198
9.4803e-05
0.000146862
0.000261502
0.000284766
0.000326183
0.000283885
0.000185005
0.00015068
0.000171698
0.000260031
0.000273785
0.000245145
0.000304767
0.000348288
0.000325008
0.000189261
0.00015292
0.000224162
0.000297945
0.00014953
8.79276e-05
0.000143964
0.000281297
0.000330921
0.000327864
0.000250601
0.000182561
0.000119492
0.000193646
0.000285674
0.000288016
0.000280032
0.000326399
0.000352385
0.00019531
0.000150685
0.000144622
0.000276255
0.000310017
0.000230186
7.48771e-05
0.000192044
0.000245724
0.000318978
0.000330563
0.000219679
0.000161057
0.000108991
0.000178016
0.000299109
0.000276659
0.000273123
0.000304716
0.000254159
0.000172492
0.000162433
0.000112435
0.000184229
0.000325475
0.000218975
6.65882e-05
0.000123745
0.00029456
0.000292683
0.000329684
0.000263954
0.000191695
0.000147306
0.000219441
0.000286939
0.000268866
0.000189069
0.000276566
0.000250998
0.000137737
0.000162405
0.00012672
0.00017682
0.000309786
0.000222193
1.95728e-05
0.000140076
0.000264517
0.00028436
0.000312886
0.000275745
0.00020603
0.000146343
0.000234778
0.000287983
0.000300643
0.000165361
0.000216645
0.00020595
0.000253277
0.000214225
9.96824e-05
0.000217746
0.000287241
0.000179553
0.000114027
8.98489e-05
0.000201427
0.000247257
0.000278979
0.000264238
0.000154586
0.000139599
0.000221403
0.000264741
0.00030676
0.000173081
0.000236932
0.00029555
0.000201961
0.00020709
0.000168379
0.00013011
0.000303783
0.000243109
0.000158784
3.93061e-05
0.000151778
0.000220584
0.000252468
0.000210749
0.000154249
0.000139732
0.00018303
0.000220205
0.000251687
0.000224196
0.000187722
0.000256142
0.000257597
0.000271578
0.000234442
0.000111123
0.000294767
0.000222963
0.000142081
7.32828e-05
2.97151e-05
0.000119794
0.000127344
0.000240037
0.000235639
0.000177342
0.000153291
0.000224005
0.000230018
0.000252758
0.000163247
0.000185965
0.000167562
0.000190299
0.000244175
0.000238848
0.000278158
0.000253788
0.000131054
0.000138065
7.07527e-05
-1.42643e-06
4.0313e-05
0.000161441
0.0002762
0.000215576
0.000159382
0.00022546
0.000289535
0.000286667
0.000217545
0.000122884
0.000222403
0.00028609
0.000293062
0.000259061
0.000247648
0.000174198
0.000174105
0.000228509
0.000205774
0.000100437
-7.24576e-05
-3.64556e-05
1.86288e-05
7.94658e-05
0.000127915
0.00023091
0.00028896
0.000311927
0.000219115
0.000117273
0.000237467
0.000256314
0.000271954
0.000243308
0.00026614
0.000222458
0.000157568
0.000216129
0.000276306
0.00026376
0.000204778
0.000147313
0.000100453
7.64854e-05
0.000135828
0.000217575
0.000252712
0.000267849
0.000265879
0.000259245
0.000148873
0.000184964
0.000189192
0.000220762
0.000249426
0.00017421
0.000137805
0.000192694
0.000229025
0.000342505
0.000374297
0.000366022
0.000226452
0.000107852
0.000166577
0.000260655
0.000314934
0.000283802
0.000214075
0.000160873
0.000147189
0.000192277
0.000192384
0.000220541
0.000229024
0.000174184
0.000138755
0.000197275
0.000272331
0.000343155
0.000374636
0.000366709
0.000157641
0.000115009
0.000205737
0.000291026
0.000316294
0.000257126
0.000214021
0.00014759
0.000139111
0.000193139
0.00019176
0.000243972
0.000229349
0.000173392
0.000141762
0.000192924
0.000222267
0.000367572
0.000373801
0.000367342
0.000150804
9.81603e-05
0.000205582
0.000263194
0.000319714
0.000257657
0.000210313
0.000139262
0.000131153
0.000192406
0.000197199
0.000212132
0.000227705
0.000162936
0.000115063
0.000161096
0.000199553
0.000345947
0.000357998
0.000352152
0.00020037
7.03604e-05
0.000155175
0.000270453
0.00033274
0.000295543
0.000196201
0.000112605
0.000123232
0.00018596
0.000195303
0.000227108
0.000219087
0.000137396
8.95877e-05
9.73406e-05
0.000162717
0.00037374
0.00034109
0.000316539
0.000159756
5.78146e-05
0.000196199
0.000321333
0.000346919
0.000302806
0.000150319
0.000101194
0.000131664
0.000191909
0.000203069
0.000202705
0.000201309
3.67099e-05
3.24827e-05
4.58049e-05
0.000235631
0.000384626
0.000343174
0.000296829
0.00012091
-2.21175e-05
0.000114212
0.000288422
0.000381432
0.000316129
0.000166123
0.000111299
9.77386e-05
0.000204716
0.000200793
0.000209788
0.000191078
3.61077e-05
5.73721e-06
3.24573e-05
0.000216427
0.000377094
0.000353756
0.000323466
2.84305e-05
-3.90002e-05
0.000172233
0.000334359
0.000405607
0.000283229
0.000176945
8.82457e-05
9.01886e-05
0.000211985
0.00022053
0.00021244
0.000166202
0.000159912
7.66238e-05
6.40882e-05
0.000167736
0.000339674
0.000340593
0.000295487
7.99261e-05
2.10717e-05
0.000120856
0.000245939
0.000382178
0.000344121
0.000213887
0.000125588
0.000115121
0.000160397
0.000252613
0.000225669
0.000165106
0.000232266
0.000210763
0.000112589
0.000108062
0.000277322
0.000316245
0.000323
0.000200626
7.80749e-05
0.000127595
0.000235436
0.000320282
0.000329214
0.000235387
0.000160862
0.000158438
0.00022533
0.000257441
0.000223875
0.000217065
0.000211956
0.000214352
0.000127322
0.000133932
0.000188421
0.000217927
0.000252205
0.000177809
0.000112732
0.000179368
0.000232915
0.000316677
0.000316165
0.000233547
0.000193178
0.000158482
0.000263195
0.000261493
0.000212703
0.000212221
0.000186771
0.00018446
0.000154398
0.000175298
0.000188536
0.00016833
0.000184484
0.000162031
0.000143891
0.00017715
0.000240727
0.000250986
0.000282727
0.000281219
0.000169299
0.000206278
0.000198043
0.000243322
0.000229398
0.000235572
0.000212451
0.000169392
0.000203518
0.00021286
0.000237538
0.000197705
0.000175562
0.000160194
0.000162044
0.000149658
0.000216242
0.000258649
0.000272423
0.000258054
0.00024229
0.000146926
0.000191357
0.000193657
0.000237082
0.00022957
0.000106958
0.000107071
0.000242641
0.000241101
0.000364934
0.000409264
0.000432149
0.000289554
0.000138425
0.000168315
0.000237313
0.000284431
0.000248006
0.000162068
0.000123939
0.000144671
0.000194585
0.000193217
0.000236601
0.000191098
0.000105794
0.000105504
0.000245922
0.000282366
0.000365301
0.000426751
0.00043369
0.000210772
0.000137092
0.000167684
0.000259039
0.000285029
0.000212169
0.000161347
0.000122106
0.000131598
0.000188313
0.000190812
0.000233151
0.000230172
0.000103529
9.87054e-05
0.000257842
0.000278466
0.000396505
0.000406654
0.000402842
0.000288934
0.000129604
0.000163996
0.000234809
0.000287627
0.000210026
0.000131319
0.00010828
0.000106464
0.000197984
0.000206871
0.000241939
0.000223408
0.000110963
0.000129866
0.000236813
0.000271185
0.00036809
0.000394253
0.000403008
0.000181116
0.000100708
0.000145551
0.000253924
0.00031239
0.000272644
0.000113299
6.09564e-05
6.47684e-05
0.000182269
0.000215618
0.000227594
0.00018576
0.00011446
3.67171e-05
0.000168951
0.00023214
0.000400644
0.000405754
0.000394174
0.000245323
6.65834e-05
0.000106926
0.000236089
0.000346445
0.00026024
0.000158791
5.80462e-05
1.84075e-05
0.000168517
0.000211743
0.000232806
0.000162485
0.000110341
9.37315e-06
0.00019786
0.000196953
0.000300904
0.0003713
0.000392358
9.36454e-05
5.76668e-06
6.98243e-05
0.000130322
0.000317656
0.000389794
0.000204893
4.11821e-05
8.75671e-05
0.000186264
0.00022768
0.000251104
9.68311e-05
-4.34808e-05
-3.09216e-05
0.00015917
0.000168936
0.000254905
0.000365102
0.000406339
6.27026e-05
-4.34096e-05
3.30565e-05
0.000187023
0.000311484
0.000401428
0.000256786
9.58278e-05
0.000122021
0.000194976
0.000249636
0.000248074
0.000138647
9.26659e-06
-6.24549e-05
4.28768e-05
0.000180361
0.000286294
0.000361293
0.000413895
9.78904e-05
1.95937e-06
8.71579e-05
0.000216559
0.000303567
0.000349418
0.00026523
0.000175163
0.000105524
0.000238765
0.000282912
0.00022074
0.000151315
0.000122664
0.000121801
0.000109922
0.000171907
0.000255221
0.000278491
0.000358994
0.000237773
4.14915e-05
0.000167214
0.000248324
0.000306319
0.00032584
0.000239279
0.00018516
0.00016574
0.000196855
0.000259992
0.000220821
0.000204024
0.000151386
0.000184689
0.000131382
0.000143564
0.000225176
0.000247971
0.000265606
0.000161006
9.71344e-05
0.000191884
0.000237642
0.000311855
0.000299514
0.000251714
0.000205877
0.00020614
0.00022242
0.000257422
0.000220404
0.000202145
0.000176228
0.000184938
0.000164178
0.000195966
0.000203753
0.000201787
0.000226724
0.00019209
0.000160671
0.000197112
0.000246763
0.000251129
0.000276066
0.000285188
0.000238698
0.000254577
0.000225371
0.000234029
0.000232944
0.000234181
0.0002063
0.000178551
0.00019492
0.000215022
0.000243878
0.000200737
0.000172308
0.000174628
0.000187956
0.000196238
0.000255139
0.000262717
0.000267093
0.000258603
0.000283835
0.000283964
0.000231534
0.000311489
0.000594803
0.000213991
6.60324e-06
-0.000124787
9.86335e-08
0.000304946
0.000542097
0.00048439
0.000438225
0.000344157
0.000219005
0.000208155
0.000258419
0.000243231
0.00020284
0.000202893
0.00023132
0.000267123
0.00021022
0.000306558
0.000485636
0.000212248
1.36882e-06
-0.00012956
-3.40125e-06
0.000422204
0.000552936
0.000450637
0.000419297
0.000343885
0.000218991
0.000208511
0.000258649
0.000242435
0.000201111
0.000201791
0.00023045
0.000269364
0.000208701
0.000294097
0.000616229
0.000209489
-7.50953e-05
-0.000139264
-1.5131e-05
0.000287909
0.000556052
0.000450178
0.000420124
0.000342499
0.000198845
0.00023506
0.000261413
0.00024331
0.00018902
0.000199816
0.000253789
0.00027076
0.000221589
0.000388314
0.000600665
0.000227392
-7.27671e-05
-0.000186202
-7.60079e-05
0.000230211
0.000494518
0.000443704
0.00042777
0.00033212
0.00021265
0.000245438
0.000269445
0.00023916
0.000185886
0.000175021
0.000232055
0.000274655
0.000246614
0.000323995
0.000504311
7.28451e-05
-6.1145e-06
-0.000135235
-0.000123569
0.00026421
0.000373711
0.000381112
0.00038126
0.000285545
0.000187709
0.000254562
0.00027464
0.000250746
0.000194131
0.00017403
0.000204931
0.00029804
0.000259038
0.000302669
0.000391873
0.000207547
5.31191e-05
-7.28593e-05
-6.0424e-05
0.000227245
0.00036861
0.000290569
0.000314976
0.000222219
0.000146626
0.000235343
0.000291988
0.000249962
0.000197646
0.000182306
0.000255602
0.000305759
0.000281008
0.000281879
0.000315711
0.000139754
5.76114e-05
6.28983e-05
1.68319e-05
0.000156227
0.000350354
0.000305554
0.000309873
0.000208797
0.000105233
0.000227348
0.000288252
0.000238591
0.000218857
0.00019386
0.000252052
0.000263035
0.00027809
0.000266964
0.000267467
0.000144898
3.58281e-05
4.00857e-06
5.49228e-05
0.000215503
0.000296532
0.000347016
0.000354854
0.00015247
9.19154e-05
0.00019025
0.00027882
0.000283416
0.00022194
0.00020991
0.000206891
0.000243354
0.000248217
0.000254566
0.000245786
0.000179329
5.57048e-05
5.49441e-05
0.000131006
0.000230904
0.000283477
0.000335695
0.000340863
0.000238083
4.38928e-05
0.00015905
0.000220257
0.000281241
0.000266432
0.000247947
0.000221966
0.000223934
0.000230438
0.000230422
0.00022789
0.000150284
0.000110012
0.000122733
0.000119353
0.000189883
0.00026611
0.000297529
0.000309052
0.000178731
9.06221e-05
0.000140352
0.000218361
0.00026156
0.00026178
0.000268903
0.000250736
0.000181417
0.000203594
0.000231571
0.000217943
0.00018329
0.00013405
0.000145858
0.000167228
0.000219011
0.000262421
0.000261557
0.000265822
0.000202626
0.000158816
0.000176711
0.00026298
0.000286978
0.000265937
0.000248205
0.000242279
0.000255582
0.000238108
0.000258109
0.000250965
0.000228425
0.000212938
0.000189613
0.000198961
0.000226767
0.000245894
0.000233355
0.000199126
0.000201531
0.000179858
0.00016722
0.000265821
0.000272623
0.000259574
0.000258974
0.000270448
0.000277669
0.000270836
0.000253855
0.000187626
0.00018713
0.000319374
3.86975e-05
4.43587e-05
0.000273744
0.000397277
0.000342875
0.000416013
0.00033891
0.000177692
0.00015785
0.000305287
0.000332621
0.000193352
0.000147114
0.00024115
0.000278067
0.000279491
0.000253758
0.000184576
0.000246676
0.000324347
4.04911e-05
4.26162e-05
0.000351409
0.000375015
0.000354794
0.000422715
0.000338945
0.000146049
0.000206336
0.000306774
0.000334861
0.000192203
0.000143362
0.000241318
0.000266944
0.000278951
0.000222572
0.000133753
0.0001633
0.000343784
4.29755e-05
3.01109e-05
0.000253416
0.000376733
0.000339957
0.000427031
0.000336527
0.000170742
0.000151072
0.000312286
0.000295753
0.000142148
0.000129459
0.00027291
0.000291069
0.000262903
0.000244954
0.000148602
0.000112705
0.000364725
6.34498e-05
-3.6577e-05
0.00027476
0.000359236
0.000310736
0.000432056
0.000238732
0.000137301
0.000210078
0.000369591
0.000320599
0.000173792
0.000164354
0.000242237
0.000315819
0.000241201
0.000168799
0.00011551
0.000160403
0.000427215
0.000115909
-9.6136e-05
0.000133357
0.000300898
0.000224889
0.000371901
0.000210378
0.000136865
0.000221176
0.000332611
0.000324585
0.000190556
0.000182512
0.000297178
0.00031099
0.000235085
0.000174096
0.000158327
0.000186892
0.000307365
-4.16071e-05
-4.5729e-05
8.62647e-05
0.00020845
9.16808e-05
0.000260379
0.000213193
6.39881e-05
0.000123739
0.000363938
0.000364053
0.000228052
0.00017108
0.000317591
0.000330712
0.000238554
0.000226771
0.000231273
0.000227033
0.000277864
0.000209753
-1.13199e-05
0.000106269
0.000265675
0.000176327
9.78612e-05
8.87822e-05
9.61548e-06
3.26971e-05
0.000457547
0.000365792
0.000214768
0.00015101
0.000320093
0.000264874
0.00021944
0.000223912
0.000283219
0.000259173
0.000154706
0.00015055
9.41303e-05
0.000163877
0.00039258
0.000406619
0.000230326
4.96385e-05
2.50385e-05
7.20774e-06
0.000529164
0.000300739
0.000162277
0.000185335
0.000291936
0.000227315
0.000182451
0.000209674
0.000241179
0.000173137
0.000113031
9.0282e-05
0.00010128
0.000236149
0.00031452
0.00034337
0.00034549
0.000213098
5.10962e-05
9.96211e-05
0.000418298
0.000300036
0.000187974
0.000186063
0.000248781
0.000202713
0.000196983
0.000213489
0.000203664
0.000150094
0.000109486
0.000115203
0.000144142
0.000221508
0.000272936
0.000276502
0.000297037
0.000174045
0.000122647
0.000151082
0.000271143
0.000303927
0.000207004
0.000206882
0.000233622
0.000210774
0.000213374
0.000201009
0.000217705
0.000206982
0.000125743
0.000133704
0.000151351
0.000213704
0.00024704
0.000252925
0.000250426
0.000194261
0.000162554
0.000210722
0.000291935
0.000288048
0.000244272
0.000225402
0.000250155
0.000236387
0.000247379
0.000245927
0.000240955
0.000228555
0.000213285
0.000187685
0.000174725
0.000209473
0.000215559
0.000186184
0.000217076
0.000245633
0.000181693
0.000216553
0.0002673
0.000270452
0.000249798
0.0002465
0.000237133
0.000285449
0.000279725
0.000225597
0.000129207
0.000243808
0.000284623
-1.37915e-05
0.000121248
0.000282462
0.000246508
0.000159148
0.000386346
0.000374973
0.000224631
0.000143548
0.000266668
0.000380329
0.000252646
0.000153475
0.000211224
0.00028602
0.000269555
0.000224447
0.000124814
0.00030877
0.000289172
-1.69246e-05
0.000120173
0.000291026
0.000242558
0.000153398
0.000428766
0.000376332
0.000176231
0.000140917
0.000265621
0.000354208
0.000253222
0.000149328
0.000208354
0.000288836
0.000269638
0.00017004
0.000131534
0.000312698
0.000175518
-2.89683e-05
0.000194001
0.000241309
0.000166346
0.000210339
0.000432476
0.000308653
0.000171053
0.000134306
0.000334217
0.000368179
0.000188524
0.000139039
0.000195866
0.000301301
0.000266178
0.000146967
0.000101578
0.000214255
0.000218352
-6.26877e-05
0.000117584
0.000156795
8.98882e-05
9.04055e-05
0.00037596
0.000285703
0.000162844
0.000169589
0.000331064
0.000375802
0.000182708
0.000121052
0.000215759
0.000293363
0.000272253
0.000119313
4.47691e-05
0.000283581
0.000345075
-7.30614e-05
8.30834e-05
0.000115718
-2.51754e-05
8.28742e-05
0.000336394
0.000367066
0.000168933
0.000140764
0.000338586
0.000357111
0.000242375
0.000124371
0.000231299
0.000290891
0.000241701
0.000210022
6.23895e-05
0.000265302
0.000309858
-3.30899e-05
0.000220296
0.000129554
-7.01909e-05
-7.32002e-05
0.000319119
0.000292061
0.000212992
0.000182718
0.000347361
0.000355407
0.000174661
0.000111212
0.00024249
0.000275885
0.000240866
0.000218726
0.00013539
0.000191748
0.000200822
-5.42578e-05
0.000104701
0.000207489
0.000104476
-5.2102e-05
0.000111371
0.000171593
0.00021697
0.000177209
0.000372074
0.000362268
0.000189442
0.000106726
0.000231681
0.000256267
0.000226995
0.00023603
0.000175725
0.000184476
0.00017265
5.79998e-05
0.000132689
0.000169573
0.000181135
0.000157577
0.000200791
3.7111e-05
6.29771e-05
8.46862e-05
0.000413824
0.000309021
0.000163546
0.00011984
0.000240356
0.000175617
0.000192284
0.000241153
0.000216019
0.000143195
0.000114307
6.8509e-05
0.000116902
0.000237696
0.00024147
0.000267336
0.000301727
0.000182623
0.000113528
0.000155596
0.00038114
0.000252209
0.00015302
0.000166431
0.00022964
0.000198057
0.000200044
0.000255449
0.000191998
0.000137169
9.15064e-05
0.000105371
0.00016604
0.000226343
0.000239151
0.000232978
0.000266152
0.000177351
0.000149699
0.000190537
0.000335623
0.000252048
0.000178299
0.000188996
0.000200202
0.000217557
0.00023198
0.000220117
0.000219468
0.000217463
0.000143771
0.000125986
0.000158252
0.000208898
0.000243372
0.000233633
0.000233901
0.000202542
0.000186894
0.000237578
0.000329755
0.000278719
0.0002223
0.000229868
0.0002406
0.000233709
0.000244264
0.000245868
0.000241899
0.000229758
0.000211143
0.000182372
0.00016338
0.000201831
0.000196721
0.00017568
0.00021011
0.000234905
0.000188169
0.000223875
0.000256767
0.000274881
0.000250775
0.000244717
0.000228432
0.000245811
0.000219061
0.000193667
0.00022332
0.000205419
0.00018334
3.59009e-05
0.000180249
0.000394584
0.000400439
0.000320754
0.000328328
0.000335258
0.000345298
0.000310803
0.000265605
0.000152057
0.000255616
0.000407052
0.000365288
0.00023001
0.000211316
0.000194317
0.000254108
0.000178919
0.0001835
3.99908e-05
0.000272718
0.000340406
0.000339662
0.000321553
0.000296175
0.000316116
0.000344921
0.000311271
0.000266669
0.000169713
0.000253306
0.000408665
0.000317569
0.0002189
0.000213799
0.000278986
0.000230229
0.000202428
0.000150478
0.000108551
0.000191694
0.00032883
0.000342078
0.000342428
0.000291468
0.000341525
0.000378584
0.000312541
0.000204474
0.000143158
0.000314258
0.000421532
0.000376172
0.000186783
0.000205977
0.000271464
0.000288884
0.000217399
0.00016044
5.24381e-05
0.000157823
0.000301744
0.000291107
0.000341415
0.000339751
0.000292743
0.000334754
0.000332509
0.000347169
0.000167298
0.00029944
0.00041423
0.000401788
0.00021564
0.000159841
0.000242774
0.00025557
0.000189244
0.000146525
8.79104e-05
0.000252711
0.000304216
0.00027982
0.000303717
0.000319311
0.000288742
0.000287522
0.000237465
0.000355596
0.000125308
0.00017988
0.00033759
0.000359715
0.000132907
0.00013595
0.00018851
0.000182565
0.000202377
0.000139603
7.49154e-05
0.000119714
0.000305689
0.00023977
0.000224699
0.00031109
0.000300845
0.000256
0.000200875
0.000353793
0.000178795
0.000152884
0.000313667
0.000396926
0.000234345
0.000242712
0.000200638
0.000116067
0.000152892
0.000147852
7.81115e-05
0.0001502
0.000300735
0.000194639
0.000206734
0.000280362
0.000271307
0.000202271
0.000246508
0.000315789
0.00019618
0.000122516
0.000174239
0.000337822
0.000174534
4.21908e-05
0.000202827
8.3339e-05
5.84836e-05
0.000109703
7.8541e-05
0.000197525
0.000276663
0.000183327
0.00019454
0.000267325
0.000246361
0.000212808
0.000246474
0.000267636
0.000180806
1.936e-05
7.2119e-05
0.000329075
0.000180514
0.000104123
0.000128713
0.000198347
2.64545e-05
6.69252e-05
5.59414e-05
0.000116784
0.000226387
0.000196072
0.000209638
0.000278067
0.000226481
0.000191906
0.000214006
0.000319427
0.000193631
0.000216977
0.000172241
0.000190869
0.000186909
0.000185435
0.000193074
0.000216586
9.67728e-05
1.72844e-05
3.7542e-05
9.41394e-05
0.000171288
0.00020659
0.00022296
0.00024711
0.000212984
0.000203359
0.000208167
0.00025708
0.000257125
0.000265583
0.000184896
0.000146531
0.000234732
0.000239914
0.000248057
0.000267706
0.000272496
0.000124773
6.06226e-05
8.14805e-05
0.000185918
0.000225956
0.00026964
0.000235557
0.0002019
0.000200298
0.000218929
0.000294462
0.00026339
0.000239998
0.000234415
0.00018882
0.000233263
0.000238006
0.000247313
0.000268497
0.000230695
0.000209922
0.000164827
0.00012566
0.000179687
0.000192583
0.000237374
0.000249
0.000217887
0.000183007
0.000209145
0.000238858
0.000273957
0.000270003
0.000254006
0.00022663
0.00018481
0.000224896
0.000352737
0.000309162
0.000206045
0.000166106
0.000113425
0.00018342
0.000255161
0.000238486
0.000270978
0.000328978
0.000336922
0.000367938
0.000260422
0.000149217
0.000127156
0.000322192
0.000408796
0.000283063
0.000179196
0.00022288
0.000353859
0.000264238
0.000206755
0.000165509
0.000111178
0.000182161
0.000253286
0.000238501
0.000270269
0.000331834
0.000336062
0.000343308
0.000209484
0.000147485
0.000124476
0.00032164
0.000409344
0.000235755
0.000174198
0.000218193
0.000359578
0.000315743
0.000207922
0.000160828
0.000111871
0.000177365
0.000252048
0.000231339
0.000299076
0.000332859
0.000343216
0.000342312
0.000200578
0.000104072
0.000109252
0.000390647
0.000409942
0.000231014
0.000171079
0.000200812
0.000373284
0.000264767
0.000172933
0.000127508
9.50724e-05
0.000171558
0.000256594
0.000207627
0.000251367
0.000354578
0.000309849
0.000315519
0.000177955
4.56089e-05
8.96311e-05
0.000276649
0.000408996
0.000233203
0.000171231
0.000173983
0.000345537
0.00024794
0.00017995
0.000136641
7.67657e-05
0.000161381
0.000274452
0.000210106
0.00024873
0.00039133
0.000283926
0.000255544
0.000174447
0.000102926
-2.62375e-05
0.000186858
0.000403184
0.000245318
0.000129155
0.000134593
0.000266934
0.000276818
0.000169723
0.000122095
6.94378e-05
0.000127054
0.000282628
0.000231651
0.0002539
0.000375641
0.00029053
0.000227037
0.000163024
9.3561e-05
-6.47365e-05
0.000224993
0.00037194
0.000278905
0.000125726
7.96203e-05
0.000253692
0.000185515
0.000147276
0.000135651
8.88244e-05
0.000177274
0.000275213
0.00024539
0.000295566
0.000350334
0.000306697
0.000237289
0.000166392
0.000176318
-0.000175542
-0.000125525
0.000290244
0.000195493
0.000133204
7.82103e-06
0.000213973
0.000309389
0.000145568
0.000140748
0.000114754
0.000136836
0.000268204
0.000259331
0.000282505
0.000341403
0.000327033
0.000211832
0.000178831
0.000229711
-0.000105419
-0.000124242
0.000101619
9.09978e-06
0.0001213
7.31757e-05
0.000127802
0.000333196
0.000147266
9.285e-05
8.96321e-05
0.000100646
0.000219192
0.000235002
0.000268554
0.000305744
0.000276103
0.000214625
0.000157311
0.000236922
7.58279e-05
-0.000155867
8.84754e-05
-2.12307e-06
0.000170451
0.000183265
0.000159573
0.000260681
0.000230926
7.9124e-05
5.20454e-05
8.2388e-05
0.000146799
0.000170182
0.000203397
0.000226288
0.000212256
0.000234066
0.000191184
0.000236669
0.000281984
0.000152214
0.000111867
0.000172202
0.000197869
0.000215131
0.000245529
0.000320479
0.000311345
0.000172953
4.08181e-05
6.30608e-05
0.000143394
0.000193234
0.000228488
0.000230249
0.000177325
0.000197446
0.000202892
0.000230377
0.000265694
0.000236244
0.000201854
0.000217895
0.000232325
0.000233326
0.000260173
0.000274473
0.000280221
0.000260409
0.000183732
0.000112475
0.000107097
0.000199403
0.000236619
0.000267904
0.000209368
0.000183239
0.00021591
0.000234909
0.000258329
0.000279238
0.000242043
0.000244068
0.00021527
0.000302132
0.000311206
0.000205868
0.000150494
0.000230229
0.000230056
0.000213217
0.000230728
0.000173772
0.000200198
0.000343671
0.000389251
0.000313813
0.000168782
9.57591e-05
0.000160619
0.000400894
0.00043384
0.000264035
0.000241868
0.000326816
0.000312448
0.000159969
0.000178077
0.000230841
0.000212686
0.000213299
0.000213344
0.000172387
0.000198202
0.000382748
0.00039054
0.00025651
0.000166214
9.50608e-05
0.000157493
0.000402458
0.000435675
0.000262426
0.000238668
0.000311733
0.000315521
0.000151134
0.000170985
0.000223056
0.000231016
0.000213338
0.000236183
0.000158484
0.000191477
0.000387616
0.000370846
0.000307585
0.000155254
7.96699e-05
0.000237931
0.000408762
0.000444349
0.000258471
0.000190081
0.000305946
0.000284325
0.000116293
0.000112386
0.000187359
0.000188515
0.000197148
0.000235962
0.000160553
0.000185036
0.000396797
0.000404472
0.000241388
7.11707e-05
1.43526e-05
0.00018321
0.000414078
0.000478725
0.000275575
0.000216439
0.000337658
0.000367942
0.00016046
9.33824e-05
0.000143245
0.00013126
0.000151528
0.000244628
0.000179587
0.000241658
0.00033824
0.000430578
0.000293266
6.37069e-05
9.52655e-06
6.2974e-05
0.000363809
0.000520674
0.000256678
0.00023251
0.000287863
0.000333676
0.000112673
0.000124407
0.000150573
0.000103571
8.30981e-05
0.000227954
0.000208552
0.000220555
0.000326323
0.000438577
0.000296104
7.23435e-05
4.26206e-05
-8.93334e-05
0.000450082
0.000553657
0.000332525
0.000260013
0.000227559
0.000281281
0.00020902
7.96281e-05
0.000155429
9.30813e-05
6.80486e-05
0.000180084
0.000203596
0.000233058
0.000302803
0.000382796
0.000290123
6.46935e-05
0.000134799
-5.47316e-05
1.89849e-05
0.000525378
0.000274662
0.000183785
0.000124117
0.000229885
0.000268357
6.74271e-05
0.000117336
0.000168511
0.000151996
0.000164287
0.000205283
0.000275235
0.000274622
0.000320171
0.00022541
0.000101833
0.00020258
5.02665e-05
2.27875e-06
0.000380857
0.0001815
0.000131723
8.75067e-05
0.000253437
0.000290895
0.000119707
0.000100155
0.000148984
0.000165208
0.000177171
0.000198128
0.000249488
0.000246238
0.000258432
0.000239775
0.000153065
0.000192251
0.0001496
-0.000178669
0.000144486
0.000245082
0.000176306
0.00014439
0.000157664
0.00023249
0.000181072
7.82416e-05
7.1271e-05
0.000128851
0.000139016
0.000121151
0.000148271
0.000218273
0.000224091
0.000221889
0.000172578
0.00017822
0.0002168
0.000115478
0.000117994
0.000266413
0.000188349
0.000215465
0.000248298
0.000270787
0.000255678
0.000116313
6.42738e-05
9.08319e-05
0.000117562
0.000152077
0.000195925
0.000196448
0.000179064
0.000213597
0.00019555
0.000209902
0.000240591
0.000243799
0.000201323
0.000236013
0.000208578
0.000241361
0.000279895
0.000285437
0.000278118
0.000254216
0.000162591
0.000150711
0.000128516
0.000194519
0.000244721
0.000246258
0.00019525
0.000196094
0.000215989
0.00023829
0.000255112
0.000266932
0.000245764
0.000247074
0.000223517
0.0001797
0.000221037
0.000315868
0.000128977
0.000188122
0.000280345
0.000217721
0.000192077
0.000188292
0.000208206
0.000283162
0.000389021
0.000356474
0.000225901
0.000186958
0.000166209
0.000323499
0.000404068
0.000302733
0.000207051
0.000165134
0.000215952
0.000316482
0.000151843
0.00020065
0.000244868
0.000192488
0.000197465
0.000188988
0.000208479
0.000282794
0.000389857
0.000358754
0.000220813
0.000207462
0.000165428
0.000360632
0.000404675
0.000265669
0.000266515
0.000190169
0.000281604
0.000473153
0.000218627
0.000146904
0.00028142
0.000207667
0.000193374
0.000187146
0.000178733
0.000279406
0.000355594
0.000276324
0.000220229
0.000175839
0.000167689
0.000351139
0.000401438
0.000311992
0.000184943
0.000169654
0.000171145
0.000283487
0.000266454
0.000167904
0.000264483
0.000188599
0.000186496
0.000193733
0.000205713
0.000242141
0.000383212
0.00029837
0.000225383
0.000190812
0.000151572
0.000235097
0.000375867
0.000307946
0.000249611
0.000178614
0.000281398
0.000380975
0.000220302
0.000179153
0.000242352
0.000183433
0.000216925
0.000209161
0.00019484
0.000213191
0.000348782
0.000387468
0.000234724
0.000169682
4.32064e-05
0.000301127
0.000290478
0.000205851
0.000220033
0.00021194
0.000271742
0.000320012
0.000256279
0.000216002
0.00023084
0.000212749
0.000202402
0.000209626
0.000207931
0.00021899
0.000271214
0.00033525
0.000202114
0.000184606
4.82474e-05
0.000292948
0.000364041
0.00015117
0.000187094
0.00022743
0.000267065
0.000254986
0.000148759
0.00021833
0.000223497
0.000188518
0.000184267
0.000220212
0.000183576
0.000123447
0.000337313
0.000325735
0.000172401
0.000203036
7.57341e-05
0.000185092
0.000314292
0.000165434
0.000137686
0.000210517
0.000264001
0.000274862
0.000123719
0.000122889
0.000201543
0.00020797
0.000187395
0.000188408
0.000135348
8.10009e-05
0.000361219
0.000334624
0.000199409
0.000235995
0.000222588
0.000135265
0.000285361
0.000156889
0.000157567
0.000171375
0.0001924
0.000271803
0.000134907
8.14709e-05
0.000206174
0.000257899
0.000209545
0.000180555
0.000132313
7.44641e-05
0.000214639
0.000280664
0.000197025
0.000171912
0.00018896
0.000204682
0.000176024
0.00024639
0.000184892
0.000185433
0.000183931
0.000210275
0.00011995
9.20864e-05
0.000136912
0.000232929
0.000239862
0.000152965
0.000174467
0.000154383
0.000210022
0.000200674
0.00014196
0.000109065
0.000215222
0.000238203
0.000208624
0.000225632
0.000196283
0.000191845
0.000223338
0.000225687
0.000166775
0.000159328
0.000127694
0.000141281
0.000164278
0.000158262
0.000182805
0.00020705
0.000337323
0.000204003
0.000138214
0.00012167
0.000221249
0.000254266
0.000253709
0.000289066
0.000193494
0.000178765
0.000242479
0.000247443
0.000207516
0.000202877
0.000147498
0.000165346
0.000151938
0.000189873
0.000246972
0.000216012
0.000218326
0.000244713
0.00021593
0.00018603
0.000242502
0.000263412
0.000258167
0.000265774
0.000249312
0.000305863
0.000310449
0.000309974
0.000205367
0.000184001
0.000310458
0.000293651
0.000205023
0.000155861
0.000102976
0.000150083
0.000210093
0.000163068
0.000173945
0.000246485
0.000186013
0.00025312
0.000302735
0.000231133
0.000275277
0.000307896
0.000318848
0.000309656
0.000204933
0.0002264
0.000311407
0.000295497
0.000205257
0.000155823
0.000101973
0.000183225
0.000207609
0.000159537
0.000214088
0.00022466
0.000183911
0.00025082
0.000300365
0.000211623
0.000241106
0.000306939
0.000309364
0.000308148
0.000204657
0.000222422
0.000315859
0.000258647
0.000205607
0.000154821
9.81352e-05
0.000172347
0.000186831
0.000146098
0.000206408
0.000218508
0.00017963
0.000287245
0.000291272
0.000200999
0.000211636
0.000283829
0.000290462
0.000277992
0.000210226
0.000207225
0.000318863
0.000273764
0.000184802
0.000152223
9.52641e-05
0.00018338
0.00016991
9.73834e-05
0.000142672
0.000190354
0.000191802
0.000277924
0.000267565
0.00019789
0.000169436
0.000248246
0.000257254
0.000266071
0.00018418
0.000175263
0.000344283
0.000289947
0.000181295
0.00012348
9.92847e-05
0.000257433
0.000217967
9.61139e-05
0.000175079
0.000180641
0.000171836
0.000282789
0.000279042
0.000162682
0.000150834
0.000197177
0.000238009
0.000245586
0.000211557
0.000201454
0.000290546
0.000309809
0.000183441
0.00014104
9.61776e-05
0.000267503
0.00036127
0.000147278
0.000137761
0.000201601
0.000212467
0.000276282
0.000281181
0.000215455
0.000129205
0.000186107
0.000233338
0.000234237
0.000181552
0.000181005
0.000236026
0.000249904
0.000189153
0.000125715
9.92089e-05
0.000374775
0.000445526
0.000265234
0.000178379
0.000224863
0.000245772
0.000271071
0.000290716
0.000201879
0.000144882
0.000162442
0.000231841
0.000234374
0.000172508
0.000165829
0.000223706
0.000237517
0.000205292
0.000147489
0.000131286
0.000189858
0.00040405
0.000249259
0.000209467
0.000221389
0.000259454
0.000283409
0.000276144
0.00023766
0.000180696
0.000145132
0.0002275
0.000219406
0.000130428
0.000152012
0.000207454
0.000245778
0.000224522
0.000164339
0.00015902
0.000178251
0.000339068
0.000276683
0.000194223
0.000171536
0.000260424
0.000319228
0.000256331
0.000260169
0.000177193
0.000164872
0.000206871
0.000217685
0.000140404
0.00011691
0.000180545
0.000225021
0.00023297
0.000209867
0.000190123
0.000198405
0.000327721
0.000280984
0.000162072
0.000174955
0.000226024
0.000306187
0.000242379
0.00022465
0.000212401
0.00015245
0.000172051
0.00019913
0.000171431
0.000139828
0.000148483
0.000187209
0.000212718
0.000249028
0.000200804
0.000206703
0.000384153
0.000311596
0.000162001
0.000102659
0.000187607
0.000271863
0.000257379
0.000287702
0.000189993
0.000143795
0.000172958
0.000198612
0.000193328
0.000160859
0.000156427
0.000182075
0.000221479
0.000242259
0.000242293
0.000226482
0.00026357
0.000290109
0.000175857
0.000147099
0.000216477
0.000260123
0.000261926
0.000273734
0.000192879
0.000144196
0.000173861
0.000203004
0.000205698
0.000181601
0.000169015
0.000163518
0.000242194
0.000289981
0.000205886
8.30336e-05
0.000137822
0.000165856
0.000205377
0.00021412
0.000220889
0.000229228
0.000253246
0.000256524
0.00019152
0.000146264
0.000186496
0.000247243
0.000195296
0.000188251
0.000165087
0.000128232
0.000236809
0.000221109
0.000133362
0.00018753
9.31347e-05
0.000119229
0.000173926
0.000194268
0.000222755
0.000229058
0.000247307
0.000288905
0.000147956
0.000150739
0.000280901
0.000264215
0.000135406
0.000119643
0.00015468
0.000119989
0.000229344
0.0002573
0.000254853
0.000251469
0.000205764
0.000167045
0.000157859
0.000171246
0.000205424
0.000237996
0.000339043
0.000422223
9.50114e-05
0.000132566
0.000223771
0.000212932
8.04846e-05
6.77272e-05
9.75179e-05
6.81308e-05
0.000246597
0.000292937
0.00027937
0.000293348
0.000289797
0.000271975
0.000149947
0.000104287
0.000150112
0.000213336
0.000445676
0.000370252
9.76986e-05
0.000127053
0.000196414
0.000156726
-3.69989e-05
-2.42623e-05
5.64333e-05
0.000129514
0.00028617
0.000332794
0.000268125
0.000242744
0.000389901
0.000367
7.70235e-05
-2.73578e-05
0.000190235
0.000354905
0.000480123
0.000181503
0.000140084
0.000187275
0.000161228
0.000173917
2.92955e-05
2.11678e-05
2.78792e-05
9.00049e-05
0.000287256
0.000339289
0.000223466
0.000288282
0.000455364
0.00044933
0.000206035
-9.35148e-05
0.000273654
0.000398776
0.000259105
0.000153796
0.000162566
0.000217998
0.000157418
0.000188899
8.05732e-05
9.87625e-05
2.37125e-05
4.30632e-05
0.000247508
0.000274683
0.000200316
0.000285673
0.000502867
0.000410741
0.000236235
-1.58138e-05
0.000256163
0.000334561
0.000267175
0.000164125
0.000249453
0.000266454
0.000181717
0.000183833
0.000162585
0.000111836
-3.40403e-05
4.09902e-05
0.000207351
0.000271815
0.000234805
0.000335612
0.000465893
0.000374245
0.000169499
3.90025e-05
0.000163882
0.000305807
0.000238238
0.000185243
0.000266402
0.0002581
0.000200074
0.000192133
0.000191636
0.000160336
2.96419e-05
6.65513e-05
0.000201361
0.00025763
0.000237438
0.000435821
0.000485072
0.000385469
0.000189571
8.39931e-05
0.000242909
0.000293058
0.000192966
0.000206489
0.000277776
0.000271859
0.000219612
0.000206008
0.000181865
0.000137259
7.79979e-05
8.77865e-05
0.000191061
0.00024701
0.000298509
0.000450125
0.00046619
0.00041516
0.000202977
0.000117102
0.000185956
0.000252083
0.000205151
0.000201796
0.000259736
0.000272414
0.000241629
0.000195791
0.000181323
0.000168972
8.77348e-05
7.48305e-05
0.000145568
0.000248962
0.000269935
0.000448151
0.000474859
0.000408818
0.000277033
0.000126684
0.000187553
0.000260343
0.000187385
0.00020362
0.000259981
0.000285147
0.000241851
0.000207243
0.000180982
0.000168488
8.94007e-05
7.65832e-05
0.000145861
0.00023933
0.000271854
0.000398346
0.000472727
0.000407191
0.000276117
0.000128817
0.000188104
0.000258461
0.0001993
0.000203765
0.000202925
0.00015977
0.000158528
0.00019213
0.000192651
0.000198809
0.000185123
0.000182108
0.000246148
0.000255378
0.000199225
0.000130723
0.000164629
0.000169837
0.000199866
0.000207606
0.000217623
0.000243466
0.000254254
0.000273998
0.000183351
0.000147323
0.000191978
0.0002095
0.000171232
0.000186587
0.000165723
0.000175603
0.000252086
0.000232897
0.000178643
0.00022522
0.000210403
0.00015263
0.000176575
0.000188991
0.000186693
0.00023103
0.000216471
0.000250957
0.000105706
0.000110414
0.000201748
0.000221149
0.000146174
0.000154983
0.000185629
0.000145895
0.000233922
0.000234389
0.000243395
0.000253704
0.000235079
0.000233114
0.000199574
0.000142709
0.00014395
0.000220615
0.000251045
0.000301808
9.95e-05
0.000133672
0.00014806
3.17494e-05
0.000129021
0.000131905
0.000154293
0.000141797
0.000228814
0.00027032
0.000270703
0.000273993
0.00026977
0.000274497
0.000155748
8.55524e-05
8.56347e-05
0.000273999
0.000224859
0.000235476
0.000121332
0.000162107
0.000144634
6.49334e-05
4.79019e-05
0.000144697
0.000192538
0.000186526
0.000189113
0.000285995
0.000264792
0.000221649
0.000260306
0.000338686
0.000222005
-7.06043e-06
0.000109639
0.000237816
0.000277285
8.54831e-05
0.000138303
0.000181634
0.000151675
0.000113553
8.48304e-05
0.000288925
0.000224698
0.000180825
0.000133496
0.000239137
0.000252021
0.000258105
0.000329589
0.000357579
0.000166103
2.5787e-05
0.000118555
0.00018739
0.000134679
-5.10448e-05
0.000202801
0.000266789
0.000148951
8.99257e-05
8.77529e-05
0.000234413
0.000192477
8.01263e-05
0.000104327
0.000231851
0.000225839
0.00030666
0.000398816
0.000378746
0.000128619
4.54677e-05
8.67221e-05
4.69976e-05
-8.31499e-05
-4.08145e-05
0.000230335
0.000226455
0.000183275
0.000118099
0.000143854
0.000210017
0.000189535
9.64519e-05
0.000165016
0.00023656
0.00017242
0.000308531
0.000409681
0.000379009
0.000231453
5.25239e-05
5.98741e-05
3.83534e-05
-0.000102784
-6.13486e-05
0.000278954
0.000286528
0.000241592
0.000132927
0.000162967
0.000187903
0.000156269
0.000137236
0.000123597
0.000210731
0.000284644
0.000366623
0.000380555
0.000322152
0.000228176
9.28193e-05
7.54644e-05
1.78654e-05
-3.74971e-05
0.000174409
0.00027464
0.000352684
0.000249964
0.00021957
0.00018404
0.000196145
0.00013681
0.000141396
0.000214439
0.000225575
0.000250363
0.00042707
0.000393892
0.000317915
0.000210104
0.00011503
0.000125856
9.42974e-05
2.67556e-05
0.000176336
0.000314786
0.000325716
0.0002604
0.000161286
0.000186622
0.000215142
0.000172351
0.000100809
0.000170474
0.000299919
0.000286526
0.000426226
0.000391911
0.000360633
0.000156746
9.04638e-05
0.000131326
7.89023e-05
6.48895e-05
0.000195718
0.000280796
0.000347051
0.000282466
0.000192873
0.000139294
0.000185597
0.000172204
0.000102043
0.000126011
0.000256963
0.000422
0.000494177
0.000424622
0.000360259
0.000237767
0.000119358
0.00013121
0.000115405
4.90289e-05
0.000134742
0.000259043
0.000235364
0.000188444
0.000180786
0.000190754
0.000215461
0.000205933
0.000191628
0.000213888
0.000263363
0.000235779
0.000191669
0.000198398
0.00019871
0.000186413
0.000204416
0.000226469
0.000250721
0.000257987
0.000277757
0.000254278
0.000237564
0.000204294
0.000168789
0.000174338
0.000202141
0.000220816
0.000216909
0.000240955
0.000241617
0.000223397
0.000248401
0.000225865
0.000172082
0.000172334
0.000183935
0.000185222
0.000231468
0.000254205
0.000279317
0.000210673
0.000192004
0.000187996
0.000159048
0.000192009
0.000228953
0.000228714
0.000243933
0.000243287
0.000228046
0.000209839
0.000252468
0.000195921
0.000155104
0.000184722
0.000156515
0.000154423
0.000209768
0.000215913
0.000276718
0.000178217
0.000140775
0.000170972
0.000145433
0.000258035
0.000174526
0.000226484
0.000280884
0.000231245
0.000244502
0.000129953
0.000258235
0.000237517
0.000140983
0.000158125
0.000121449
8.11149e-05
0.00017215
0.000189905
0.0002426
0.000197111
0.000101582
0.000145735
0.000225716
0.0002212
0.000202351
0.000259501
0.000284567
0.000216399
0.000228678
0.000151519
0.000279592
0.000201637
0.000153213
0.000178882
0.000107354
0.000108991
0.000143689
0.000158219
0.000215007
0.000202087
0.000169356
0.000181069
0.000281336
0.000262454
0.00022421
0.000238348
0.000240972
0.000197748
0.000262919
0.000171949
0.000274432
0.000162038
0.000174255
0.000193035
7.04851e-05
8.45288e-05
0.000145755
0.000135022
0.000226189
0.000252521
0.000205807
0.000191718
0.000349564
0.000316109
0.000272192
0.000235306
0.000183206
0.000207491
0.000202788
0.000160067
0.000247796
0.000156692
0.000203984
0.000206028
7.43779e-05
7.02672e-05
0.000147728
0.00010547
0.000275466
0.000310046
0.000233681
0.000251551
0.000396903
0.000348341
0.000262733
0.000232191
0.00017675
0.000232864
0.000193163
0.000163749
0.000242597
0.000225887
0.000288714
0.000199414
5.99405e-05
0.000101157
0.00016428
0.000180282
0.000318247
0.000322919
0.000291935
0.000352999
0.000502079
0.00041436
0.00028226
0.000236015
0.000201337
0.000260335
0.000238019
0.000179082
0.000266159
0.000290577
0.000314992
0.000182601
9.5694e-05
5.80782e-05
0.000155069
0.000171821
0.000340763
0.000389971
0.00034581
0.000354642
0.000461765
0.000393417
0.000289209
0.000251359
0.000220564
0.00026648
0.000238848
0.000265037
0.000296319
0.000283378
0.000304715
0.000177458
8.19435e-05
9.73324e-05
0.000137714
0.000199638
0.000383504
0.000405896
0.000369465
0.000358188
0.000449623
0.00034644
0.000308961
0.000253503
0.000221942
0.000265036
0.000241506
0.000244627
0.000303406
0.000287738
0.000288713
0.000231646
0.000115041
7.95635e-05
0.000139571
0.000260966
0.000399704
0.000425074
0.000370044
0.000359086
0.000446527
0.000387966
0.000309269
0.00025347
0.000221907
0.000261367
0.000241784
0.000246915
0.000312227
0.000289891
0.000303462
0.00023146
0.000115841
8.14222e-05
0.000141119
0.000210343
0.000355772
0.000284055
0.000241231
0.000217002
0.000187659
0.000198923
0.000217592
0.000217816
0.000201047
0.00021423
0.000257895
0.000243198
0.000198184
0.000206581
0.000210912
0.000193243
0.000199292
0.000226365
0.000249237
0.000276875
0.000289986
0.00026577
0.000276041
0.00023829
0.000167611
0.000205581
0.000219685
0.000222122
0.000231788
0.000238108
0.000243532
0.000249671
0.000265015
0.000215977
0.000178441
0.000160976
0.00016232
0.000199073
0.000232062
0.000264755
0.000291221
0.000249625
0.00022488
0.000135704
0.000157472
0.000222136
0.000228819
0.000222471
0.000269307
0.00020299
0.000218435
0.000231773
0.000306323
0.000253962
0.000114271
0.000137692
0.000117151
0.000130505
0.000233588
0.00025566
0.000280842
0.000235143
0.00012545
0.000130409
0.000205259
0.000222717
0.000175162
0.000259343
0.000299274
0.000231223
0.000284264
0.000179388
0.000352452
0.000272607
6.87679e-05
9.33039e-05
8.84012e-05
0.000104186
0.000206183
0.000236814
0.000263259
0.000214822
0.000113447
0.000164039
0.000251891
0.000216341
0.000190224
0.000300627
0.000289095
0.000213181
0.000252325
0.00016146
0.000398007
0.000122009
8.56281e-05
0.000141648
8.95335e-05
0.000139761
0.000156579
0.000187479
0.00025905
0.000255292
0.000195619
0.00018866
0.000273245
0.000271943
0.0003128
0.000372764
0.00022813
0.000242019
0.000225741
0.000204349
0.000462057
0.000125045
0.000128494
0.000190276
9.84955e-05
0.000129703
0.00012706
0.000182877
0.000267773
0.000296736
0.000233634
0.000238067
0.000313369
0.000334366
0.00035279
0.000405144
0.00020626
0.0002758
0.000233482
0.000128857
0.000521317
0.000193481
0.000180921
0.000210489
0.00015974
0.000122352
0.000126018
0.000189066
0.000329585
0.000346081
0.000252784
0.000255045
0.000383918
0.000400342
0.000386343
0.000304049
0.000233127
0.000286895
0.00020766
0.000377926
0.000544405
0.000289431
0.000270235
0.000202675
0.000130139
0.000115532
0.0001341
0.000160128
0.000359005
0.000324226
0.000280784
0.000332289
0.000401789
0.000405248
0.000394471
0.000320265
0.000237608
0.00027945
0.000153103
0.000245787
0.000443525
0.000341107
0.000271255
0.000178494
0.000134842
0.000129201
0.00013554
0.000238122
0.000330015
0.000362324
0.000323229
0.000363691
0.000436313
0.000437689
0.000367207
0.000306973
0.000246607
0.000274287
0.000211634
0.000374406
0.000434251
0.000358208
0.000294477
0.000170214
0.000142668
0.000150856
0.000137668
0.000192548
0.000353125
0.000375038
0.000322249
0.00036405
0.000440955
0.000424651
0.000391828
0.00030289
0.000263606
0.000272397
0.000189956
0.000271547
0.000398156
0.000330323
0.000255898
0.000202284
0.00015183
0.000143563
0.000131764
0.000263782
0.000365013
0.000406633
0.000332477
0.000332071
0.000422452
0.000439894
0.000389867
0.000301701
0.000249135
0.000284535
0.000216079
0.000273434
0.000421683
0.000352835
0.000288902
0.000203077
0.000153469
0.000152915
0.000132826
0.000202917
0.000367227
0.000253991
0.000238121
0.000228673
0.00020267
0.00021155
0.000221537
0.000213912
0.000218894
0.00025622
0.000250975
0.000227115
0.000193386
0.000195927
0.000228139
0.0002056
0.000188784
0.000216411
0.000260757
0.000281092
0.000292414
0.000271682
0.000274061
0.000234418
0.000165972
0.000202417
0.000230414
0.000221124
0.000230789
0.00024534
0.000269749
0.00026451
0.000262441
0.000262523
0.000263452
0.000167336
0.000115118
0.000165417
0.000216696
0.000265382
0.00029854
0.000266701
0.000255881
0.000157147
0.000162686
0.000228647
0.000224716
0.000202435
0.000242662
0.000285525
0.000349698
0.000319545
0.000347278
0.000368454
0.000163015
4.79146e-05
5.0851e-05
0.000126754
0.000209031
0.000268888
0.000279981
0.000280266
0.000233584
0.000175953
0.000207859
0.000236354
0.000221466
0.000219869
0.000266274
0.000321827
0.000339271
0.000221174
0.000430233
0.000386444
8.69944e-05
3.71906e-05
5.74139e-05
9.59606e-05
0.000180992
0.000253812
0.000259345
0.000258407
0.000213521
0.000171828
0.000167382
0.000252786
0.000248199
0.000271039
0.0002405
0.00038805
0.000285449
0.000214914
0.000351464
0.000278335
-3.79496e-05
1.1146e-05
8.77346e-05
8.84822e-05
0.000140107
0.000247693
0.000287559
0.000178571
0.000169429
0.000104882
8.68502e-05
0.000240736
0.000225676
0.00022972
0.000272715
0.0004395
0.000330326
9.7091e-05
0.000321915
0.000159509
-4.49912e-05
0.000149898
0.000149095
0.000124494
0.000150123
0.00019776
0.000290635
0.000185625
0.000121158
2.63176e-05
8.94941e-05
0.000326814
0.000279137
0.000215289
0.000340125
0.000357048
0.000256191
0.000161362
0.000394522
-2.88264e-05
4.26442e-05
0.000200479
0.000226593
0.000170142
0.00013877
0.000240009
0.00026094
0.00014272
0.000153605
0.00010263
0.000246384
0.000325249
0.000247845
0.000265498
0.000380688
0.000276708
0.00036339
0.000129305
0.000225508
0.000102298
9.53835e-05
0.000166507
0.000213422
0.000163957
0.000131524
0.000243173
0.000326391
0.000234431
0.000111452
4.8035e-05
0.000230676
0.000271559
0.000271441
0.000259158
0.000348436
0.000341758
0.000274639
0.000197005
0.000220483
0.00020234
8.15577e-05
0.000181717
0.000193175
0.000130079
0.000115405
0.000228468
0.000257332
0.000179478
0.000112483
7.53465e-05
0.00022602
0.000360171
0.000284956
0.000321813
0.000381369
0.000276484
0.000396507
0.000326072
0.000339227
9.81024e-05
0.00012062
0.000245778
0.00024414
0.000142377
0.0001322
0.000236972
0.000267878
0.000243628
0.000163971
0.000107668
0.000353625
0.000360736
0.000287504
0.000266029
0.000310012
0.000306675
0.000344821
0.000359518
0.000333298
0.000216041
0.000130736
0.000244476
0.000179358
0.000136069
0.000114424
0.000209035
0.000278725
0.000246442
0.000174717
0.000199434
0.000351159
0.000359569
0.000288179
0.000267377
0.000310202
0.000329197
0.000287789
0.00027984
0.000380463
0.000216109
0.000132662
0.000163859
0.000179911
0.000156812
0.000115669
0.000171693
0.000281721
0.000257715
0.000242625
0.000210047
0.000207943
0.000232094
0.000215089
0.000209458
0.000222163
0.000246899
0.0002371
0.000219927
0.000170629
0.00019368
0.000190701
0.000173608
0.000202446
0.000213261
0.000232202
0.000256967
0.000267046
0.000285366
0.000270252
0.000231347
0.000197759
0.000216378
0.000207765
0.000184062
0.000213667
0.000230757
0.000264631
0.000167373
0.00017199
0.00024957
0.000215555
0.000146238
0.000152263
0.000161993
0.000214653
0.000262207
0.000282031
0.000301106
0.000312422
0.000196007
0.000163016
0.000197701
0.000208271
0.000114721
0.000229421
0.000275285
0.000328992
0.000233374
0.000221238
0.000290101
0.000233692
0.000155252
0.000118861
9.36398e-05
0.00013966
0.000232186
0.000270454
0.000330487
0.000351235
0.000234949
0.000104971
0.000133615
0.000161543
2.04154e-05
0.000261544
0.000310528
0.000342993
0.000328414
0.000207964
0.000283571
0.000230253
0.000166957
0.000147566
9.66696e-05
0.000126671
0.000229584
0.000273174
0.000364632
0.000345821
0.000140173
7.79765e-05
0.000116532
9.8997e-05
3.30173e-06
0.00030402
0.000315403
0.000253614
0.000339943
0.000128027
9.43828e-05
5.61264e-05
3.23248e-05
0.000131088
0.000127357
0.000173382
0.00021344
0.000301624
0.000374251
0.000292729
8.91229e-05
3.6639e-05
0.000107988
6.64087e-05
5.21474e-05
0.000310914
0.000253094
0.000333795
0.000439499
8.355e-05
-3.38892e-05
-3.92351e-06
0.000121645
0.000179262
0.00011415
0.000121201
0.000190409
0.000303692
0.000406275
0.000233642
9.26572e-05
2.31253e-05
6.56633e-05
7.24719e-05
0.00010129
0.000351233
0.000223773
0.000390377
0.000483257
0.00013391
-7.87157e-05
-2.2509e-05
0.000192865
0.000198041
0.000118959
0.000112912
0.000166734
0.000332698
0.000390796
0.000244181
4.459e-05
5.26951e-06
6.98825e-05
0.000135977
0.000257965
0.00035275
0.000252405
0.00037149
0.000260384
1.52172e-05
-7.54275e-05
0.000133098
0.000207344
0.000209814
0.000107054
0.000122345
0.000261991
0.000405031
0.000360398
0.0001331
3.22003e-05
-2.20532e-05
0.000184435
0.000221551
0.00033574
0.000338098
0.000335615
0.00044793
0.000363948
-1.97358e-05
-4.44669e-05
0.000136872
0.000255572
0.000233907
0.000144627
0.00017989
0.000286116
0.000476225
0.000408262
0.000223546
-1.78046e-05
-1.23915e-05
0.000184948
0.000279526
0.000334209
0.000358769
0.000324435
0.000467101
0.000197337
4.92521e-05
0.000102303
0.000217007
0.00028833
0.000221897
0.000148969
0.000254574
0.000367795
0.000485537
0.000342201
0.000228829
-9.86546e-06
-1.43644e-06
0.000193578
0.000277463
0.000326073
0.000334461
0.000345978
0.000451456
0.000220668
4.47318e-05
6.93889e-05
0.000270078
0.000297818
0.000225855
0.000155352
0.000262636
0.000372131
0.000476454
0.000399313
0.000229704
3.8656e-05
1.70474e-06
0.000194881
0.000276301
0.000324237
0.000349852
0.000320291
0.000424615
0.000340075
9.31299e-05
7.53955e-05
0.000230488
0.000297302
0.000266476
0.0001685
0.000201656
0.000372095
0.000477323
0.000253107
0.000244945
0.000206557
0.000214402
0.000231695
0.000225795
0.000207811
0.000216559
0.000229823
0.000213703
0.000190582
0.000168525
0.000185671
0.000171257
0.000158181
0.000213825
0.000222284
0.000238952
0.000255779
0.000260283
0.000279443
0.000257221
0.000236859
0.00020532
0.000226189
0.000193741
0.000161116
0.000202213
0.000204913
0.000222184
0.000187221
0.000217831
0.000248649
0.000207517
0.000171955
0.000189424
0.000168232
0.000206088
0.000254792
0.000265679
0.000321847
0.000320464
0.000269215
0.000179169
0.000199597
0.000188086
6.15886e-05
0.000203105
0.000261751
0.00032064
0.000305555
0.000239476
0.000258364
0.000253574
0.000212102
0.000187855
0.00014656
0.000169198
0.000235388
0.000267157
0.000395232
0.00039857
0.000281718
6.80796e-05
0.000135781
1.66272e-05
-7.7693e-05
0.000245708
0.000303348
0.000311829
0.000284563
0.000199578
0.000241084
0.000230295
0.000234767
0.000213854
0.000132331
0.000141693
0.000198363
0.000273018
0.000391918
0.00038213
0.000112992
4.40442e-06
0.000107523
-2.94299e-05
1.55519e-05
0.000252841
0.000295379
0.000229918
0.000268338
0.000179356
0.000191567
0.000119991
0.000169895
0.00019783
0.000158767
0.000169391
0.000247133
0.000341924
0.000401851
0.000391237
0.000139961
1.11738e-06
7.12774e-05
-0.000192234
-4.31213e-05
0.000310699
0.000287881
0.000205318
0.000293828
0.000203427
9.85494e-05
6.51352e-05
0.00020613
0.000207702
0.000168972
0.00017858
0.000259272
0.000351672
0.000447958
0.000322519
7.8762e-05
2.56578e-05
2.09247e-05
-0.000107265
5.3222e-05
0.000296173
0.00022377
0.000161451
0.000251631
0.00014888
0.00011632
0.000112519
0.000225278
0.00018516
0.000153194
0.000151476
0.000282905
0.000345082
0.000444414
0.000349372
7.96068e-05
2.09162e-05
3.51466e-05
1.0226e-05
0.000243148
0.000298387
0.000218846
0.000169797
0.000148594
0.000125237
0.000161168
0.000243392
0.000245139
0.000200547
0.000122661
0.000102923
0.000253446
0.000439695
0.000460428
0.000258223
1.07001e-05
-1.4306e-05
8.50812e-05
0.000120396
0.000264007
0.000282829
0.000257075
0.000190035
0.000128572
0.000145484
0.000206777
0.000305247
0.000237996
0.000193196
9.56483e-05
0.00018048
0.000367621
0.000458636
0.000407192
0.000263746
4.10211e-05
4.38803e-06
0.00012304
0.00018768
0.00023229
0.000273959
0.000268693
0.000245814
0.000139015
0.000169638
0.000270485
0.000309771
0.000241778
0.000155724
0.000107261
0.000224132
0.000341114
0.000480716
0.000431179
0.000268502
0.000132105
4.44033e-05
0.000178125
0.000189027
0.000231149
0.000268214
0.000267059
0.000255984
0.000173199
0.00020727
0.000276993
0.000299709
0.000266196
0.000163509
0.000109768
0.000231723
0.000401679
0.000470903
0.000429724
0.00033881
0.000134054
1.70663e-05
0.00013481
0.000190013
0.000230666
0.000266745
0.000267237
0.000258241
0.000180705
0.000197868
0.000246686
0.000306287
0.000267088
0.000204333
0.000118347
0.000166889
0.00034198
0.000456533
0.000251243
0.000249954
0.00024274
0.000240222
0.000252548
0.00024523
0.000227465
0.000195324
0.000199607
0.000166836
0.000141198
0.000157875
0.000184248
0.000142339
0.000174371
0.000208649
0.000235394
0.000238046
0.000255294
0.000263589
0.000239968
0.000237979
0.000218774
0.000211851
0.000214978
0.000199315
0.000189841
0.000159338
0.000115391
0.000129894
0.000148569
0.000200567
0.000243679
0.000217503
0.000215046
0.000241384
0.000216553
0.00019754
0.000280588
0.000257871
0.000247026
0.000232493
0.000239668
0.000190715
0.000179451
0.00020745
0.000119833
7.07939e-05
0.000170403
0.000225584
0.000241236
0.000187284
0.000204169
0.000224028
0.000263503
0.000273476
0.000167354
0.000206482
0.000307248
0.000205
0.000264725
0.000214548
0.000237698
3.37057e-05
0.000141592
0.00022952
6.88007e-05
9.65134e-05
0.000215019
0.000346075
0.000311338
3.70177e-05
8.81192e-05
0.000193103
0.000276932
0.000254425
0.000162078
0.000171809
0.000209256
0.000171146
0.000170474
0.000173305
0.000254021
-0.000123747
-5.90242e-05
0.00011548
1.47538e-05
5.55474e-05
0.000172823
0.00033017
0.000300406
0.000104299
0.000106736
0.000201425
0.000292889
0.000290844
0.000181536
0.00019042
0.000173195
0.00022001
0.000216518
0.000242064
0.000205951
-0.00013211
-1.92174e-05
0.000169113
2.45183e-05
-2.41942e-05
0.000170368
0.000323
0.000318456
0.000228788
0.000179617
0.000204014
0.000303353
0.000261262
0.000187429
0.00016563
0.000155898
0.000221628
0.00020772
0.000323058
0.000242226
-0.000126471
1.57728e-05
0.000153447
5.88593e-05
6.66736e-05
0.000251608
0.000303155
0.000353668
0.000312075
0.000202714
0.000202924
0.000313538
0.000228846
0.000146728
0.000132862
0.00015406
0.000230112
0.000342522
0.000500076
0.000443486
-6.51017e-05
0.000107169
7.82728e-05
9.75353e-05
0.000166123
0.000253229
0.000282265
0.000355086
0.000325127
0.000252196
0.000249719
0.000296191
0.000212393
0.000157208
0.000125181
0.000157593
0.000263088
0.000436242
0.000535754
0.000450665
-1.53841e-05
9.37313e-05
9.46123e-05
0.000103579
0.000154848
0.000244801
0.000261575
0.000304866
0.00034122
0.000262949
0.000252662
0.000287644
0.000208185
0.00012875
0.000116212
0.00017243
0.000287549
0.000469924
0.000537309
0.000436418
7.46219e-05
4.93195e-05
0.00010236
0.000116572
0.000153698
0.00021312
0.000255655
0.000316764
0.000310575
0.000263215
0.000253556
0.000278076
0.00020824
0.000158646
0.000145669
0.000198161
0.000364452
0.000431851
0.000535469
0.00043064
8.19422e-05
9.45259e-05
0.000110104
0.000120403
0.000153842
0.000211287
0.000255067
0.000289444
0.000305428
0.000262267
0.000253652
0.000274627
0.000240973
0.000159841
0.00013117
0.000201584
0.000363112
0.000431528
0.000530665
0.000429022
8.3885e-05
5.50783e-05
0.000111114
0.000121555
0.000154054
0.000210957
0.000255121
0.000288953
0.000319453
0.000261936
0.00023744
0.000275848
0.000240207
0.000159802
0.000131806
0.000201714
0.000318262
0.000259916
0.000249188
0.000250283
0.000233879
0.0002327
0.000240549
0.000199263
0.000170154
0.000188636
0.000189186
0.000188264
0.000208835
0.000205135
0.000159941
0.000165899
0.000214894
0.000242812
0.000240005
0.000266437
0.000269507
0.000246537
0.000227944
0.000234088
0.00021741
0.00021183
0.000219286
0.000213104
0.000134412
6.58089e-05
0.000154905
0.000222256
0.00025073
0.000235896
0.000211409
0.000236083
0.000245721
0.000209267
0.000212558
0.000287348
0.000303894
0.000208419
0.00017287
0.000251056
0.000206598
0.000173446
0.000170521
0.000123935
3.31324e-05
-2.66178e-05
0.000165286
0.000249579
0.000237382
0.000234934
0.000239913
0.000287235
0.000207047
0.000161833
0.000221368
0.000313788
0.000261486
0.000101729
0.000195366
0.000332272
4.74301e-05
-9.61967e-06
6.32411e-05
4.86469e-05
-2.03075e-05
4.3044e-05
0.000267691
0.000205625
0.000157711
0.000195827
0.000245129
0.000250383
0.000148921
0.000104965
0.000185835
0.00032008
0.000269419
-2.85478e-06
6.93199e-05
0.000449337
0.000105528
-5.50405e-05
4.13697e-05
4.2602e-05
1.11318e-05
2.6662e-05
0.000302469
0.000220993
9.14459e-05
0.000182151
0.000345392
0.000250815
0.000189559
0.000147345
0.000150147
0.000224837
0.000250918
-2.69507e-05
0.00042882
0.000542567
-3.44565e-05
-4.70412e-05
0.000112259
7.95357e-05
2.19607e-05
0.000184268
0.000341486
0.000118502
9.44443e-05
0.000146871
0.000303169
0.000285562
0.000206013
0.000138968
0.000159678
0.000235871
0.000220843
4.17293e-05
0.000649043
0.000620641
0.000133931
2.62307e-05
0.00012819
0.000102574
-7.85694e-06
0.000205488
0.000301634
0.000138975
0.000122362
0.000205116
0.000252397
0.000257991
0.000164599
0.000162941
0.000183793
0.00023748
0.000137514
0.000378284
0.000761004
0.000446067
6.19551e-05
7.35876e-05
0.000142549
8.62832e-05
8.7279e-06
0.000206936
0.000281731
0.000157972
0.000149146
0.0001769
0.00024866
0.000253172
0.000204564
0.000202366
0.000213247
0.000202649
7.15832e-05
0.000521071
0.000766512
0.000619403
0.00017972
0.000134878
0.000150294
0.000119316
4.2234e-05
0.000199713
0.00026786
0.000209726
0.000171966
0.000204939
0.000242009
0.000248072
0.00022745
0.000213118
0.000200522
0.000160197
9.60802e-05
0.000546475
0.000711212
0.000433096
0.000115762
0.000109272
0.000154519
0.000129487
6.91154e-05
0.000191781
0.000255747
0.000217502
0.000193173
0.000203568
0.000229942
0.000246256
0.000235228
0.000212071
0.000183781
0.000148756
0.000225448
0.000425122
0.000714839
0.00058563
0.000124124
0.000138638
0.00015405
0.000112287
7.98382e-05
0.000190082
0.000251291
0.000218656
0.000199218
0.000207714
0.00023889
0.000243664
0.000235233
0.000221687
0.000191969
0.000150676
0.0002336
0.000425177
0.000693557
0.000582872
0.000206118
0.000113998
0.000153462
0.000130509
8.11077e-05
0.000133036
0.000247661
0.000218453
0.000195373
0.000208619
0.000229965
0.000245481
0.000235311
0.000221172
0.0001917
0.000151226
0.000167824
0.000246667
0.000243186
0.000261094
0.000233533
0.000234323
0.000242138
0.000202159
0.000180769
0.000175353
0.000177855
0.000188274
0.000215365
0.000210537
0.000171844
0.000182994
0.000229907
0.000239049
0.000247902
0.000261708
0.000269155
0.000238572
0.000238842
0.000247861
0.000216325
0.000217799
0.000221318
0.000210527
0.000122782
8.05337e-05
0.000141835
0.000244394
0.000247413
0.000224259
0.000209916
0.000228331
0.000222437
0.000216086
0.000221515
0.000285245
0.000282354
0.00019137
0.000200142
0.000301419
0.00024583
0.000206626
0.000185778
9.68513e-05
1.57727e-05
-6.04667e-06
0.000105695
0.000260503
0.000252827
0.000236939
0.000245459
0.000260508
0.000188246
0.00015305
0.000198888
0.000287064
0.000250802
0.000106478
0.000289605
0.000447377
0.000157766
0.000106074
9.39028e-05
6.89703e-05
-1.42505e-05
-9.38277e-06
0.000213522
0.000258092
0.000232324
0.000189325
0.000285409
0.000257521
9.97378e-05
0.000144265
0.000167785
0.000279123
0.000252219
0.000125747
0.000394778
0.000573754
0.000249724
4.39292e-05
8.16239e-05
4.52756e-05
-8.54764e-06
-5.08915e-05
0.000167617
0.000222952
0.00019235
0.000159867
0.000286266
0.00015889
0.000145618
0.00021082
0.000138122
0.000215571
0.000227638
0.000210525
0.000497554
0.000621924
0.000127719
6.19292e-05
0.000128507
6.97395e-05
-1.33084e-05
4.60058e-05
0.000202034
0.000172938
0.000163205
0.000205553
0.000256419
0.000187191
0.000162556
0.000165925
0.000147759
0.000200475
0.00022962
0.00022643
0.000633142
0.000555025
0.000284609
0.000111993
0.000150918
0.000112148
-3.43684e-06
0.000101323
0.00022605
0.000133695
0.000167862
0.000202852
0.000211674
0.000198687
0.000169648
0.000174431
0.000179681
0.000197396
0.000180805
0.00021628
0.000597751
0.000555687
0.000185714
0.000159301
0.000154357
8.92523e-05
-3.09406e-06
5.4709e-05
0.00021797
8.94227e-05
0.000121791
0.000183536
0.000217779
0.00021244
0.000197966
0.00021327
0.000204977
0.000124573
0.00012421
0.000381555
0.000695603
0.000707814
0.000295053
0.000165515
0.000170106
0.000130657
5.17293e-05
0.000150389
0.00022025
0.000134147
0.000127744
0.000192173
0.000221024
0.000219438
0.000218514
0.000227081
0.000188636
0.000142136
0.000107741
0.000444515
0.000791727
0.000669734
0.000294773
0.000158048
0.000163832
0.000115495
7.12402e-05
9.82564e-05
0.00021149
0.00015495
0.000185459
0.000211761
0.000227247
0.000224822
0.00022566
0.000226588
0.000177692
0.000125706
5.98211e-05
0.000459242
0.000770889
0.000653784
0.000293782
0.000164397
0.000170502
0.000118144
7.65533e-05
0.000103433
0.000209996
0.000163946
0.000167717
0.000216706
0.000228557
0.00022579
0.000223431
0.000232699
0.000197613
0.000126198
7.31534e-05
0.00030971
0.00071151
0.000649527
0.000293329
0.000159164
0.000170171
0.000141884
7.7494e-05
0.000104525
0.000209155
0.000165337
0.000169634
0.000217526
0.000228652
0.000225904
0.0002238
0.000232521
0.00019775
0.000127698
7.83898e-05
0.000241735
0.000205926
0.000204874
0.000217253
0.000205789
0.00023677
0.000256615
0.00019388
0.000154047
0.000125451
0.000157927
0.000205408
0.000214268
0.000209426
0.000217831
0.000244936
0.000239574
0.000241787
0.000272082
0.000271033
0.000294792
0.000218498
0.000210821
0.000237126
0.000230502
0.000235832
0.000195282
0.000109453
9.43293e-05
0.00018226
0.000197004
0.000209599
0.000188882
0.000190615
0.000228933
0.000240052
0.000223619
0.000224933
0.000289428
0.000269775
0.000202565
0.000237604
0.000299301
0.000306474
0.000276085
0.00022851
0.000205436
8.59393e-05
7.2564e-05
0.000180089
0.000218027
0.000219524
0.000200322
0.000189682
0.000258467
0.000217079
0.000204769
0.000234942
0.000294645
0.000259716
0.000135683
0.000202165
0.000385639
0.000241175
0.000273891
0.000213964
0.000132889
4.13193e-05
5.98563e-05
0.000198791
0.000205402
0.000215884
0.000150629
0.000266311
0.000231452
0.000221905
0.000199668
0.000192935
0.000215494
0.000219854
0.000204011
0.000271399
0.000393258
0.000297764
0.000193219
0.000213889
0.000170905
9.65949e-05
2.97054e-05
0.00013948
0.000219032
0.000214132
0.00014897
0.000235306
0.000141884
0.000163887
0.000176882
0.000147497
0.000182314
0.000202357
0.000244438
0.00023418
0.000492325
0.000359824
0.000189956
0.000188599
0.000154158
5.11181e-05
0.000122314
0.000205984
0.000220303
0.000155457
0.00014483
0.000171485
0.000135691
0.000175016
0.000176345
0.000122501
0.000153835
0.000272961
0.000208011
0.000254041
0.000492576
0.000362263
0.000227382
0.000180788
0.000150389
0.000110682
4.73814e-05
0.000173243
0.000225906
0.000156271
0.000168555
0.000186331
0.000229054
0.000203461
0.000170875
0.000143526
0.000125211
0.000325191
0.0002132
0.000369386
0.000388271
0.000343224
0.000210689
0.000186031
0.000144101
0.000117903
0.000150332
0.00019494
0.000189206
0.000198834
0.000214427
0.000225523
0.000217895
0.000213051
0.000203881
0.000172795
0.000176931
0.000304396
0.00018935
0.000276547
0.000447029
0.000331599
0.000203329
0.000184534
0.000154057
0.00012738
0.000156278
0.000176071
0.000190363
0.000226064
0.000285852
0.000202271
0.000216754
0.000234218
0.000252759
0.000196093
0.000218352
0.000308189
0.000239042
0.000325208
0.000438815
0.000263666
0.00019692
0.000180251
0.000143753
0.000131377
0.000114105
0.000177228
0.00019539
0.000286703
0.000292113
0.000229098
0.000239113
0.000255333
0.000270161
0.000211094
0.000178306
0.00045826
0.000326244
0.000259693
0.00040048
0.00032433
0.000191778
0.000173802
0.000159604
0.000137169
0.000144428
0.000192361
0.000210815
0.000286874
0.000294826
0.000217783
0.000230319
0.000258505
0.000266798
0.000232708
0.000213912
0.000299914
0.000253384
0.000342731
0.000464664
0.000324068
0.00019751
0.000180786
0.000159751
0.000117646
0.00011905
0.000181992
0.000200693
0.000256147
0.000301635
0.000248009
0.000229638
0.000246787
0.00025726
0.000241154
0.000185132
0.000284221
0.00024074
0.000216381
0.000202824
0.000279252
0.00027522
0.000242887
0.000257575
0.000168063
5.90272e-05
0.000142499
0.000197151
0.000224295
0.000194527
0.000201572
0.000227361
0.000255029
0.000257165
0.000247121
0.000267173
0.000241803
0.000292939
0.000143459
0.000138864
0.000233607
0.000255768
0.000237428
0.000198417
4.28478e-05
3.11665e-05
0.000100319
0.000184497
0.00016627
0.000122966
0.000170096
0.000207121
0.000255022
0.000245533
0.000225204
0.000244501
0.000237739
0.000374201
0.000144615
0.000109198
0.000304769
0.000308738
0.000247793
0.000119256
9.58882e-06
6.95771e-05
0.000159863
0.000194621
0.000154404
0.000138973
0.000116731
0.000187352
0.000274232
0.000246434
0.000215462
0.000218792
0.000352804
0.000155789
-6.0079e-05
0.000230651
0.000338953
0.000318997
0.00022936
0.000136127
6.38727e-05
0.000144477
0.000143597
0.000179796
0.000200727
0.000121958
9.51951e-05
0.000233637
0.000266329
0.000240253
0.000214739
0.000182187
0.000387277
4.60525e-05
-4.65957e-05
0.000242359
0.00034088
0.000292932
0.000203551
0.000104537
0.000123753
0.000157376
0.000174746
0.000204631
0.000187051
8.21284e-05
0.000163462
0.000248345
0.000264123
0.000228305
0.000200044
0.000223565
0.000427685
7.97242e-05
3.56986e-05
0.000327642
0.000355602
0.000287408
0.000190483
0.000128392
0.000129368
0.000174043
0.000192074
0.000226367
0.000230581
0.000150277
0.000226357
0.000259654
0.000280763
0.000227434
0.000215784
0.000153154
0.000393982
0.000140275
0.000137688
0.000262893
0.000346435
0.000288217
0.000168319
0.000140882
0.00014321
0.000185032
0.000202725
0.000241575
0.000187117
0.00011803
0.000218033
0.000306791
0.000283299
0.000239334
0.000171169
0.000237061
0.000368416
0.000259835
0.000128442
0.000264739
0.000348954
0.000247994
0.000181365
0.000152972
0.000120203
0.00017764
0.000206053
0.000244176
0.00022896
7.33791e-05
0.000196004
0.000288989
0.000282724
0.000265324
0.000236509
0.000153547
0.000391193
0.000214654
0.000152152
0.000260445
0.000362426
0.000249367
0.000201764
0.000143556
0.000125052
0.000173139
0.000193764
0.000240809
0.000217645
6.83668e-05
0.000190666
0.000314003
0.000298712
0.000298913
0.000156541
0.000155203
0.000423273
0.00024104
0.000169953
0.000254151
0.000346895
0.000287235
0.000195678
0.000137852
0.000126737
0.000174487
0.000216501
0.000257687
0.000223815
6.9038e-05
0.000138492
0.0003126
0.000319386
0.000308287
0.000214827
0.000183561
0.000444961
0.00032518
0.000176866
0.000257135
0.000354323
0.000240832
0.000194937
0.000138154
0.000115084
0.000175538
0.000220542
0.000249778
0.000178642
0.000101261
0.000151585
0.00032748
0.00031878
0.000305504
0.000162248
0.000295539
0.000431006
0.000325271
0.000178626
0.00025838
0.000353714
0.000283085
0.000194662
0.000137882
0.000115212
0.000154785
0.000203202
0.000249692
0.000228604
0.000105128
0.000154983
0.000311475
0.000318295
0.00030474
0.000215208
0.000196929
0.000428774
0.000253475
0.00024142
0.000242684
0.000287528
0.000291536
0.000240046
0.000210588
8.34368e-05
5.97968e-05
0.00018801
0.000241427
0.000205044
0.000175705
0.000182354
0.000236486
0.000257615
0.000254846
0.000254857
0.000270666
0.000227352
0.000230013
0.000201248
0.000151538
0.000250166
0.000269506
0.000194673
0.000155476
4.24298e-06
4.19857e-05
0.000116189
0.000201486
6.80251e-05
9.92191e-05
0.000175835
0.000216387
0.000245415
0.000256482
0.000232405
0.000230811
0.00021866
0.000428466
5.94284e-06
0.000111919
0.000315346
0.00026661
0.00021981
0.000123081
-2.94359e-05
8.17536e-05
0.000162821
0.00020267
0.000125915
0.000132617
0.000153594
0.000214792
0.000284748
0.00025646
0.000219764
0.000178902
0.000278942
0.00028362
-1.73736e-05
0.000138957
0.000343746
0.00030083
0.000157711
4.86243e-05
1.60836e-05
0.00012621
0.000135392
0.000202656
0.000196533
0.000111362
0.000123771
0.000233282
0.000281272
0.000258847
0.000210219
0.00013736
0.000419235
0.000158531
1.40457e-05
0.000137004
0.000298744
0.000279296
0.000193768
8.5416e-05
9.21341e-05
0.000138735
0.000140224
0.000222666
0.000221062
5.15913e-05
0.00015103
0.000261736
0.000284613
0.000265764
0.00019947
0.00014211
0.000448848
0.000144264
0.000134566
0.00028298
0.000325308
0.000249135
0.000157795
0.000110976
0.000142213
0.000162675
0.000174034
0.000239986
0.000209065
0.000145596
0.000258559
0.00029631
0.00028157
0.000256234
0.000239064
0.000157517
0.000378064
0.000183449
0.000136217
0.000314173
0.000359518
0.000304995
0.000155678
0.000108585
0.000144216
0.000163548
0.000198287
0.000245497
0.000225612
0.000162077
0.000285174
0.000326079
0.000258638
0.000252592
0.000191487
0.000255268
0.000343487
0.000257972
0.000148494
0.000247445
0.000367689
0.000254778
0.000147375
9.59337e-05
0.000131364
0.00016432
0.000199676
0.000243481
0.000199624
0.000146054
0.000261377
0.000347303
0.000266351
0.000280631
0.000193961
0.000203704
0.0003593
0.000208673
0.000152059
0.000297919
0.00036874
0.000317534
0.000140309
9.99067e-05
9.63158e-05
0.000156501
0.000206845
0.000241034
0.00023771
0.000151859
0.000325857
0.000323834
0.00027998
0.000297547
0.000199029
0.000222623
0.000383839
0.000212544
0.000140567
0.00021694
0.000363541
0.000307794
0.000137235
8.31705e-05
0.00010452
0.000137199
0.000204849
0.000256728
0.000250839
0.000164123
0.000247209
0.000332156
0.000289185
0.000299028
0.000205409
0.000229827
0.000372798
0.000277045
0.000145224
0.000219929
0.00035933
0.00024692
0.000173945
0.000101842
0.000104957
0.00017154
0.000231737
0.000262382
0.000259261
0.000178991
0.000292822
0.000314675
0.000290877
0.000298461
0.000243121
0.000298051
0.000371934
0.000277381
0.000145839
0.000221418
0.000358365
0.000301581
0.000174107
0.000102706
8.98645e-05
0.00014266
0.000212995
0.000262857
0.000260967
0.000176294
0.000242377
0.000324205
0.000291294
0.000298479
0.000243331
0.000229817
0.000372556
0.000227149
0.000231547
0.000250935
0.000304942
0.000259653
0.000220764
0.000182109
8.55339e-05
0.000151888
0.000301848
0.000312763
0.000192698
0.000147025
0.000202447
0.000223019
0.000233719
0.000250568
0.000263541
0.000274671
0.000252735
0.000234312
0.000245799
0.000236974
0.000291465
0.000266387
0.000175984
0.000110217
-4.33563e-05
9.64079e-05
0.000225945
0.0002254
3.03025e-05
3.86791e-05
0.000118466
0.00022913
0.000251152
0.000285733
0.000276041
0.000270597
0.00026367
0.000256832
0.000223312
0.000213149
0.000268457
0.000234677
0.000142074
-2.08417e-05
-1.58169e-05
6.69283e-05
0.000208858
0.000230846
0.000164568
0.000147158
0.000184591
0.000210953
0.000310749
0.000327997
0.000251644
4.77905e-05
0.000114296
0.000444618
0.000147954
0.00011873
0.000295679
0.000273004
9.78295e-05
-7.85332e-05
-1.82958e-05
0.000159476
0.000322841
0.000296489
0.000311855
0.000226402
0.000164839
0.000206889
0.000268975
0.000260343
0.000242038
4.58171e-05
0.000160694
0.00031921
0.000105478
0.000162611
0.000267345
0.000156701
0.000104753
-1.51366e-05
8.77658e-05
0.000150407
0.000330763
0.000303629
0.000315847
0.000209561
0.000145868
0.000215467
0.000280458
0.000212421
0.000149522
0.000148562
0.000328443
0.000254049
9.82083e-05
0.000110714
0.000262054
0.00027755
0.000120344
8.75048e-05
0.000112331
0.000176899
0.00030862
0.000302067
0.000239267
0.000125477
0.000120646
0.000201997
0.000242712
0.000237712
0.000168949
0.00020543
0.00028897
0.000221566
0.000152695
9.17263e-05
0.00027327
0.000235961
0.000105509
0.000117042
0.00012898
0.000259576
0.000225375
0.00028754
0.000162407
0.000107699
0.000221285
0.000248185
0.000254929
0.000255889
0.000200093
0.0002299
0.000291456
0.000256292
0.000135334
0.000215949
0.000289946
0.000163306
0.000127371
0.00012503
0.000154676
0.000245312
0.000133742
0.000189522
0.000218046
0.000218143
0.000273873
0.000289338
0.000276572
0.000269812
0.000226737
0.000200641
0.000278348
0.000240377
0.000146173
0.000193521
0.000270105
0.0001791
0.000142945
0.000111393
0.000147098
0.000204406
0.000159591
0.000191531
0.000328657
0.000296358
0.000301302
0.00029744
0.000278176
0.000274888
0.000203041
0.000182672
0.000300511
0.00021851
0.00016271
0.000211616
0.000287878
0.000238574
0.000140638
0.000118101
0.000158599
0.000144493
0.000151116
0.000232329
0.000408579
0.00036565
0.000308466
0.000310556
0.000273666
0.000272941
0.000185008
0.000229946
0.00028842
0.00026462
0.000150587
0.000262946
0.000315155
0.000256924
0.000121779
0.00013148
0.000139509
0.000166181
0.000157565
0.000251181
0.000449992
0.000372539
0.000310673
0.000300181
0.000289388
0.00027676
0.000208466
0.000230803
0.000304199
0.000264893
0.000169513
0.000213911
0.000314753
0.000256837
0.000142876
0.000122668
0.000139318
0.000143692
0.000160164
0.000274671
0.000429692
0.000371777
0.000308089
0.000308783
0.000288744
0.000285111
0.000222894
0.000197461
0.000290596
0.000200312
0.000159931
0.000178489
0.000241933
0.000240239
0.000190077
0.000158688
0.000138819
0.000185463
0.000314444
0.00028755
0.000132174
0.000132592
0.000186351
0.000210605
0.000222335
0.000231858
0.000235892
0.000260626
0.00025599
0.000200279
0.000159222
0.000200651
0.00026946
0.000247359
0.0001929
0.000106813
7.33557e-05
0.00020352
0.000181161
0.000178148
0.000113803
-1.81244e-07
0.000110088
0.000193652
0.000246584
0.000254228
0.000239807
0.000255787
0.000341746
0.000220363
0.000161063
0.000211353
0.000282284
0.000161338
0.000104917
9.23716e-05
0.00012852
0.000198291
0.000244051
0.000287371
0.000260285
0.000125994
0.000163022
0.00020751
0.000248425
0.000284522
0.000134451
0.000290679
0.000357469
0.000282573
0.000152905
0.000219701
0.000232502
9.67468e-05
-1.11302e-05
5.85004e-05
0.000120482
0.000234925
0.00027133
0.000322379
0.000313727
0.000268647
0.0002455
0.000170537
0.00016003
8.02783e-05
3.53608e-05
0.000274436
0.000374462
0.000286121
0.000153258
0.000176653
0.000233484
0.000122004
-6.11652e-05
3.227e-05
0.000111715
0.000250088
0.000354477
0.00033198
0.000256322
0.00033706
0.000289624
0.000114777
8.90359e-05
0.000134053
0.000188909
0.000305652
0.000291812
0.000235855
0.000130552
0.000159519
0.000225435
0.000112129
-1.10097e-05
3.93574e-05
0.000195235
0.00038164
0.000408051
0.000299764
0.000283041
0.000359133
0.000252466
2.25663e-05
0.000103434
0.000228661
0.00028679
0.000253857
0.000305309
0.000328553
0.000184962
0.000180967
0.000227867
0.000139714
-1.08876e-05
2.99194e-05
0.000221398
0.000371829
0.000340464
0.000250841
0.000251236
0.000349893
0.000282683
0.000200875
8.89214e-05
0.000247039
0.000297152
0.000246135
0.000355949
0.000273743
0.000207073
0.000168899
0.000245544
9.18716e-05
-1.44587e-05
7.45909e-05
0.000203574
0.000312586
0.000306226
0.000227015
0.000312916
0.000354146
0.00031913
0.000252164
0.000131441
0.000206655
0.000282944
0.000240406
0.000343431
0.000270429
0.000221214
0.000198277
0.000250221
0.000114754
3.26128e-05
4.57562e-05
0.000195032
0.000263374
0.000251224
0.000240864
0.00031421
0.000381399
0.000361221
0.000268279
0.000145661
0.000259278
0.000267488
0.00023389
0.000312274
0.000291021
0.000229947
0.000211622
0.000255326
0.000188122
6.14374e-05
7.62542e-05
0.000182644
0.000221395
0.000242027
0.00025465
0.000353549
0.000401714
0.000367132
0.00027553
0.000167134
0.000214958
0.000270058
0.00022353
0.000268813
0.000287559
0.00023022
0.000213863
0.000254288
0.000146225
9.17342e-05
8.63205e-05
0.000150932
0.00021478
0.000241033
0.000261132
0.000365364
0.0004125
0.000366886
0.000276545
0.000172939
0.000216617
0.000248144
0.000227542
0.000265049
0.000286626
0.00023021
0.000214066
0.000253247
0.00018985
9.45161e-05
8.87507e-05
0.000150513
0.000213188
0.000239614
0.000261618
0.000366706
0.000412637
0.000366551
0.000276356
0.000174101
0.000217172
0.000264237
0.000221842
0.00026434
)
;

boundaryField
{
    bottomWall
    {
        type            zeroGradient;
    }
    topWall
    {
        type            zeroGradient;
    }
    sides1_half0
    {
        type            cyclic;
    }
    sides1_half1
    {
        type            cyclic;
    }
    sides2_half0
    {
        type            cyclic;
    }
    sides2_half1
    {
        type            cyclic;
    }
    inout1_half0
    {
        type            cyclic;
    }
    inout1_half1
    {
        type            cyclic;
    }
    inout2_half0
    {
        type            cyclic;
    }
    inout2_half1
    {
        type            cyclic;
    }
}


// ************************************************************************* //
