/*--------------------------------*- C++ -*----------------------------------*\
| =========                 |                                                 |
| \\      /  F ield         | OpenFOAM: The Open Source CFD Toolbox           |
|  \\    /   O peration     | Version:  5.0                                   |
|   \\  /    A nd           | Web:      www.OpenFOAM.org                      |
|    \\/     M anipulation  |                                                 |
\*---------------------------------------------------------------------------*/
FoamFile
{
    version     2.0;
    format      ascii;
    class       faceList;
    location    "constant/polyMesh";
    object      faces;
}
// * * * * * * * * * * * * * * * * * * * * * * * * * * * * * * * * * * * * * //


101
(
4(4 5 7 6)
4(8 9 11 10)
4(12 13 15 14)
4(16 17 19 18)
4(20 21 23 22)
4(24 25 27 26)
4(28 29 31 30)
4(32 33 35 34)
4(36 37 39 38)
4(40 41 43 42)
4(44 45 47 46)
4(48 49 51 50)
4(52 53 55 54)
4(56 57 59 58)
4(60 61 63 62)
4(64 65 67 66)
4(68 69 71 70)
4(72 73 75 74)
4(76 77 79 78)
4(0 4 6 2)
4(4 8 10 6)
4(8 12 14 10)
4(12 16 18 14)
4(16 20 22 18)
4(20 24 26 22)
4(24 28 30 26)
4(28 32 34 30)
4(32 36 38 34)
4(36 40 42 38)
4(40 44 46 42)
4(44 48 50 46)
4(48 52 54 50)
4(52 56 58 54)
4(56 60 62 58)
4(60 64 66 62)
4(64 68 70 66)
4(68 72 74 70)
4(72 76 78 74)
4(76 80 82 78)
4(1 3 7 5)
4(5 7 11 9)
4(9 11 15 13)
4(13 15 19 17)
4(17 19 23 21)
4(21 23 27 25)
4(25 27 31 29)
4(29 31 35 33)
4(33 35 39 37)
4(37 39 43 41)
4(41 43 47 45)
4(45 47 51 49)
4(49 51 55 53)
4(53 55 59 57)
4(57 59 63 61)
4(61 63 67 65)
4(65 67 71 69)
4(69 71 75 73)
4(73 75 79 77)
4(77 79 83 81)
4(80 81 83 82)
4(0 2 3 1)
4(0 1 5 4)
4(4 5 9 8)
4(8 9 13 12)
4(12 13 17 16)
4(16 17 21 20)
4(20 21 25 24)
4(24 25 29 28)
4(28 29 33 32)
4(32 33 37 36)
4(36 37 41 40)
4(40 41 45 44)
4(44 45 49 48)
4(48 49 53 52)
4(52 53 57 56)
4(56 57 61 60)
4(60 61 65 64)
4(64 65 69 68)
4(68 69 73 72)
4(72 73 77 76)
4(76 77 81 80)
4(2 6 7 3)
4(6 10 11 7)
4(10 14 15 11)
4(14 18 19 15)
4(18 22 23 19)
4(22 26 27 23)
4(26 30 31 27)
4(30 34 35 31)
4(34 38 39 35)
4(38 42 43 39)
4(42 46 47 43)
4(46 50 51 47)
4(50 54 55 51)
4(54 58 59 55)
4(58 62 63 59)
4(62 66 67 63)
4(66 70 71 67)
4(70 74 75 71)
4(74 78 79 75)
4(78 82 83 79)
)


// ************************************************************************* //
