/*--------------------------------*- C++ -*----------------------------------*\
| =========                 |                                                 |
| \\      /  F ield         | OpenFOAM: The Open Source CFD Toolbox           |
|  \\    /   O peration     | Version:  5.0                                   |
|   \\  /    A nd           | Web:      www.OpenFOAM.org                      |
|    \\/     M anipulation  |                                                 |
\*---------------------------------------------------------------------------*/
FoamFile
{
    version     2.0;
    format      ascii;
    class       vectorField;
    location    "constant/polyMesh";
    object      points;
}
// * * * * * * * * * * * * * * * * * * * * * * * * * * * * * * * * * * * * * //


84
(
(-0.000425 0 0.000425)
(0.000425 0 0.000425)
(-0.000425 0 -0.000425)
(0.000425 0 -0.000425)
(-0.000425 0.0085 0.000425)
(0.000425 0.0085 0.000425)
(-0.000425 0.0085 -0.000425)
(0.000425 0.0085 -0.000425)
(-0.000425 0.017 0.000425)
(0.000425 0.017 0.000425)
(-0.000425 0.017 -0.000425)
(0.000425 0.017 -0.000425)
(-0.000425 0.0255 0.000425)
(0.000425 0.0255 0.000425)
(-0.000425 0.0255 -0.000425)
(0.000425 0.0255 -0.000425)
(-0.000425 0.034 0.000425)
(0.000425 0.034 0.000425)
(-0.000425 0.034 -0.000425)
(0.000425 0.034 -0.000425)
(-0.000425 0.0425 0.000425)
(0.000425 0.0425 0.000425)
(-0.000425 0.0425 -0.000425)
(0.000425 0.0425 -0.000425)
(-0.000425 0.051 0.000425)
(0.000425 0.051 0.000425)
(-0.000425 0.051 -0.000425)
(0.000425 0.051 -0.000425)
(-0.000425 0.0595 0.000425)
(0.000425 0.0595 0.000425)
(-0.000425 0.0595 -0.000425)
(0.000425 0.0595 -0.000425)
(-0.000425 0.068 0.000425)
(0.000425 0.068 0.000425)
(-0.000425 0.068 -0.000425)
(0.000425 0.068 -0.000425)
(-0.000425 0.0765 0.000425)
(0.000425 0.0765 0.000425)
(-0.000425 0.0765 -0.000425)
(0.000425 0.0765 -0.000425)
(-0.000425 0.085 0.000425)
(0.000425 0.085 0.000425)
(-0.000425 0.085 -0.000425)
(0.000425 0.085 -0.000425)
(-0.000425 0.0935 0.000425)
(0.000425 0.0935 0.000425)
(-0.000425 0.0935 -0.000425)
(0.000425 0.0935 -0.000425)
(-0.000425 0.102 0.000425)
(0.000425 0.102 0.000425)
(-0.000425 0.102 -0.000425)
(0.000425 0.102 -0.000425)
(-0.000425 0.1105 0.000425)
(0.000425 0.1105 0.000425)
(-0.000425 0.1105 -0.000425)
(0.000425 0.1105 -0.000425)
(-0.000425 0.119 0.000425)
(0.000425 0.119 0.000425)
(-0.000425 0.119 -0.000425)
(0.000425 0.119 -0.000425)
(-0.000425 0.1275 0.000425)
(0.000425 0.1275 0.000425)
(-0.000425 0.1275 -0.000425)
(0.000425 0.1275 -0.000425)
(-0.000425 0.136 0.000425)
(0.000425 0.136 0.000425)
(-0.000425 0.136 -0.000425)
(0.000425 0.136 -0.000425)
(-0.000425 0.1445 0.000425)
(0.000425 0.1445 0.000425)
(-0.000425 0.1445 -0.000425)
(0.000425 0.1445 -0.000425)
(-0.000425 0.153 0.000425)
(0.000425 0.153 0.000425)
(-0.000425 0.153 -0.000425)
(0.000425 0.153 -0.000425)
(-0.000425 0.1615 0.000425)
(0.000425 0.1615 0.000425)
(-0.000425 0.1615 -0.000425)
(0.000425 0.1615 -0.000425)
(-0.000425 0.17 0.000425)
(0.000425 0.17 0.000425)
(-0.000425 0.17 -0.000425)
(0.000425 0.17 -0.000425)
)


// ************************************************************************* //
