(
4.0720976053905014e-05
0.00017013214397443825
0.0003314987855569364
0.0005128103027461292
0.0007062835442371823
0.0009086107010691957
0.0011182037483772622
0.0013342135514397
0.0015561410562863072
0.0017836666535537746
0.002016568975608061
0.0022546803507117207
0.002497865027835569
0.0027460044765885067
0.0029989879034286095
0.0032567044839811616
0.0035190347735797136
0.0037858415956275584
0.004056952642940942
0.004332133173881321
0.00461105325483608
0.004893218016757209
0.005177869692095679
0.005463833105132479
0.005749271859737841
0.006031369371605006
0.006305822191592663
0.005179362794625739
0.003970041375440772
0.002705412671222258
0.0013829472503986287
0.0
)
