(
(0.000229462197606 -0.000114671148963 -0.0 0.000229462197606 -0.0 0.000229462197606)
(0.000441777461336 -0.000207078854607 -0.0 0.000441777461336 -0.0 0.000441777461336)
(0.000458240823616 -0.000208846494518 -0.0 0.000458240823616 -0.0 0.000458240823616)
(0.000457745550047 -0.000208129205464 -0.0 0.000457745550047 -0.0 0.000457745550047)
(0.000452538676855 -0.00020578695082 -0.0 0.000452538676855 -0.0 0.000452538676855)
(0.000445338398348 -0.000202734566127 -0.0 0.000445338398348 -0.0 0.000445338398348)
(0.000436983458838 -0.00019921083745 -0.0 0.000436983458838 -0.0 0.000436983458838)
(0.000427810053586 -0.00019531627297 -0.0 0.000427810053586 -0.0 0.000427810053586)
(0.000417977995419 -0.000191102296339 -0.0 0.000417977995419 -0.0 0.000417977995419)
(0.000407571606162 -0.000186596928044 -0.0 0.000407571606162 -0.0 0.000407571606162)
(0.000396638131774 -0.000181815191106 -0.0 0.000396638131774 -0.0 0.000396638131774)
(0.000385204876745 -0.000176763969565 -0.0 0.000385204876745 -0.0 0.000385204876745)
(0.000373287982149 -0.000171444931547 -0.0 0.000373287982149 -0.0 0.000373287982149)
(0.000360897432663 -0.000165856045766 -0.0 0.000360897432663 -0.0 0.000360897432663)
(0.000348040306927 -0.000159992577323 -0.0 0.000348040306927 -0.0 0.000348040306927)
(0.000334723194076 -0.000153847702454 -0.0 0.000334723194076 -0.0 0.000334723194076)
(0.000320954274838 -0.000147412867487 -0.0 0.000320954274838 -0.0 0.000320954274838)
(0.000306745399928 -0.000140678089419 -0.0 0.000306745399928 -0.0 0.000306745399928)
(0.000292114376207 -0.00013363205786 -0.0 0.000292114376207 -0.0 0.000292114376207)
(0.000277087701968 -0.000126262139836 -0.0 0.000277087701968 -0.0 0.000277087701968)
(0.000261704036632 -0.000118554589941 -0.0 0.000261704036632 -0.0 0.000261704036632)
(0.000246018637144 -0.000110494343008 -0.0 0.000246018637144 -0.0 0.000246018637144)
(0.000230109214891 -0.0001020650526 -0.0 0.000230109214891 -0.0 0.000230109214891)
(0.000214083718575 -9.3249044432e-05 -0.0 0.000214083718575 -0.0 0.000214083718575)
(0.000198090711898 -8.4027088442e-05 -0.0 0.000198090711898 -0.0 0.000198090711898)
(0.000182333257822 -7.4378821809e-05 -0.0 0.000182333257822 -0.0 0.000182333257822)
(0.000167087080958 -6.4282781505e-05 -0.0 0.000167087080958 -0.0 0.000167087080958)
(0.000152723385121 -5.3717429752e-05 -0.0 0.000152723385121 -0.0 0.000152723385121)
(0.000139734797498 -4.2663747586e-05 -0.0 0.000139734797498 -0.0 0.000139734797498)
(0.000128757499939 -3.1107852735e-05 -0.0 0.000128757499939 -0.0 0.000128757499939)
(0.000120572419047 -1.9042224797e-05 -0.0 0.000120572419047 -0.0 0.000120572419047)
(0.000116056016845 -6.439829396e-06 -0.0 0.000116056016845 -0.0 0.000116056016845)
)
