(
(0.102950265214195 -0.0 0.0)
(0.160041060863114 0.0 0.0)
(0.187543247975519 0.0 0.0)
(0.205128856212518 0.0 0.0)
(0.217977869297914 0.0 0.0)
(0.228127716234671 0.0 0.0)
(0.236554192581551 0.0 0.0)
(0.243791586296214 0.0 0.0)
(0.25016131148207 0.0 0.0)
(0.25587050816132 0.0 0.0)
(0.261059786748137 0.0 0.0)
(0.265828484860699 0.0 0.0)
(0.270248983513761 0.0 0.0)
(0.274375280176538 0.0 0.0)
(0.278248356251587 0.0 0.0)
(0.281899657441491 0.0 0.0)
(0.285353411692121 0.0 0.0)
(0.288628199218521 0.0 0.0)
(0.29173802148387 0.0 0.0)
(0.294693019186012 0.0 0.0)
(0.297499925077847 0.0 0.0)
(0.30016230428236 0.0 0.0)
(0.302680606179064 0.0 0.0)
(0.305052024301323 0.0 0.0)
(0.307270143027968 0.0 0.0)
(0.309324318875764 -0.0 0.0)
(0.311198734503125 -0.0 0.0)
(0.312871067687283 -0.0 0.0)
(0.31431077539591 -0.0 0.0)
(0.315477268560212 -0.0 0.0)
(0.316318803662708 -0.0 0.0)
(0.316773640220859 -0.0 0.0)
)
