(
(0.0 0.0004310561667295 0.0)
(0.0 0.00131288248681 0.0)
(0.0 0.00223503838252 0.0)
(0.0 0.0031993682926485002 0.0)
(0.0 0.004207801009822 0.0)
(0.0 0.0052623535383555 0.0)
(0.0 0.006365135128537 0.0)
(0.0 0.0075183514954205 0.0)
(0.0 0.008724309230560001 0.0)
(0.0 0.009985420415508501 0.0)
(0.0 0.0113042074463145 0.0)
(0.0 0.0126833080786615 0.0)
(0.0 0.014125480703742001 0.0)
(0.0 0.01563360986542 0.0)
(0.0 0.017210712029716503 0.0)
(0.0 0.018859941618157502 0.0)
(0.0 0.0205845973170495 0.0)
(0.0 0.022388128675307 0.0)
(0.0 0.0242741430040265 0.0)
(0.0 0.0262464125916055 0.0)
(0.0 0.028308882248838 0.0)
(0.0 0.0304656771990785 0.0)
(0.0 0.032721111329259006 0.0)
(0.0 0.0350796958182555 0.0)
(0.0 0.037546148159866496 0.0)
(0.0 0.0401254015984525 0.0)
(0.0 0.042822614996102 0.0)
(0.0 0.045643183151067496 0.0)
(0.0 0.048592747588104 0.0)
(0.0 0.0516772078422955 0.0)
(0.0 0.0549027332589385 0.0)
(0.0 0.058275775333081495 0.0)
)
