/*--------------------------------*- C++ -*----------------------------------*\
| =========                 |                                                 |
| \\      /  F ield         | OpenFOAM: The Open Source CFD Toolbox           |
|  \\    /   O peration     | Version:  5.0                                   |
|   \\  /    A nd           | Web:      www.OpenFOAM.org                      |
|    \\/     M anipulation  |                                                 |
\*---------------------------------------------------------------------------*/
FoamFile
{
    version     2.0;
    format      ascii;
    class       volScalarField;
    location    "0";
    object      k;
}
// * * * * * * * * * * * * * * * * * * * * * * * * * * * * * * * * * * * * * //

dimensions      [0 2 -2 0 0 0 0];

internalField   nonuniform List<scalar> 
7200
(
0.000504669
0.000491563
0.000414233
0.000292114
0.000198565
0.00016482
0.000164253
0.000188544
0.000236711
0.000309415
0.000391302
0.000419559
0.000349732
0.000251709
0.000199218
0.000213556
0.000282137
0.000366018
0.000442026
0.000488707
0.000445481
0.000446893
0.000409695
0.000291396
0.000189296
0.000159583
0.000147805
0.0001611
0.000218431
0.000286639
0.000334492
0.00039175
0.000367528
0.000279346
0.00020461
0.000186688
0.000267907
0.000319392
0.000396011
0.00044442
0.000223007
0.000229577
0.000266915
0.000302205
0.000242796
0.000140674
0.000108331
0.000101935
0.000106942
0.000125795
0.00016371
0.000231873
0.000285694
0.000262479
0.000236489
0.000176101
0.000151671
0.000207993
0.00024351
0.000252227
2.97394e-05
1.83883e-05
2.71125e-05
3.64937e-05
8.15566e-05
0.000130686
0.000113757
5.48637e-05
4.47355e-05
4.1036e-05
3.97874e-05
3.13469e-05
2.7525e-05
3.21288e-05
4.9213e-05
0.000127827
0.000126433
8.8324e-05
7.54414e-05
4.78108e-05
1.65772e-05
1.4971e-05
1.10593e-05
1.18024e-05
1.1506e-05
2.00898e-05
7.42453e-05
6.67992e-05
4.20805e-05
4.63781e-05
5.08745e-05
3.00111e-05
2.17803e-05
1.89252e-05
2.51721e-05
3.04434e-05
5.5762e-05
6.48298e-05
4.44403e-05
3.15212e-05
1.48686e-05
9.32558e-06
7.98655e-06
9.16391e-06
9.99291e-06
9.97827e-06
2.41399e-05
3.31269e-05
2.78979e-05
2.91328e-05
4.54686e-05
3.45033e-05
2.4837e-05
1.93974e-05
2.42316e-05
2.55501e-05
2.25057e-05
3.07755e-05
3.70477e-05
2.52081e-05
1.93977e-05
9.69663e-06
7.50019e-06
8.68736e-06
9.44829e-06
1.05972e-05
1.45873e-05
1.72404e-05
1.85867e-05
1.47362e-05
1.52455e-05
2.79254e-05
2.44198e-05
1.76624e-05
1.73608e-05
2.10021e-05
1.76813e-05
1.24706e-05
2.09858e-05
2.53033e-05
2.03091e-05
1.15168e-05
7.93272e-06
8.04652e-06
8.53417e-06
9.46493e-06
1.15935e-05
1.45754e-05
1.48235e-05
1.34519e-05
1.05641e-05
1.80121e-05
1.97056e-05
1.7048e-05
1.19504e-05
1.07729e-05
1.17436e-05
1.00561e-05
1.34234e-05
1.97454e-05
9.67919e-06
9.46676e-06
8.15562e-06
6.52192e-06
5.61717e-06
8.54993e-06
1.27352e-05
1.21468e-05
1.15986e-05
1.28889e-05
9.36495e-06
1.22802e-05
1.81447e-05
1.77033e-05
1.21907e-05
1.02458e-05
1.11898e-05
1.26505e-05
1.10062e-05
8.73167e-06
4.64511e-06
4.94325e-06
6.09171e-06
5.57964e-06
4.06876e-06
6.31016e-06
9.71087e-06
1.01889e-05
1.00982e-05
9.89816e-06
6.48851e-06
9.49842e-06
1.66267e-05
1.95116e-05
1.33681e-05
8.97874e-06
8.9011e-06
1.08314e-05
1.06531e-05
7.1251e-06
6.04628e-06
6.22279e-06
6.89672e-06
6.41311e-06
5.91963e-06
5.11431e-06
4.96091e-06
7.87281e-06
8.91601e-06
8.24095e-06
6.06617e-06
4.72696e-06
8.89841e-06
9.72539e-06
8.38918e-06
7.32881e-06
7.38128e-06
7.51608e-06
7.50589e-06
6.84327e-06
4.88816e-06
6.08382e-06
6.41729e-06
5.47065e-06
5.19902e-06
5.20986e-06
4.98899e-06
4.75563e-06
4.9751e-06
4.36e-06
3.48844e-06
2.7859e-06
5.96674e-06
8.54348e-06
6.41687e-06
3.45747e-06
3.22288e-06
3.35753e-06
3.58426e-06
4.43825e-06
0.000253269
0.000258751
0.000224145
0.000196472
0.000189053
0.00020013
0.000233525
0.000289978
0.000346399
0.000375662
0.000377457
0.000352716
0.000292208
0.000206838
0.000130282
9.93935e-05
0.000103416
0.000121297
0.000152487
0.000202677
0.000149544
0.00015629
0.000245923
0.000149339
0.00015744
0.000186905
0.000201127
0.00025993
0.000289932
0.000383232
0.000351564
0.000340832
0.00032183
0.000220819
0.000105489
9.61645e-05
7.95134e-05
8.0652e-05
8.64402e-05
0.00018754
0.000185386
0.000227946
0.000157901
0.000148003
0.000141768
0.000134621
0.00013153
0.000125699
0.000143444
0.000175425
0.000238008
0.000270393
0.000284549
0.000284652
0.000126289
0.000125651
7.04318e-05
6.80762e-05
6.82108e-05
9.54433e-05
6.5625e-05
8.02039e-05
9.3877e-05
0.000104236
0.00011228
0.00012019
0.00010087
4.24885e-05
2.30202e-05
2.64048e-05
2.68468e-05
2.75094e-05
2.39321e-05
3.30479e-05
0.000136092
0.000129952
5.9001e-05
5.85747e-05
5.26172e-05
5.0447e-05
4.3457e-05
4.62657e-05
4.89211e-05
2.48223e-05
2.40956e-05
3.17956e-05
5.0832e-05
3.92566e-05
2.71088e-05
2.92394e-05
3.38024e-05
2.01349e-05
1.34165e-05
1.1274e-05
1.16119e-05
5.34646e-05
9.15295e-05
6.23451e-05
4.86054e-05
5.01543e-05
3.85476e-05
3.81751e-05
2.99315e-05
2.81517e-05
3.05961e-05
3.19161e-05
2.78406e-05
2.04312e-05
2.1915e-05
1.96615e-05
2.0343e-05
2.32126e-05
1.54194e-05
1.3873e-05
1.48388e-05
1.50696e-05
4.66049e-05
6.19549e-05
4.11405e-05
3.29313e-05
2.33485e-05
2.44998e-05
2.49129e-05
2.46412e-05
1.95796e-05
2.34197e-05
1.74857e-05
2.03968e-05
2.24608e-05
1.74429e-05
1.17111e-05
1.02298e-05
1.67885e-05
1.87208e-05
1.56453e-05
1.45168e-05
1.82459e-05
2.96112e-05
3.4904e-05
2.82295e-05
3.20344e-05
2.4333e-05
2.22958e-05
1.95489e-05
1.75662e-05
1.5575e-05
1.46194e-05
1.49513e-05
1.65562e-05
1.64596e-05
1.12229e-05
9.95959e-06
1.48945e-05
1.86202e-05
1.43206e-05
1.22475e-05
1.15557e-05
1.23969e-05
2.91104e-05
3.74518e-05
3.4807e-05
2.3326e-05
1.92009e-05
2.00209e-05
1.76926e-05
1.31126e-05
1.14874e-05
1.34756e-05
1.63493e-05
1.69185e-05
1.4869e-05
1.20768e-05
1.05361e-05
1.16791e-05
9.63109e-06
8.66541e-06
8.1345e-06
7.51878e-06
6.12189e-06
3.72288e-05
1.22241e-05
1.10019e-05
1.75092e-05
1.39968e-05
8.01987e-06
1.12548e-05
1.39697e-05
1.65359e-05
1.31225e-05
1.0492e-05
1.00689e-05
9.29072e-06
9.34086e-06
8.66206e-06
7.6205e-06
8.68641e-06
9.75988e-06
7.2784e-06
6.52166e-06
7.32355e-06
7.61307e-06
8.82327e-06
1.18566e-05
1.02977e-05
8.13911e-06
5.90485e-06
6.92512e-06
7.84858e-06
6.17648e-06
4.93911e-06
5.44417e-06
4.34232e-06
4.94891e-06
4.99806e-06
5.60825e-06
6.66322e-06
6.1808e-06
6.13918e-06
4.92121e-06
5.75671e-06
5.14718e-06
5.4593e-06
6.94222e-06
7.66215e-06
7.05847e-06
6.60753e-06
5.63368e-06
5.11425e-06
4.25995e-06
3.39065e-06
3.43726e-06
3.60873e-06
4.01114e-06
3.62291e-06
3.11814e-06
3.3816e-06
3.33507e-06
4.75651e-06
5.0846e-06
5.50428e-06
0.000109833
0.000118485
0.000132613
0.000147125
0.000161701
0.000179038
0.000202966
0.000239243
0.000284584
0.000298731
0.000242746
0.000159367
0.000126106
0.000128581
0.000148118
0.000163287
0.000159804
0.000140551
0.000122018
0.000112093
9.67648e-05
0.000110286
0.000118258
0.000137155
0.000145594
0.000162974
0.000195154
0.000213608
0.000275931
0.000294975
0.000278952
0.00016266
0.000125928
0.000126018
0.000152028
0.000168527
0.000168117
0.000151773
0.000118548
9.93083e-05
6.67717e-05
7.09671e-05
8.0286e-05
9.22465e-05
9.69893e-05
0.000107209
0.00012154
0.000133609
0.000159085
0.000180517
0.000234786
0.000254491
0.000194868
0.000145461
0.00012006
0.000144164
0.000181126
0.000173793
0.000101552
7.59799e-05
4.08344e-05
3.97211e-05
4.50598e-05
4.76878e-05
4.73945e-05
4.70432e-05
4.69291e-05
4.53683e-05
3.90071e-05
3.54843e-05
3.39165e-05
0.000111134
0.000159682
0.000170882
0.000164967
0.000124403
0.000103166
0.000106496
0.000109208
7.02695e-05
3.67977e-05
3.41009e-05
3.68722e-05
4.12551e-05
4.47445e-05
4.73709e-05
4.74098e-05
3.58388e-05
2.86478e-05
2.15564e-05
1.99976e-05
2.4327e-05
3.95885e-05
6.41381e-05
6.65686e-05
7.24884e-05
7.78929e-05
6.23458e-05
5.65011e-05
4.80454e-05
2.5817e-05
2.79417e-05
2.81373e-05
2.9375e-05
3.48414e-05
4.00621e-05
3.98251e-05
3.13077e-05
2.17834e-05
1.8593e-05
1.62752e-05
1.61885e-05
1.66494e-05
1.82711e-05
1.67469e-05
1.6538e-05
2.52303e-05
2.69271e-05
2.64845e-05
2.78452e-05
2.87368e-05
2.39103e-05
2.17105e-05
2.15248e-05
2.26238e-05
2.41933e-05
2.58296e-05
2.13626e-05
1.59053e-05
1.34107e-05
1.30553e-05
1.59678e-05
1.77938e-05
1.71554e-05
1.6208e-05
1.42562e-05
1.276e-05
1.26689e-05
1.53488e-05
2.33618e-05
2.6696e-05
2.44546e-05
2.95974e-05
3.48431e-05
3.15183e-05
2.31086e-05
2.10085e-05
1.77365e-05
1.34293e-05
1.40624e-05
1.6055e-05
1.91867e-05
1.96721e-05
1.56851e-05
1.26954e-05
1.24281e-05
1.05728e-05
8.1623e-06
1.26872e-05
1.94388e-05
2.89778e-05
3.05971e-05
2.25773e-05
1.71481e-05
1.63438e-05
2.06502e-05
2.19762e-05
1.84974e-05
1.64068e-05
1.54179e-05
1.79641e-05
1.91356e-05
1.79553e-05
1.38482e-05
1.26822e-05
1.21721e-05
1.0872e-05
8.14274e-06
6.07439e-06
1.4458e-05
9.4037e-06
1.52484e-05
1.61283e-05
1.3717e-05
1.27999e-05
1.04793e-05
1.27016e-05
1.96377e-05
2.2379e-05
1.99745e-05
1.6594e-05
1.18266e-05
1.04307e-05
9.511e-06
9.45998e-06
9.78205e-06
8.59839e-06
6.83212e-06
6.08767e-06
6.79378e-06
5.02325e-06
1.45942e-05
1.59518e-05
1.37018e-05
1.10234e-05
9.10922e-06
7.6628e-06
1.3565e-05
2.37999e-05
2.50206e-05
1.97453e-05
1.20797e-05
9.6976e-06
9.38884e-06
7.3572e-06
4.99663e-06
4.65726e-06
4.22975e-06
3.82407e-06
3.89382e-06
3.56058e-06
4.04987e-06
5.48646e-06
7.50765e-06
7.05678e-06
6.22248e-06
6.19993e-06
5.8296e-06
5.66369e-06
7.28481e-06
6.77426e-06
6.41654e-06
5.87569e-06
5.04419e-06
4.03959e-06
3.85105e-06
3.93891e-06
3.91591e-06
3.91721e-06
3.91791e-06
8.64018e-05
9.22645e-05
0.000103381
0.000114694
0.00012406
0.000132015
0.000138194
0.000142419
0.000148085
0.000146332
0.000129446
0.000116032
0.000120197
0.000132965
0.000144082
0.000142416
0.000123305
0.00010585
9.59242e-05
8.83496e-05
7.99732e-05
8.41456e-05
9.33455e-05
0.000103333
0.000113385
0.000124915
0.000136048
0.000142724
0.000155466
0.000157574
0.000131281
0.000117779
0.000121422
0.000132922
0.00015412
0.000162267
0.00014239
9.77983e-05
8.83304e-05
7.99082e-05
6.01738e-05
6.12578e-05
6.65205e-05
7.47898e-05
8.25841e-05
9.06159e-05
0.000118014
0.000128323
0.000143454
0.000159498
0.000162517
0.000130464
0.000117076
0.000131616
0.000161863
0.000183199
0.000174616
0.000129787
7.95533e-05
6.42407e-05
4.5813e-05
3.90465e-05
3.63851e-05
3.49535e-05
3.57082e-05
3.92909e-05
4.30225e-05
6.1062e-05
7.48273e-05
8.71861e-05
9.00419e-05
0.000138895
0.000142785
0.000130514
0.00012243
0.00011777
0.000134106
0.000152833
0.000102191
4.99041e-05
4.26971e-05
3.85542e-05
3.26736e-05
2.68666e-05
2.83299e-05
3.0841e-05
3.39827e-05
3.47115e-05
3.6462e-05
4.15182e-05
4.59391e-05
6.01935e-05
8.34159e-05
8.736e-05
7.94524e-05
5.79304e-05
5.81413e-05
7.13193e-05
8.17285e-05
5.17278e-05
3.00886e-05
3.15071e-05
2.95099e-05
2.22668e-05
2.36662e-05
2.75755e-05
3.32693e-05
3.2932e-05
2.64277e-05
2.08927e-05
1.99764e-05
2.43493e-05
2.9798e-05
3.01776e-05
2.05122e-05
1.87622e-05
1.70877e-05
2.47751e-05
4.41416e-05
4.20424e-05
4.10062e-05
2.50484e-05
2.29325e-05
2.0761e-05
2.10884e-05
2.43491e-05
3.00176e-05
2.85963e-05
2.12423e-05
1.82791e-05
1.82166e-05
2.2547e-05
2.31672e-05
2.18362e-05
1.542e-05
1.4026e-05
1.27149e-05
1.20197e-05
1.20483e-05
4.69301e-05
2.76434e-05
2.74485e-05
3.1495e-05
3.49215e-05
3.41913e-05
2.58125e-05
2.54863e-05
2.52786e-05
1.63331e-05
1.70314e-05
1.97955e-05
2.00412e-05
1.81725e-05
1.71941e-05
1.40863e-05
1.27101e-05
1.18249e-05
1.05861e-05
9.25349e-06
1.35672e-05
1.9062e-05
2.30437e-05
1.96519e-05
1.79554e-05
1.7137e-05
2.60329e-05
2.75793e-05
2.05596e-05
1.55045e-05
1.46489e-05
1.70225e-05
1.82692e-05
1.51743e-05
1.29775e-05
1.20129e-05
1.20707e-05
1.1943e-05
9.24681e-06
8.18664e-06
6.07257e-06
9.62933e-06
1.43052e-05
1.39289e-05
1.47388e-05
1.55875e-05
1.55691e-05
2.27162e-05
2.32936e-05
2.17165e-05
2.26551e-05
1.92274e-05
1.16255e-05
1.01666e-05
9.80259e-06
1.05677e-05
1.17026e-05
1.12712e-05
7.70722e-06
6.9714e-06
7.52278e-06
1.08797e-05
1.4748e-05
1.59134e-05
1.30634e-05
1.07124e-05
8.58366e-06
9.27029e-06
2.46234e-05
2.94032e-05
2.78017e-05
1.9524e-05
1.49159e-05
1.43525e-05
1.09169e-05
8.28513e-06
6.36213e-06
5.92591e-06
4.94254e-06
4.30255e-06
5.23735e-06
4.35308e-06
4.45506e-06
6.17188e-06
7.70023e-06
7.21272e-06
6.29276e-06
5.82797e-06
5.50932e-06
1.35911e-05
1.61667e-05
1.34868e-05
1.02162e-05
8.72429e-06
6.44355e-06
4.93918e-06
4.22342e-06
4.33112e-06
4.46699e-06
4.59136e-06
4.62982e-06
0.000110148
0.000107298
9.80152e-05
8.46781e-05
7.69357e-05
7.63188e-05
7.64385e-05
7.4936e-05
7.55839e-05
7.8535e-05
8.2111e-05
8.58488e-05
9.17728e-05
9.91982e-05
0.000105122
0.000106903
0.000107741
0.000112819
0.000114927
0.000112524
0.000123012
0.000111861
0.000100324
8.34735e-05
7.48637e-05
7.31127e-05
0.000102993
7.09621e-05
7.18442e-05
7.38868e-05
0.000106717
0.000110168
0.000109865
9.89117e-05
0.000101343
0.000124068
0.00010532
0.000103714
0.000106708
0.000109664
0.000108482
0.000114255
0.000101844
8.30016e-05
7.84184e-05
7.03097e-05
6.99612e-05
7.34895e-05
7.02999e-05
7.12359e-05
7.53328e-05
8.43943e-05
8.59706e-05
8.56912e-05
0.000100208
0.000105004
0.000104428
8.06149e-05
9.07197e-05
0.000101796
6.24257e-05
5.79798e-05
6.63478e-05
7.47231e-05
8.17843e-05
6.00071e-05
5.51068e-05
4.08623e-05
5.23966e-05
5.24958e-05
5.47238e-05
6.77984e-05
6.96492e-05
5.66708e-05
9.58139e-05
7.28105e-05
7.11529e-05
7.20462e-05
6.18462e-05
6.93626e-05
7.20861e-05
5.79175e-05
3.7099e-05
3.54183e-05
5.66852e-05
8.57495e-05
8.30486e-05
3.99177e-05
3.91001e-05
4.98965e-05
5.49871e-05
5.90484e-05
5.93725e-05
5.85439e-05
6.91698e-05
7.23251e-05
6.26954e-05
6.54134e-05
6.17404e-05
6.99478e-05
3.95867e-05
3.11207e-05
2.49523e-05
2.33468e-05
2.13983e-05
2.88531e-05
4.86792e-05
5.11476e-05
3.4911e-05
3.46365e-05
4.14715e-05
5.87472e-05
5.26731e-05
4.43734e-05
3.503e-05
3.93357e-05
5.01872e-05
4.68141e-05
4.00893e-05
4.37316e-05
3.32721e-05
2.92583e-05
2.10592e-05
1.72227e-05
1.88202e-05
2.32823e-05
2.41663e-05
3.16695e-05
2.81582e-05
2.91141e-05
3.60286e-05
3.47995e-05
3.01181e-05
2.9997e-05
2.22482e-05
1.73606e-05
1.87186e-05
2.85517e-05
4.04475e-05
3.6359e-05
2.67878e-05
2.25441e-05
2.01959e-05
1.92604e-05
2.22071e-05
1.92228e-05
2.08776e-05
2.71385e-05
3.45783e-05
3.3755e-05
2.87144e-05
2.1091e-05
1.35281e-05
1.13415e-05
1.26563e-05
1.34112e-05
1.29415e-05
1.28504e-05
1.72567e-05
2.54433e-05
1.46056e-05
1.58413e-05
1.5177e-05
1.79163e-05
2.05931e-05
2.13782e-05
2.22248e-05
2.52149e-05
2.78601e-05
2.83077e-05
2.73795e-05
1.86769e-05
1.39216e-05
1.01996e-05
1.00694e-05
9.55096e-06
9.60969e-06
9.65173e-06
9.86472e-06
8.92002e-06
1.00745e-05
1.40892e-05
1.34295e-05
2.15442e-05
2.5341e-05
2.4422e-05
2.2275e-05
2.81634e-05
3.8414e-05
3.54564e-05
2.72867e-05
1.84663e-05
1.7395e-05
1.08103e-05
9.96604e-06
9.461e-06
1.24706e-05
1.24997e-05
1.27732e-05
8.37592e-06
1.27513e-05
1.32317e-05
1.21956e-05
1.34049e-05
1.47238e-05
1.35824e-05
1.77136e-05
2.75299e-05
3.35675e-05
3.11359e-05
2.5092e-05
1.89272e-05
1.84768e-05
1.27309e-05
9.25865e-06
7.75977e-06
1.15483e-05
1.21886e-05
1.13532e-05
1.21924e-05
5.62503e-06
6.09252e-06
7.40693e-06
8.98191e-06
8.85733e-06
8.20175e-06
8.01369e-06
7.92027e-06
1.52466e-05
1.95599e-05
2.28078e-05
1.78447e-05
1.00866e-05
6.94425e-06
5.06931e-06
3.94148e-06
5.79368e-06
7.71044e-06
7.82874e-06
6.20761e-06
9.42171e-05
0.00010472
0.000124837
0.000136582
0.000126751
0.00010387
8.99769e-05
9.55967e-05
0.00010303
0.000104775
0.000100516
9.46144e-05
9.31623e-05
9.37424e-05
9.13408e-05
8.68655e-05
8.94729e-05
9.64229e-05
9.64935e-05
9.33154e-05
8.94783e-05
0.000104424
0.000125966
0.000136938
0.000135546
0.000120168
9.29195e-05
9.19942e-05
9.80786e-05
9.97255e-05
9.78488e-05
9.32892e-05
9.08945e-05
8.98589e-05
8.61309e-05
8.33631e-05
8.74916e-05
0.000100798
9.97463e-05
8.99889e-05
7.94377e-05
8.24602e-05
9.15516e-05
0.000123349
0.000142664
0.000146491
0.000119415
7.61285e-05
7.82452e-05
8.85147e-05
9.09232e-05
8.65615e-05
7.68309e-05
7.59147e-05
7.82501e-05
7.96217e-05
8.56417e-05
0.000102484
0.000107083
8.91178e-05
7.54532e-05
5.43417e-05
5.28968e-05
5.76089e-05
6.51494e-05
7.83073e-05
0.000112138
0.000114982
6.60309e-05
5.59943e-05
6.54703e-05
6.91753e-05
6.72291e-05
5.89158e-05
5.41074e-05
5.72993e-05
7.48202e-05
7.72498e-05
7.86266e-05
9.11654e-05
5.55763e-05
5.28839e-05
4.05819e-05
3.57724e-05
4.66579e-05
5.99185e-05
6.81318e-05
9.91188e-05
7.91831e-05
4.2533e-05
4.3368e-05
4.45071e-05
4.0633e-05
4.91611e-05
5.20329e-05
5.33597e-05
6.15509e-05
7.09824e-05
5.77468e-05
4.70735e-05
2.85426e-05
3.21563e-05
4.05179e-05
3.79347e-05
3.13071e-05
4.91516e-05
5.43439e-05
5.16802e-05
5.54344e-05
3.79313e-05
3.02214e-05
2.56483e-05
2.77141e-05
2.69296e-05
3.80305e-05
4.4713e-05
5.28832e-05
6.06841e-05
6.29797e-05
5.11558e-05
2.93192e-05
2.4232e-05
2.37787e-05
2.15243e-05
2.33996e-05
2.98653e-05
2.96643e-05
2.69633e-05
3.27842e-05
4.37086e-05
3.51662e-05
2.52917e-05
2.62932e-05
2.46823e-05
2.4215e-05
3.13503e-05
3.27658e-05
3.12728e-05
3.2552e-05
3.78749e-05
2.05533e-05
2.03094e-05
2.02075e-05
1.88248e-05
1.81645e-05
1.82002e-05
1.95215e-05
2.42507e-05
2.25537e-05
2.76936e-05
3.39428e-05
3.32113e-05
2.43038e-05
1.88453e-05
1.30458e-05
1.1817e-05
1.50341e-05
1.61945e-05
1.68765e-05
1.76485e-05
1.47559e-05
1.67158e-05
1.55625e-05
1.31779e-05
1.8799e-05
1.93962e-05
2.04737e-05
1.74134e-05
1.88279e-05
1.94277e-05
1.76408e-05
1.73846e-05
1.5663e-05
1.14436e-05
7.97576e-06
6.78046e-06
8.73503e-06
1.09418e-05
1.04896e-05
1.02906e-05
1.28187e-05
1.51483e-05
1.08558e-05
8.57988e-06
8.41039e-06
1.42842e-05
1.48074e-05
1.28042e-05
1.1937e-05
1.07819e-05
9.15979e-06
1.13844e-05
1.50954e-05
1.27851e-05
8.39971e-06
7.61698e-06
1.01679e-05
1.11397e-05
1.03045e-05
9.40974e-06
1.184e-05
9.88278e-06
8.56476e-06
8.25278e-06
8.7622e-06
9.86421e-06
8.54051e-06
6.76062e-06
6.09361e-06
7.39495e-06
7.53715e-06
6.75878e-06
6.82817e-06
8.21529e-06
7.93832e-06
6.62263e-06
7.18344e-06
9.52542e-06
1.19944e-05
1.34976e-05
8.10337e-06
7.64013e-06
6.63472e-06
6.33426e-06
6.62688e-06
6.60721e-06
5.84649e-06
5.26455e-06
5.32114e-06
5.2981e-06
6.63488e-06
6.75742e-06
5.44106e-06
5.64115e-06
6.43326e-06
5.39286e-06
4.89576e-06
6.09217e-06
8.79838e-06
8.45134e-06
0.000138249
0.000163695
0.000203704
0.0002371
0.000235708
0.000185974
0.000133123
0.000122671
0.000120523
0.000121862
0.000126839
0.000129313
0.000130245
0.000125006
0.000113621
0.000113356
0.000132203
0.000154666
0.000149399
0.000133822
0.000127524
0.000160374
0.000181227
0.000218449
0.000239371
0.000219896
0.000154378
0.000125427
0.000112991
0.000111311
0.000114209
0.000117947
0.000124946
0.00012304
0.000111529
0.000110855
0.000124632
0.000161295
0.000158237
0.000132574
0.000104769
0.000111481
0.000128708
0.000148235
0.000178384
0.00022023
0.000207363
0.00013235
9.88328e-05
8.46901e-05
8.23881e-05
8.50962e-05
8.96632e-05
9.87426e-05
0.000103735
9.74721e-05
0.000101581
0.000131445
0.000146577
0.000134365
8.10022e-05
6.81409e-05
6.79283e-05
6.06401e-05
5.36837e-05
4.72606e-05
0.000123155
0.000131599
8.42845e-05
6.78352e-05
5.37399e-05
6.21368e-05
6.68505e-05
6.55231e-05
6.18214e-05
6.83282e-05
7.23356e-05
6.92286e-05
6.11715e-05
7.94442e-05
4.39703e-05
5.02692e-05
4.20866e-05
4.05293e-05
3.91608e-05
4.04667e-05
3.9823e-05
6.38304e-05
8.10089e-05
5.5638e-05
4.46448e-05
4.40328e-05
3.98573e-05
4.80636e-05
5.55344e-05
5.19533e-05
5.08609e-05
4.8453e-05
4.03518e-05
3.0208e-05
2.23173e-05
2.30098e-05
2.78328e-05
3.08667e-05
2.84711e-05
3.24981e-05
4.10477e-05
3.11812e-05
4.77649e-05
5.40907e-05
4.05825e-05
2.74774e-05
2.5513e-05
2.637e-05
3.39424e-05
4.07975e-05
4.6552e-05
5.26386e-05
5.18016e-05
3.10256e-05
2.36706e-05
2.51292e-05
2.41101e-05
2.06394e-05
1.84394e-05
2.28049e-05
2.67115e-05
2.35477e-05
1.94153e-05
3.79153e-05
3.49758e-05
2.77855e-05
2.9026e-05
2.97968e-05
2.5113e-05
2.15673e-05
2.49888e-05
3.60227e-05
3.92473e-05
3.31262e-05
1.879e-05
1.95839e-05
2.18058e-05
1.72683e-05
1.54601e-05
1.66421e-05
1.78137e-05
2.73982e-05
2.79224e-05
2.6566e-05
3.01808e-05
2.98442e-05
2.70024e-05
2.62343e-05
2.32131e-05
1.35344e-05
1.23703e-05
1.65834e-05
2.08164e-05
1.98807e-05
1.63751e-05
1.46299e-05
1.35108e-05
1.2364e-05
1.46632e-05
2.18276e-05
2.17706e-05
1.9818e-05
1.87667e-05
1.76643e-05
1.79544e-05
1.96749e-05
1.63231e-05
9.05585e-06
7.10955e-06
8.46325e-06
1.06242e-05
1.42078e-05
1.51857e-05
1.28247e-05
1.5337e-05
1.39775e-05
8.25278e-06
5.73793e-06
5.38283e-06
9.33495e-06
1.16333e-05
1.0677e-05
1.00427e-05
7.77415e-06
8.25465e-06
1.1543e-05
1.3797e-05
1.20845e-05
6.10104e-06
6.16076e-06
1.07686e-05
1.36272e-05
1.49814e-05
1.478e-05
1.01436e-05
9.72499e-06
8.31894e-06
6.95568e-06
7.10961e-06
7.99874e-06
7.31884e-06
6.46394e-06
5.94513e-06
6.2408e-06
5.77135e-06
4.88613e-06
8.39843e-06
9.93578e-06
7.15755e-06
4.98729e-06
6.07272e-06
9.32866e-06
1.05555e-05
1.07606e-05
9.63844e-06
8.75279e-06
6.98098e-06
5.89203e-06
5.77245e-06
5.69577e-06
5.39937e-06
5.17797e-06
5.92027e-06
6.0814e-06
5.61616e-06
5.61511e-06
5.6832e-06
8.093e-06
6.91962e-06
4.94311e-06
4.0948e-06
4.94622e-06
8.78868e-06
1.00787e-05
0.000398108
0.00033483
0.000207315
0.000236801
0.000303035
0.00037107
0.000436395
0.00041213
0.000302269
0.000209332
0.00015346
0.000131816
0.000131168
0.000152468
0.000197187
0.000259667
0.000330608
0.00038863
0.000413189
0.000400248
0.000390365
0.000311774
0.000191244
0.000222971
0.000266749
0.000327553
0.000398569
0.00041507
0.00028468
0.000203687
0.000143597
0.000125946
0.000124957
0.000136024
0.000166123
0.000211588
0.000269972
0.000320594
0.000359073
0.000367051
0.000209665
0.000284437
0.000189486
0.000111805
0.000146423
0.000180429
0.000203035
0.000236672
0.000265073
0.000231056
0.00015764
0.000106893
0.000102754
0.000102308
0.000105773
0.00010881
0.000112567
0.000131946
0.000167076
0.000221538
3.78842e-05
5.16187e-05
0.000105426
9.13764e-05
6.43546e-05
5.94086e-05
5.85083e-05
5.74662e-05
6.22985e-05
7.14133e-05
7.81437e-05
6.37458e-05
4.33075e-05
4.6755e-05
5.12402e-05
4.84403e-05
2.73318e-05
2.43529e-05
2.49184e-05
2.26546e-05
1.46293e-05
2.00244e-05
6.63946e-05
9.96779e-05
8.17637e-05
7.17482e-05
6.45184e-05
4.95435e-05
4.0122e-05
3.62694e-05
2.79697e-05
2.84925e-05
2.65786e-05
2.34019e-05
2.57988e-05
2.49762e-05
1.88551e-05
2.20037e-05
2.09208e-05
1.80351e-05
1.58585e-05
1.79588e-05
2.27234e-05
5.61908e-05
7.25849e-05
6.54805e-05
5.73725e-05
4.52203e-05
3.57575e-05
3.14175e-05
2.60018e-05
2.67573e-05
3.37292e-05
2.64128e-05
2.14974e-05
2.07733e-05
1.78284e-05
2.6001e-05
2.70375e-05
1.82912e-05
1.42921e-05
1.88476e-05
1.71489e-05
1.70175e-05
1.80162e-05
2.38192e-05
2.25425e-05
2.11255e-05
2.62752e-05
3.4663e-05
3.23563e-05
3.44313e-05
4.431e-05
5.81711e-05
3.78889e-05
1.92213e-05
1.78389e-05
1.99527e-05
2.39578e-05
1.74042e-05
1.31413e-05
1.26257e-05
1.43221e-05
1.57115e-05
1.50776e-05
1.19843e-05
8.52154e-06
1.0948e-05
1.37448e-05
2.87069e-05
3.6824e-05
2.88667e-05
2.3737e-05
4.59971e-05
5.87938e-05
3.1822e-05
2.21726e-05
2.0972e-05
2.17213e-05
1.89532e-05
1.15014e-05
9.97284e-06
9.90742e-06
1.12772e-05
1.01974e-05
5.04265e-06
5.39739e-06
5.6367e-06
6.08922e-06
6.57725e-06
1.53596e-05
1.58997e-05
1.25489e-05
1.01012e-05
1.44681e-05
1.68658e-05
1.69061e-05
1.73129e-05
1.9137e-05
1.82438e-05
8.74181e-06
9.92087e-06
9.76879e-06
8.30016e-06
5.0437e-06
4.17536e-06
3.49311e-06
3.9402e-06
4.84406e-06
4.71919e-06
5.25375e-06
9.505e-06
8.67013e-06
7.32984e-06
5.54907e-06
9.36286e-06
1.06201e-05
1.2217e-05
1.25327e-05
1.16767e-05
8.11418e-06
9.06631e-06
7.48507e-06
6.17046e-06
4.67435e-06
4.36224e-06
4.39601e-06
4.46424e-06
5.3329e-06
6.14065e-06
6.02724e-06
5.62045e-06
7.01934e-06
7.12484e-06
6.20429e-06
6.15774e-06
6.06294e-06
6.76098e-06
8.03635e-06
6.78417e-06
6.29418e-06
6.17177e-06
6.02811e-06
5.35742e-06
3.85412e-06
3.59455e-06
5.20635e-06
7.74247e-06
9.33401e-06
9.51766e-06
9.18635e-06
7.29615e-06
6.70074e-06
7.31518e-06
6.50084e-06
4.88765e-06
3.97511e-06
3.4935e-06
4.5279e-06
6.8414e-06
0.000144906
0.000167343
0.000155438
0.000104393
9.9589e-05
0.000118791
0.000140944
0.000155275
0.00016755
0.000182756
0.00018988
0.000197176
0.000220685
0.000238217
0.00021683
0.000185017
0.000185403
0.000187664
0.00017169
0.000143888
0.000137022
0.000180089
0.000184378
0.000114181
0.000101545
0.0001189
0.000144552
0.000154166
0.000161136
0.000172253
0.000180109
0.000194203
0.000208229
0.000228541
0.000201886
0.000182042
0.000185173
0.000190137
0.000179374
0.000152873
0.000117914
0.00013606
0.000205571
0.000132079
8.38731e-05
9.94586e-05
0.000122626
0.000138304
0.000138356
0.000124686
0.000132849
0.000159594
0.000166989
0.000170856
0.00017439
0.000175815
0.000173646
0.000175349
0.000165258
0.000163994
0.000110113
9.42963e-05
7.73089e-05
0.000120396
0.000117966
6.4933e-05
7.24446e-05
8.84677e-05
9.17588e-05
8.17898e-05
7.63955e-05
7.16207e-05
7.05114e-05
6.63734e-05
5.8881e-05
7.95928e-05
9.70618e-05
9.93e-05
0.000108011
0.000102205
5.92895e-05
9.50941e-05
9.29248e-05
7.69567e-05
8.98035e-05
6.09556e-05
6.5931e-05
8.18144e-05
6.56046e-05
5.97251e-05
5.61742e-05
4.79397e-05
3.50843e-05
3.12794e-05
2.6132e-05
2.60877e-05
3.61129e-05
3.67709e-05
3.61396e-05
5.46904e-05
3.04864e-05
3.64925e-05
4.75055e-05
4.18601e-05
6.22151e-05
8.19886e-05
6.81644e-05
7.28858e-05
5.10562e-05
4.7598e-05
4.50658e-05
3.38921e-05
3.55915e-05
2.43404e-05
2.13695e-05
1.86902e-05
1.76689e-05
2.18437e-05
2.24208e-05
2.14724e-05
2.03881e-05
2.3561e-05
1.72873e-05
1.66588e-05
1.42347e-05
8.30327e-05
0.00010338
9.77072e-05
5.49154e-05
4.50486e-05
3.85204e-05
3.27326e-05
5.94667e-05
8.04734e-05
3.56101e-05
1.67111e-05
1.62618e-05
2.00325e-05
2.25936e-05
1.92062e-05
2.1531e-05
2.23064e-05
2.06465e-05
1.59006e-05
1.39583e-05
1.14714e-05
3.34824e-05
4.81756e-05
6.28965e-05
5.445e-05
4.19255e-05
3.50448e-05
3.76974e-05
6.12274e-05
7.09372e-05
2.7964e-05
2.98498e-05
3.13875e-05
2.38993e-05
2.11803e-05
1.18563e-05
1.55246e-05
1.89916e-05
1.49114e-05
8.91813e-06
5.47063e-06
8.02061e-06
8.62409e-06
7.69073e-06
1.3662e-05
2.3348e-05
3.05221e-05
2.6478e-05
1.12523e-05
2.54003e-05
2.89672e-05
2.36385e-05
1.83864e-05
1.73205e-05
1.72118e-05
7.88679e-06
1.06226e-05
1.41165e-05
9.71463e-06
6.37627e-06
4.84443e-06
3.6083e-06
3.63087e-06
4.14382e-06
3.97667e-06
6.15736e-06
7.35191e-06
6.85775e-06
5.99621e-06
8.38221e-06
2.13002e-05
1.9252e-05
1.36096e-05
1.30479e-05
1.08381e-05
5.74427e-06
9.95598e-06
1.09007e-05
7.86655e-06
6.37639e-06
4.47138e-06
4.24718e-06
4.687e-06
5.60446e-06
5.60457e-06
4.50753e-06
4.22976e-06
5.5591e-06
5.71259e-06
1.05366e-05
1.45538e-05
1.27869e-05
1.05316e-05
8.26603e-06
6.33885e-06
5.01676e-06
5.79655e-06
6.27558e-06
5.33908e-06
4.2112e-06
3.882e-06
4.74082e-06
6.24807e-06
7.17971e-06
7.63169e-06
8.75394e-06
7.80793e-06
7.36185e-06
7.37535e-06
6.7915e-06
5.62649e-06
4.15208e-06
3.39112e-06
3.50746e-06
4.88352e-06
0.000195414
0.000249662
0.000250904
0.000179929
0.000183199
0.000238228
0.00029011
0.000288916
0.000290879
0.000314656
0.000317699
0.000295716
0.000285889
0.000287746
0.000245045
0.00016151
0.000129705
0.000129893
0.000133193
0.000149636
0.000162757
0.000235683
0.000259561
0.000188678
0.000182239
0.000217933
0.000277784
0.000300939
0.000285239
0.000288506
0.000289776
0.000281775
0.000278706
0.000281323
0.000265792
0.000185188
0.000137276
0.000137478
0.000130948
0.000132444
0.000107158
0.000127366
0.00018628
0.000162302
0.000134964
0.00015598
0.000207751
0.000276847
0.000276517
0.000181385
0.000182929
0.000223629
0.000231538
0.000227234
0.00023694
0.000222005
0.000166541
0.000161515
0.000130135
0.000111597
8.51094e-05
8.05086e-05
6.63615e-05
8.1714e-05
0.00010096
7.94873e-05
8.634e-05
0.000107286
0.000105176
8.81367e-05
6.55682e-05
5.10738e-05
6.81555e-05
6.17542e-05
5.89673e-05
9.93827e-05
0.000162977
0.0001455
0.000146058
0.000116742
7.47591e-05
7.16581e-05
6.4971e-05
4.53841e-05
7.86078e-05
9.06753e-05
7.12736e-05
6.59147e-05
5.25426e-05
4.50279e-05
5.02846e-05
3.99393e-05
3.27825e-05
2.28464e-05
2.06974e-05
2.23694e-05
4.33536e-05
5.28512e-05
6.34352e-05
7.52565e-05
3.96537e-05
5.11571e-05
5.47064e-05
4.20504e-05
4.51318e-05
6.79618e-05
6.85832e-05
5.01782e-05
4.722e-05
3.38584e-05
3.73547e-05
3.72044e-05
2.76171e-05
2.06086e-05
1.98661e-05
2.00969e-05
2.06104e-05
2.25648e-05
2.64991e-05
2.6054e-05
3.14771e-05
3.14796e-05
2.43486e-05
1.69346e-05
1.47988e-05
4.57465e-05
6.77631e-05
7.26992e-05
6.95267e-05
5.79992e-05
3.15234e-05
3.0727e-05
5.20342e-05
4.90609e-05
2.16013e-05
2.20146e-05
2.37783e-05
2.62023e-05
2.31739e-05
2.29281e-05
3.1023e-05
2.97649e-05
2.49309e-05
1.52584e-05
1.26498e-05
1.09864e-05
1.68146e-05
3.90336e-05
5.53807e-05
4.49328e-05
3.46592e-05
2.46356e-05
2.53419e-05
5.23184e-05
4.74879e-05
2.58222e-05
3.90222e-05
3.12659e-05
2.11911e-05
2.14998e-05
9.98635e-06
2.42282e-05
2.3494e-05
1.80061e-05
1.05433e-05
7.89442e-06
7.18099e-06
8.92077e-06
7.61291e-06
8.02103e-06
2.09948e-05
2.71199e-05
2.15003e-05
2.09186e-05
3.2339e-05
2.82478e-05
2.27741e-05
1.66283e-05
1.54816e-05
1.74394e-05
6.53203e-06
1.29728e-05
1.84248e-05
1.23737e-05
7.30331e-06
5.37978e-06
4.61223e-06
3.76858e-06
3.97009e-06
4.11532e-06
6.69625e-06
8.46796e-06
7.46072e-06
6.25746e-06
1.35592e-05
1.99454e-05
1.52553e-05
1.24076e-05
1.00543e-05
8.35223e-06
4.57492e-06
5.55074e-06
9.33971e-06
9.23393e-06
6.83087e-06
5.09453e-06
4.54315e-06
5.13302e-06
5.38409e-06
5.06193e-06
4.6413e-06
4.60241e-06
5.34027e-06
5.37488e-06
1.34592e-05
1.62009e-05
1.32182e-05
1.08832e-05
7.98438e-06
6.60464e-06
4.4869e-06
4.77691e-06
5.52755e-06
5.43442e-06
4.63589e-06
4.27128e-06
4.36882e-06
5.71742e-06
6.64037e-06
7.00863e-06
6.92471e-06
6.31323e-06
6.4411e-06
7.47565e-06
7.68411e-06
6.83531e-06
4.01673e-06
3.50061e-06
4.10607e-06
4.64349e-06
0.000194579
0.000175407
0.000194805
0.000251
0.000342947
0.000485102
0.000662884
0.00063229
0.000421612
0.000361781
0.000404505
0.00044161
0.000397297
0.000291386
0.000233141
0.000207884
0.000173241
0.000165009
0.000174082
0.000193642
0.000197237
0.00017072
0.000191311
0.000274263
0.000306711
0.000380847
0.000549543
0.000557499
0.000370601
0.000346717
0.000359308
0.000383006
0.000347842
0.000310299
0.000251378
0.000243631
0.000160685
0.000144313
0.000150571
0.000192272
0.000152971
0.00016827
0.000134023
0.000152206
0.00016295
0.000172387
0.000191252
0.000224691
0.000297038
0.000257977
0.000244951
0.000264187
0.000280592
0.000258162
0.000251657
0.000274896
0.000239995
0.000105838
9.70532e-05
0.00011806
6.71743e-05
0.000101245
0.000100762
7.24068e-05
5.99686e-05
5.85731e-05
4.72685e-05
3.03009e-05
3.63532e-05
4.82775e-05
6.48738e-05
3.2606e-05
4.66861e-05
7.01752e-05
9.31506e-05
8.71587e-05
0.000115245
8.81172e-05
6.23084e-05
6.39945e-05
8.0926e-05
5.8436e-05
5.82668e-05
5.30708e-05
4.09881e-05
3.72143e-05
2.99983e-05
2.41397e-05
2.19926e-05
2.33777e-05
2.4408e-05
2.28966e-05
2.45706e-05
4.07742e-05
3.22444e-05
4.82893e-05
6.27198e-05
4.72792e-05
5.3156e-05
6.95813e-05
3.51884e-05
3.43347e-05
2.59611e-05
2.5402e-05
2.828e-05
3.15726e-05
2.45999e-05
2.36771e-05
2.41522e-05
2.04762e-05
1.59767e-05
1.83518e-05
1.6951e-05
2.60479e-05
3.22011e-05
4.75342e-05
3.0008e-05
3.50306e-05
3.82999e-05
3.83352e-05
3.23447e-05
2.79144e-05
2.20409e-05
1.99727e-05
2.51231e-05
3.33913e-05
2.15198e-05
1.6159e-05
2.3451e-05
2.27979e-05
1.97675e-05
1.65289e-05
1.68983e-05
2.23635e-05
2.95188e-05
4.68168e-05
3.42406e-05
2.80067e-05
3.09386e-05
2.70293e-05
3.53209e-05
2.31054e-05
2.04823e-05
2.29009e-05
2.66135e-05
2.11497e-05
9.19413e-06
1.22896e-05
1.58111e-05
1.65892e-05
1.83371e-05
1.91214e-05
1.37552e-05
1.95688e-05
2.03735e-05
2.94935e-05
3.20064e-05
3.47084e-05
3.08928e-05
4.96461e-05
4.28609e-05
2.52267e-05
2.30614e-05
2.66952e-05
1.39466e-05
8.48066e-06
6.62865e-06
4.99233e-06
5.85258e-06
6.1905e-06
9.19117e-06
1.08325e-05
9.30182e-06
1.46303e-05
2.35458e-05
1.83084e-05
2.5229e-05
3.41116e-05
2.30806e-05
3.01271e-05
1.29482e-05
2.22767e-05
3.21541e-05
2.55765e-05
1.81507e-05
1.21958e-05
6.61167e-06
4.62689e-06
5.04857e-06
6.5186e-06
6.66672e-06
6.306e-06
6.53289e-06
5.82605e-06
1.19506e-05
1.2102e-05
1.44413e-05
1.40061e-05
1.01038e-05
7.44735e-06
6.70004e-06
6.22551e-06
9.43611e-06
1.25011e-05
1.61249e-05
1.30893e-05
6.94825e-06
6.08017e-06
7.23765e-06
6.45021e-06
7.79031e-06
5.87029e-06
5.28366e-06
5.48413e-06
7.42252e-06
1.04381e-05
6.518e-06
7.12427e-06
6.87628e-06
5.96322e-06
4.32641e-06
5.01312e-06
5.6155e-06
6.28423e-06
5.77097e-06
6.99469e-06
4.30533e-06
4.95843e-06
5.86978e-06
6.35209e-06
7.38337e-06
7.28223e-06
6.89884e-06
6.48185e-06
5.42806e-06
4.67923e-06
3.44762e-06
3.8756e-06
4.16977e-06
4.08585e-06
0.00024052
0.000263866
0.000273586
0.000282098
0.000286766
0.000256135
0.000182565
0.000129077
0.000105165
0.00010283
0.000110458
0.000116256
0.000120368
0.000125291
0.000124056
0.000128202
0.000143182
0.000161447
0.000184854
0.00021093
0.000215822
0.000223061
0.00023406
0.000258531
0.000264998
0.000262456
0.000212243
0.000143286
0.000101236
0.000101784
0.000106943
0.000112751
0.000116999
0.000132425
0.000125901
0.000124712
0.000135163
0.000150701
0.000173979
0.000200429
0.00013622
0.000123526
0.000131712
0.000161732
0.000187225
0.000193876
0.000224963
0.000190852
0.000118717
9.00438e-05
9.7516e-05
0.000101321
0.000110408
0.000136249
0.000134912
0.000114072
0.000117417
0.000136484
0.000148791
0.000170165
9.72374e-05
8.44371e-05
6.01948e-05
6.58612e-05
7.81132e-05
7.25885e-05
6.32265e-05
0.00011734
0.000183836
0.000183848
0.000113324
7.3238e-05
7.45519e-05
7.47158e-05
8.60376e-05
8.60705e-05
7.55896e-05
7.22832e-05
7.45267e-05
7.25275e-05
1.78342e-05
4.76446e-05
5.12289e-05
4.19206e-05
3.79919e-05
3.4285e-05
2.814e-05
2.81666e-05
6.15807e-05
9.56447e-05
9.9063e-05
6.52488e-05
5.84243e-05
5.56184e-05
5.35687e-05
5.58528e-05
5.5621e-05
4.45756e-05
3.06021e-05
2.00927e-05
1.83701e-05
1.63087e-05
2.81579e-05
2.88314e-05
2.31514e-05
2.07677e-05
2.12832e-05
2.09679e-05
1.72555e-05
1.59657e-05
2.22376e-05
4.58937e-05
9.2883e-05
0.000106489
7.63539e-05
5.08571e-05
5.06475e-05
4.91584e-05
4.36879e-05
2.81662e-05
2.49683e-05
2.11772e-05
1.98704e-05
1.90648e-05
1.85425e-05
2.08254e-05
2.19609e-05
1.88208e-05
1.48374e-05
1.38592e-05
1.32577e-05
1.867e-05
3.42962e-05
4.4015e-05
5.51656e-05
5.09981e-05
5.38313e-05
5.50789e-05
4.47919e-05
3.23975e-05
4.14798e-05
2.90875e-05
2.29941e-05
2.01282e-05
1.87532e-05
2.64806e-05
2.80945e-05
2.32891e-05
1.99598e-05
1.92862e-05
1.94116e-05
1.43623e-05
1.48654e-05
1.46922e-05
1.63728e-05
3.94545e-05
4.80314e-05
4.19128e-05
3.80916e-05
3.93248e-05
2.83886e-05
2.91701e-05
2.6477e-05
2.06835e-05
2.13276e-05
1.77234e-05
1.58312e-05
1.65032e-05
2.14015e-05
2.03141e-05
2.28464e-05
1.89162e-05
1.50157e-05
1.16287e-05
1.07569e-05
3.76627e-05
4.27461e-05
4.06777e-05
3.18672e-05
2.76488e-05
1.04925e-05
1.5793e-05
2.64968e-05
2.4792e-05
2.29793e-05
2.09438e-05
1.73829e-05
1.35426e-05
1.07348e-05
9.1775e-06
1.2869e-05
1.30323e-05
7.83532e-06
6.84135e-06
7.38201e-06
9.83397e-06
1.45821e-05
1.52328e-05
1.67807e-05
1.2931e-05
6.13363e-06
5.35619e-06
9.70009e-06
1.80008e-05
2.00739e-05
2.20219e-05
2.00789e-05
1.75744e-05
1.04436e-05
8.45907e-06
8.43523e-06
9.34731e-06
6.82669e-06
5.87803e-06
5.13099e-06
5.08519e-06
4.21247e-06
6.50023e-06
8.94347e-06
8.56061e-06
4.96979e-06
5.07771e-06
4.91173e-06
6.71453e-06
1.50534e-05
1.97876e-05
1.64267e-05
7.40347e-06
5.81107e-06
7.63921e-06
9.20459e-06
9.61924e-06
7.52852e-06
5.27129e-06
4.73256e-06
4.43549e-06
3.42815e-06
3.4556e-06
5.05193e-06
5.19205e-06
0.000178958
0.000200099
0.000224071
0.000254219
0.000258807
0.000229053
0.00018161
0.00016685
0.000177269
0.00018736
0.000190557
0.000194482
0.000206255
0.000208622
0.000181896
0.000172398
0.000185805
0.000199333
0.000197952
0.000178704
0.000166215
0.000188013
0.00020318
0.000258536
0.000255298
0.000240922
0.000171945
0.000156616
0.000172464
0.000178713
0.000179133
0.000185546
0.000202405
0.000228218
0.000202765
0.000165234
0.000171232
0.000191218
0.000209051
0.000184627
0.000125798
0.000132729
0.000160671
0.000202252
0.000236807
0.000234674
0.000222029
0.000168519
0.000144456
0.000143397
0.00013781
0.000145949
0.000177101
0.000216318
0.000242698
0.000158607
0.000136482
0.000146244
0.000182747
0.000200347
0.000110257
9.87063e-05
7.51829e-05
5.90262e-05
5.82705e-05
7.84052e-05
8.58716e-05
0.000134071
0.000147263
0.000152926
0.00012212
7.52341e-05
7.1367e-05
6.24265e-05
7.73346e-05
8.85932e-05
7.24359e-05
6.82996e-05
5.42964e-05
4.18925e-05
3.99052e-05
7.56244e-05
6.70699e-05
4.20733e-05
2.70842e-05
2.43413e-05
2.66258e-05
3.2918e-05
6.26327e-05
6.71922e-05
7.01916e-05
5.96197e-05
4.97876e-05
5.26301e-05
4.39755e-05
4.25478e-05
4.344e-05
3.755e-05
2.80277e-05
1.27348e-05
1.45503e-05
2.50552e-05
3.49909e-05
2.17413e-05
1.61566e-05
1.61151e-05
1.59742e-05
1.72294e-05
1.9103e-05
2.00938e-05
2.13068e-05
3.40031e-05
7.08336e-05
8.90894e-05
6.16916e-05
4.16297e-05
4.05793e-05
2.90264e-05
2.61567e-05
2.12149e-05
2.20882e-05
1.93276e-05
1.79593e-05
1.46783e-05
1.63323e-05
1.68934e-05
1.57372e-05
1.61829e-05
1.4928e-05
1.48816e-05
1.59262e-05
1.49534e-05
2.94305e-05
3.50852e-05
3.59378e-05
3.23168e-05
3.79848e-05
3.88538e-05
3.40731e-05
2.47171e-05
3.03111e-05
2.74474e-05
2.07813e-05
1.58615e-05
1.90127e-05
2.17135e-05
2.21029e-05
1.82948e-05
1.56251e-05
1.47788e-05
1.49031e-05
1.32267e-05
1.30735e-05
1.35052e-05
2.18827e-05
2.53126e-05
2.73224e-05
3.939e-05
3.42029e-05
2.89733e-05
2.36811e-05
2.22017e-05
2.67384e-05
1.97482e-05
1.83722e-05
2.1046e-05
2.09113e-05
2.02831e-05
2.41397e-05
1.89745e-05
1.60098e-05
1.51069e-05
1.356e-05
1.1558e-05
1.00057e-05
2.17211e-05
1.92362e-05
3.35846e-05
3.47561e-05
3.24492e-05
1.31383e-05
1.27989e-05
1.6058e-05
2.43909e-05
1.9184e-05
1.74761e-05
1.74952e-05
1.63865e-05
1.36305e-05
1.31434e-05
1.40394e-05
1.54508e-05
1.27166e-05
8.96303e-06
7.4971e-06
7.22058e-06
6.54793e-06
9.11601e-06
2.00575e-05
1.80237e-05
8.42383e-06
9.49182e-06
9.73407e-06
1.59802e-05
1.73847e-05
1.64277e-05
1.6056e-05
1.51247e-05
9.83266e-06
9.02349e-06
9.28943e-06
1.19138e-05
1.11159e-05
7.78958e-06
6.93655e-06
5.18028e-06
3.04579e-06
3.66955e-06
8.88174e-06
8.78617e-06
7.82876e-06
8.85946e-06
7.13867e-06
9.3974e-06
1.77027e-05
1.9667e-05
1.58631e-05
1.24296e-05
7.40527e-06
8.38452e-06
1.05478e-05
1.07027e-05
8.04222e-06
6.00101e-06
4.9217e-06
4.39024e-06
3.14578e-06
3.86656e-06
6.26803e-06
6.84906e-06
0.000327664
0.000330506
0.000215684
0.000208102
0.000206864
0.000186521
0.000196375
0.00022081
0.000234727
0.000227931
0.000203119
0.000179676
0.000175174
0.000187232
0.000220851
0.000281612
0.000313435
0.000259043
0.000205577
0.000235572
0.000317123
0.000319361
0.000238047
0.000214445
0.000130648
0.000132957
0.000144095
0.000155452
0.000163753
0.000229101
0.000209577
0.000171045
0.000163327
0.000177639
0.000261531
0.000304633
0.000303858
0.000294578
0.000206107
0.000222098
0.00015671
0.000247378
0.000248079
0.000134383
0.000128518
0.000132741
0.000166426
0.000134021
0.000186862
0.000168024
0.000137252
0.000113898
0.000122921
0.000153965
0.000168714
0.000172728
0.000232795
0.000302075
0.000208472
0.000166366
9.54779e-05
3.5454e-05
5.78871e-05
0.000106627
0.000120179
8.56888e-05
0.00010027
8.58849e-05
9.01999e-05
8.03077e-05
9.30097e-05
9.46339e-05
7.17627e-05
8.14808e-05
8.89165e-05
7.97066e-05
6.72705e-05
4.18478e-05
0.000102528
9.78886e-05
2.62241e-05
3.18987e-05
1.82625e-05
5.4989e-05
9.48694e-05
9.30758e-05
9.43703e-05
4.86283e-05
3.56329e-05
2.93644e-05
3.55184e-05
4.17875e-05
5.88892e-05
6.08794e-05
8.29748e-05
7.27119e-05
3.94892e-05
2.11685e-05
3.67651e-05
3.37341e-05
1.36871e-05
1.10959e-05
1.03985e-05
9.38994e-06
1.97107e-05
2.56758e-05
2.36138e-05
2.58922e-05
2.64555e-05
2.85474e-05
2.08005e-05
1.88943e-05
4.51841e-05
5.31485e-05
5.25642e-05
4.266e-05
2.20601e-05
2.10721e-05
2.2098e-05
2.09127e-05
1.51615e-05
1.20362e-05
1.14894e-05
9.11383e-06
1.14875e-05
1.46712e-05
1.48668e-05
1.30058e-05
1.80367e-05
2.32485e-05
2.81304e-05
2.09406e-05
2.48927e-05
2.14016e-05
2.11558e-05
1.92694e-05
2.13527e-05
2.09743e-05
1.85054e-05
1.85548e-05
1.4102e-05
1.35008e-05
1.32419e-05
1.64212e-05
9.82489e-06
1.51133e-05
1.65072e-05
1.14271e-05
1.3773e-05
2.12504e-05
2.5624e-05
2.12827e-05
1.28028e-05
1.34949e-05
2.03799e-05
1.83085e-05
1.75132e-05
2.16885e-05
2.2481e-05
1.40524e-05
1.59581e-05
1.5389e-05
1.69699e-05
1.99869e-05
1.43636e-05
9.28521e-06
9.86262e-06
1.65376e-05
1.53698e-05
1.25681e-05
1.17869e-05
1.54309e-05
1.42693e-05
1.23622e-05
1.36628e-05
1.10263e-05
1.23085e-05
2.4116e-05
2.4827e-05
2.04497e-05
1.60626e-05
1.32389e-05
1.16418e-05
1.08038e-05
9.08333e-06
7.97578e-06
1.17628e-05
1.36343e-05
1.59702e-05
1.48034e-05
1.40691e-05
1.72168e-05
1.89707e-05
1.71898e-05
1.36742e-05
8.58323e-06
8.51093e-06
1.0766e-05
1.39412e-05
1.76109e-05
1.40583e-05
8.01541e-06
8.23342e-06
7.27163e-06
8.44873e-06
1.33014e-05
9.68709e-06
1.22788e-05
9.26942e-06
9.92516e-06
1.02509e-05
1.58885e-05
2.01903e-05
1.51271e-05
1.2289e-05
9.09306e-06
5.7241e-06
6.57942e-06
1.2256e-05
1.54003e-05
1.02013e-05
8.05387e-06
7.01643e-06
5.55667e-06
4.8113e-06
7.89185e-06
9.60503e-06
7.81418e-06
8.20341e-06
7.19809e-06
6.702e-06
9.07541e-06
9.98121e-06
9.47295e-06
8.97542e-06
8.451e-06
5.14758e-06
4.36767e-06
6.20438e-06
1.07672e-05
0.000432311
0.000340029
0.000241837
0.000136831
9.11671e-05
8.90599e-05
9.56189e-05
0.000110162
0.000137305
0.000182335
0.00024778
0.000314669
0.00034285
0.000331493
0.000324878
0.00037805
0.000482333
0.000521801
0.000508903
0.000494828
0.000391525
0.000345843
0.000241331
0.000180451
0.000102112
8.16408e-05
8.51891e-05
9.66312e-05
0.000119491
0.000159424
0.000219258
0.00031268
0.000333694
0.000323378
0.000294522
0.00033689
0.000392544
0.00046968
0.000466184
0.000433312
0.000225115
0.000249469
0.000257259
0.000265486
0.000191837
7.43164e-05
6.74283e-05
7.03419e-05
7.67832e-05
9.81309e-05
0.000151685
0.00020448
0.000241381
0.000242205
0.000191373
0.000167135
0.000161992
0.000253838
0.000276785
0.000229851
2.76964e-05
2.38932e-05
6.23386e-05
0.000113343
0.000176626
0.00017991
0.000104945
5.67513e-05
4.97616e-05
5.15044e-05
5.95364e-05
5.52267e-05
4.39503e-05
4.02697e-05
4.08033e-05
5.80425e-05
6.3544e-05
5.391e-05
4.04987e-05
3.50238e-05
2.09046e-05
1.58545e-05
1.10328e-05
2.4878e-05
3.84971e-05
8.29387e-05
0.00011283
7.48774e-05
4.89738e-05
4.63368e-05
4.77875e-05
4.16915e-05
3.0254e-05
2.66693e-05
2.99665e-05
3.06892e-05
3.48645e-05
3.83083e-05
2.4761e-05
2.30163e-05
1.5905e-05
1.25035e-05
9.01387e-06
7.89005e-06
9.17606e-06
1.16402e-05
3.96865e-05
4.77117e-05
4.74167e-05
4.92043e-05
4.83785e-05
3.87777e-05
3.56655e-05
3.04651e-05
3.16694e-05
2.79376e-05
2.10864e-05
2.08581e-05
1.97206e-05
1.8549e-05
1.43183e-05
8.92126e-06
7.67628e-06
7.73679e-06
7.29169e-06
7.5747e-06
1.08212e-05
1.6311e-05
2.29348e-05
4.42664e-05
5.32226e-05
3.25765e-05
2.86233e-05
2.80526e-05
2.47992e-05
2.25875e-05
2.01106e-05
1.93783e-05
1.96527e-05
1.90414e-05
1.34232e-05
9.25479e-06
8.11216e-06
8.37718e-06
7.8196e-06
7.36121e-06
1.08034e-05
1.36159e-05
1.51866e-05
1.56537e-05
1.68099e-05
2.82883e-05
2.2309e-05
1.79472e-05
1.63504e-05
1.65703e-05
1.75464e-05
2.18448e-05
2.12916e-05
1.76889e-05
1.16982e-05
9.63352e-06
8.54734e-06
7.61781e-06
7.01734e-06
8.6834e-06
9.21443e-06
1.21146e-05
1.35217e-05
1.15574e-05
8.883e-06
1.37082e-05
1.70935e-05
1.48203e-05
1.29475e-05
1.22763e-05
1.37627e-05
1.91455e-05
2.16211e-05
1.62992e-05
9.97829e-06
7.70869e-06
6.85816e-06
6.00602e-06
4.23613e-06
6.4089e-06
7.9712e-06
1.01574e-05
1.10324e-05
1.16571e-05
7.13782e-06
1.0499e-05
1.91576e-05
1.98962e-05
1.59195e-05
1.00706e-05
1.05164e-05
1.54732e-05
1.7243e-05
1.65932e-05
8.18348e-06
6.12445e-06
5.76968e-06
5.11213e-06
4.95808e-06
5.08914e-06
7.94842e-06
1.10101e-05
1.03677e-05
8.54558e-06
7.56864e-06
1.24598e-05
2.17063e-05
1.94077e-05
1.3709e-05
8.05085e-06
7.83131e-06
1.18827e-05
1.42751e-05
1.36421e-05
5.18032e-06
5.55128e-06
5.31748e-06
5.02413e-06
4.57787e-06
4.62049e-06
5.80566e-06
6.65696e-06
6.89322e-06
6.72063e-06
4.28873e-06
4.98061e-06
1.00575e-05
9.95849e-06
7.14344e-06
6.21588e-06
4.79243e-06
4.30216e-06
4.68034e-06
4.74077e-06
6.28491e-06
5.10569e-06
4.70917e-06
4.68669e-06
5.22385e-06
5.63871e-06
4.7052e-06
3.71968e-06
1.00675e-05
1.28603e-05
1.11539e-05
5.58394e-06
3.92435e-06
3.50956e-06
3.40929e-06
3.3733e-06
2.88246e-06
4.18612e-06
8.44152e-06
9.26862e-06
9.45896e-06
7.21521e-06
6.91341e-06
7.66498e-06
8.50078e-06
8.49789e-06
7.13838e-06
5.74232e-06
1.15092e-05
1.68388e-05
2.12648e-05
1.70677e-05
7.79658e-06
5.27721e-06
5.27186e-06
5.44622e-06
3.76348e-06
4.26525e-06
1.1169e-05
1.22263e-05
1.56623e-05
2.10762e-05
2.42765e-05
1.47146e-05
1.1798e-05
1.48373e-05
1.81643e-05
1.41848e-05
1.08084e-05
1.79004e-05
1.99443e-05
1.71847e-05
1.51182e-05
1.28372e-05
1.22889e-05
9.36916e-06
9.60819e-06
2.07938e-05
2.20507e-05
1.78224e-05
2.29311e-05
2.63122e-05
2.82318e-05
2.65878e-05
2.00661e-05
1.87193e-05
1.70843e-05
1.28638e-05
1.72057e-05
1.88432e-05
1.89227e-05
1.69844e-05
1.45592e-05
1.55993e-05
1.48452e-05
1.29051e-05
1.21156e-05
2.55995e-05
2.84637e-05
2.36864e-05
2.91062e-05
3.14975e-05
3.03688e-05
2.59315e-05
2.50725e-05
2.1733e-05
1.77221e-05
1.47196e-05
1.9311e-05
2.222e-05
2.29462e-05
1.64707e-05
1.61976e-05
2.24089e-05
1.8411e-05
1.84334e-05
3.33055e-05
3.20544e-05
3.42893e-05
3.27841e-05
4.97759e-05
5.40102e-05
3.58966e-05
2.60144e-05
2.26819e-05
2.09947e-05
2.06272e-05
2.36774e-05
2.74999e-05
2.81264e-05
2.60449e-05
2.56324e-05
3.68171e-05
4.65445e-05
4.59045e-05
4.41902e-05
3.43647e-05
3.12471e-05
4.55958e-05
5.16201e-05
5.16608e-05
6.17262e-05
5.96301e-05
4.50642e-05
4.37514e-05
3.8672e-05
3.0529e-05
2.92644e-05
3.14873e-05
3.27837e-05
3.13435e-05
4.10503e-05
3.66777e-05
3.20812e-05
3.44951e-05
4.13486e-05
3.4193e-05
4.01506e-05
4.18401e-05
4.63192e-05
5.14035e-05
4.92642e-05
6.6714e-05
8.24525e-05
7.5434e-05
5.8978e-05
5.93151e-05
6.04385e-05
4.69951e-05
3.92376e-05
4.58452e-05
4.19967e-05
5.9659e-05
5.45921e-05
4.00227e-05
4.19014e-05
4.63592e-05
4.53118e-05
4.68937e-05
6.75139e-05
6.37289e-05
7.60621e-05
8.10036e-05
8.02141e-05
8.05349e-05
8.49283e-05
8.44788e-05
7.25311e-05
6.34498e-05
6.68525e-05
5.67887e-05
7.87491e-05
0.000108639
5.86482e-05
4.81768e-05
5.38802e-05
4.95458e-05
4.8808e-05
6.48585e-05
6.05774e-05
9.46578e-05
7.79395e-05
7.28775e-05
7.56764e-05
8.34928e-05
9.63935e-05
0.000104434
0.000128137
0.000149078
0.000133006
0.000147493
0.000135335
7.9176e-05
6.3827e-05
5.8617e-05
5.55657e-05
5.72928e-05
7.06086e-05
7.08274e-05
7.91242e-05
9.30251e-05
8.19906e-05
8.45306e-05
9.9611e-05
0.000108852
0.00012836
0.000152413
0.000177318
0.000196073
0.000194279
0.000182969
0.000104615
8.13253e-05
6.75806e-05
6.53186e-05
6.68236e-05
7.55498e-05
8.66018e-05
9.87251e-05
0.000102312
9.18986e-05
8.60338e-05
9.16275e-05
0.000104792
0.00012121
0.000143237
0.000169657
0.000194312
0.000205051
0.000204674
0.000177154
0.000115506
8.12834e-05
6.99193e-05
6.86316e-05
7.37023e-05
8.4409e-05
9.60941e-05
0.000105933
0.000105529
5.17366e-06
4.77861e-06
5.01137e-06
4.85882e-06
4.96244e-06
5.27507e-06
4.79554e-06
4.19045e-06
4.88729e-06
3.27971e-06
3.55701e-06
3.44349e-06
2.67736e-06
2.31352e-06
3.52416e-06
3.88811e-06
3.80918e-06
5.58849e-06
6.47239e-06
6.53428e-06
6.65522e-06
5.58198e-06
4.96657e-06
5.85388e-06
5.5684e-06
5.52555e-06
5.28754e-06
5.43286e-06
4.81869e-06
5.22949e-06
6.73325e-06
6.96791e-06
6.69896e-06
6.47027e-06
6.57129e-06
5.9785e-06
5.12048e-06
5.21245e-06
9.87286e-06
1.10489e-05
2.50143e-05
3.65603e-05
3.37511e-05
2.27027e-05
1.40965e-05
8.80639e-06
8.87428e-06
1.5767e-05
1.79389e-05
1.45798e-05
1.39859e-05
1.41072e-05
1.33259e-05
1.32243e-05
1.30637e-05
9.766e-06
6.7615e-06
6.5431e-06
1.2325e-05
1.84918e-05
2.58117e-05
2.96148e-05
2.2218e-05
2.08063e-05
1.16534e-05
1.01434e-05
1.35437e-05
1.64859e-05
2.09148e-05
1.67698e-05
1.603e-05
1.39275e-05
1.29405e-05
1.64323e-05
1.59464e-05
1.35331e-05
9.95562e-06
1.48552e-05
1.6075e-05
3.43352e-05
1.89359e-05
1.83206e-05
1.79972e-05
1.8125e-05
1.71516e-05
1.62708e-05
2.04267e-05
2.07879e-05
2.61468e-05
2.03311e-05
1.80068e-05
1.75412e-05
1.53078e-05
2.04753e-05
2.58265e-05
1.70642e-05
1.4779e-05
2.83846e-05
2.95453e-05
1.86927e-05
1.56365e-05
2.00501e-05
2.99623e-05
2.66712e-05
2.59845e-05
3.38973e-05
3.25078e-05
2.56069e-05
2.61747e-05
2.445e-05
1.88992e-05
1.82194e-05
2.36017e-05
2.91448e-05
2.38858e-05
3.20527e-05
4.61478e-05
4.4768e-05
3.84885e-05
2.78402e-05
6.57145e-05
7.63002e-05
6.34525e-05
4.93532e-05
4.10463e-05
4.43824e-05
3.65338e-05
3.38248e-05
3.1248e-05
3.07648e-05
2.49962e-05
2.22453e-05
2.71021e-05
3.42702e-05
3.78199e-05
4.44224e-05
5.37939e-05
3.45029e-05
2.93041e-05
2.37694e-05
5.56166e-05
8.84145e-05
9.64518e-05
8.42519e-05
4.81952e-05
3.63474e-05
3.61514e-05
4.34861e-05
3.58611e-05
3.30302e-05
2.82643e-05
2.95066e-05
4.87101e-05
6.52931e-05
6.07961e-05
5.4298e-05
5.70481e-05
5.48978e-05
7.64526e-05
8.94943e-05
0.000121867
0.000163043
0.000100433
7.6172e-05
4.16141e-05
4.31992e-05
4.22922e-05
4.52635e-05
3.92804e-05
3.68317e-05
6.0122e-05
8.59785e-05
7.19393e-05
5.40313e-05
6.66899e-05
9.15128e-05
8.42364e-05
9.10752e-05
9.64588e-05
0.000109772
0.000121066
0.000105305
0.000103534
0.000101375
0.000105638
0.000114386
0.00012128
0.000131723
0.000191261
0.000321686
0.000297192
0.000137194
0.000123836
0.000137928
0.000157116
0.000148895
0.00016039
0.000184781
0.000163091
0.000237667
0.00017298
0.000130953
0.000136655
0.00016217
0.000165641
0.00018286
0.000238238
0.000281858
0.000428195
0.000300225
0.000233939
0.000172245
0.00018325
0.000136275
0.000258464
0.000276832
0.000166862
0.000159944
0.000274832
0.000217979
0.000120566
0.000127364
0.000145892
0.000174434
0.000204506
0.000237641
0.000279127
0.000354192
0.000452397
0.000322294
0.000154639
0.000127112
0.000133242
0.000143168
0.000152559
0.000157583
0.000156931
0.000146943
0.000124346
0.000116104
4.55591e-06
3.29047e-06
3.45785e-06
4.75967e-06
6.09527e-06
6.53572e-06
6.82635e-06
6.36282e-06
4.64373e-06
3.60832e-06
3.75315e-06
3.58393e-06
3.23051e-06
3.26346e-06
3.31629e-06
3.83823e-06
4.52684e-06
5.26995e-06
5.87002e-06
6.5906e-06
7.4653e-06
5.65412e-06
5.29726e-06
5.80873e-06
5.84799e-06
5.61171e-06
5.53631e-06
5.99949e-06
5.90703e-06
7.03901e-06
7.73363e-06
7.28449e-06
6.47682e-06
6.03508e-06
4.67449e-06
4.31114e-06
4.56629e-06
4.75671e-06
6.26798e-06
7.56406e-06
8.50097e-06
1.06355e-05
1.37638e-05
1.2552e-05
1.1105e-05
9.10113e-06
7.31853e-06
1.7774e-05
2.14553e-05
1.70623e-05
1.30792e-05
1.47751e-05
1.66383e-05
1.59501e-05
1.15999e-05
7.63281e-06
4.6921e-06
6.11371e-06
8.13003e-06
9.63512e-06
1.6695e-05
2.33555e-05
2.20496e-05
2.11823e-05
1.56897e-05
1.07898e-05
1.23734e-05
2.18286e-05
2.8994e-05
2.73711e-05
1.84599e-05
1.61067e-05
1.55786e-05
1.42728e-05
1.05281e-05
9.24632e-06
9.00571e-06
8.81814e-06
9.96969e-06
1.20473e-05
2.74357e-05
2.21662e-05
1.78841e-05
1.7846e-05
2.0647e-05
2.43144e-05
2.97242e-05
3.24773e-05
2.9e-05
2.61123e-05
2.59555e-05
1.8902e-05
1.56851e-05
1.88044e-05
1.91226e-05
1.82907e-05
1.39835e-05
1.03098e-05
1.36042e-05
2.51836e-05
2.20887e-05
1.85342e-05
1.48111e-05
2.00846e-05
3.18382e-05
5.01838e-05
4.01293e-05
3.58059e-05
3.79856e-05
4.13896e-05
4.38043e-05
3.10408e-05
1.98334e-05
1.77477e-05
2.40975e-05
2.8891e-05
2.81622e-05
1.98911e-05
1.86381e-05
2.17805e-05
1.44481e-05
1.28631e-05
1.34655e-05
5.24305e-05
7.30427e-05
5.85254e-05
4.19043e-05
4.22164e-05
5.37199e-05
5.66663e-05
4.66691e-05
2.41498e-05
2.02132e-05
2.05741e-05
2.98737e-05
3.50633e-05
3.43515e-05
2.21674e-05
2.07408e-05
1.76263e-05
1.4144e-05
1.23706e-05
3.71451e-05
0.000127961
7.03405e-05
5.22015e-05
5.10159e-05
5.5527e-05
5.9305e-05
5.67739e-05
5.58441e-05
4.85667e-05
3.72803e-05
2.59264e-05
2.71052e-05
3.02655e-05
2.97845e-05
2.74934e-05
2.04844e-05
1.59389e-05
1.67308e-05
0.000118694
0.000228404
9.75986e-05
6.54743e-05
5.88374e-05
5.98693e-05
5.84909e-05
5.63907e-05
7.45692e-05
0.000101684
8.39648e-05
4.49529e-05
3.85222e-05
2.96253e-05
2.74681e-05
2.85864e-05
2.86335e-05
2.31687e-05
1.6426e-05
0.000353615
0.000359023
0.000209742
8.98793e-05
8.52542e-05
8.4092e-05
8.54487e-05
8.73098e-05
0.000112555
0.000139945
0.000148548
0.000125653
0.000124524
0.000142703
0.000159171
0.000159844
0.000133908
0.000144167
0.0001658
0.000231656
0.000421058
0.000283086
0.000121422
9.93704e-05
0.000102241
0.000106783
0.000115897
0.000125375
0.000150521
0.000169021
0.00019514
0.000244653
0.000265231
0.000309319
0.000332894
0.000374964
0.000419257
0.000490544
0.000550614
0.000529089
0.00040919
0.000201303
0.000114716
0.000104615
0.000107053
0.000115865
0.000127158
0.000138427
0.000153517
0.000183263
0.000222766
0.000275921
0.000321146
0.000351868
0.000391444
0.000450256
0.000532371
0.000613578
0.000656478
0.000608466
6.86473e-06
3.8577e-06
3.18833e-06
4.17046e-06
5.8193e-06
6.40241e-06
6.07508e-06
5.49258e-06
4.59335e-06
3.98374e-06
4.04411e-06
3.69227e-06
3.54195e-06
3.80821e-06
3.6925e-06
3.89594e-06
5.12036e-06
5.87938e-06
7.50521e-06
7.85882e-06
9.07582e-06
7.70001e-06
6.41294e-06
6.44913e-06
7.27339e-06
7.70244e-06
7.49405e-06
6.49334e-06
5.09624e-06
6.6437e-06
8.33749e-06
7.89078e-06
6.62326e-06
6.4351e-06
4.94484e-06
4.21737e-06
5.80484e-06
6.34429e-06
6.98108e-06
8.77468e-06
7.47469e-06
7.97222e-06
8.97702e-06
8.2467e-06
9.22738e-06
9.35198e-06
8.13479e-06
1.02976e-05
9.68646e-06
8.39418e-06
8.12518e-06
1.70569e-05
1.84895e-05
1.73043e-05
1.10777e-05
8.04274e-06
7.22277e-06
6.84847e-06
6.81967e-06
7.26584e-06
1.11133e-05
1.37635e-05
1.52143e-05
1.50799e-05
1.2654e-05
1.04118e-05
1.07871e-05
9.72253e-06
1.75231e-05
1.74074e-05
1.91385e-05
2.00715e-05
1.82117e-05
1.65671e-05
1.42275e-05
1.36665e-05
1.53074e-05
1.55609e-05
1.28544e-05
1.11047e-05
2.02105e-05
1.74826e-05
1.5478e-05
1.58918e-05
1.41353e-05
1.55188e-05
3.32117e-05
2.96382e-05
2.13103e-05
1.85379e-05
2.4253e-05
2.42673e-05
2.02268e-05
2.29238e-05
2.58707e-05
2.51106e-05
1.87688e-05
1.48874e-05
1.5099e-05
2.03804e-05
1.86335e-05
1.32375e-05
1.18027e-05
1.47731e-05
1.72732e-05
4.55532e-05
4.72945e-05
4.40429e-05
3.50388e-05
3.56513e-05
3.91478e-05
3.1853e-05
2.0658e-05
1.64282e-05
1.67328e-05
2.33098e-05
2.31105e-05
1.86943e-05
1.86297e-05
2.06159e-05
1.59579e-05
1.13956e-05
1.15613e-05
2.87518e-05
5.39574e-05
5.30308e-05
5.20004e-05
6.04538e-05
5.98062e-05
6.3438e-05
5.17807e-05
3.00922e-05
2.45499e-05
2.16273e-05
2.18109e-05
2.34668e-05
2.20333e-05
2.08145e-05
2.00527e-05
2.07264e-05
1.6345e-05
1.34437e-05
1.08039e-05
8.20287e-05
7.60746e-05
4.86955e-05
5.16827e-05
5.2642e-05
5.94651e-05
6.02408e-05
4.53895e-05
4.60454e-05
3.53568e-05
3.22133e-05
2.60133e-05
2.5137e-05
2.47353e-05
2.41264e-05
2.27958e-05
1.95414e-05
1.65226e-05
2.81383e-05
0.000130428
0.000137593
5.64746e-05
5.49633e-05
5.60674e-05
4.97506e-05
5.24094e-05
4.61064e-05
5.40974e-05
5.40199e-05
4.8836e-05
4.8106e-05
4.2249e-05
3.61293e-05
3.31244e-05
2.85487e-05
2.19425e-05
1.97422e-05
0.000290016
0.000370877
0.000253446
0.000139548
0.000118386
0.000105163
0.000109152
0.000120734
0.00011268
0.000104112
0.000102024
9.91174e-05
9.86634e-05
0.000106903
0.000122012
0.000134382
0.000124715
0.00011777
0.000128057
0.000185389
0.000517882
0.000356506
0.000208881
0.000158205
0.000149917
0.00015683
0.000172556
0.000183763
0.00018037
0.000186708
0.000197242
0.000215817
0.000234062
0.000270662
0.000296859
0.000333471
0.00037986
0.000428592
0.000546485
0.000579981
0.000549424
0.000354769
0.000221679
0.000174151
0.000163147
0.000175427
0.000190925
0.000198936
0.000200451
0.000213876
0.000236155
0.000258373
0.000282723
0.000319141
0.000364826
0.000402764
0.000454202
0.000558128
0.000664325
0.000690248
5.90656e-06
5.91109e-06
5.74493e-06
4.94882e-06
5.59945e-06
5.04741e-06
4.63509e-06
3.79718e-06
6.6752e-06
9.28104e-06
8.78126e-06
5.68913e-06
6.40715e-06
4.82948e-06
4.47133e-06
4.11502e-06
4.55859e-06
4.75931e-06
4.85288e-06
4.99265e-06
6.76791e-06
6.70773e-06
6.84269e-06
6.84939e-06
6.45093e-06
5.45654e-06
6.5487e-06
4.69931e-06
6.63828e-06
9.9441e-06
1.12328e-05
1.02359e-05
1.40444e-05
1.48272e-05
1.04757e-05
5.99386e-06
4.57279e-06
4.91488e-06
6.29499e-06
6.58679e-06
6.29635e-06
8.55401e-06
9.52829e-06
8.58425e-06
7.17116e-06
5.83368e-06
5.38837e-06
4.46438e-06
1.06097e-05
1.50629e-05
1.36015e-05
2.61237e-05
2.56189e-05
2.13246e-05
1.49084e-05
1.24269e-05
1.03255e-05
9.81802e-06
7.59855e-06
6.07008e-06
9.1225e-06
9.61409e-06
1.24368e-05
1.02463e-05
8.83838e-06
6.83658e-06
6.79989e-06
5.30945e-06
1.13737e-05
1.10153e-05
2.2603e-05
3.13324e-05
2.78349e-05
2.23497e-05
1.74129e-05
1.21343e-05
1.11265e-05
1.25512e-05
7.94344e-06
7.05418e-06
1.09473e-05
1.16586e-05
1.06978e-05
8.44322e-06
9.66007e-06
7.64839e-06
6.95995e-06
6.64938e-06
1.08375e-05
3.69438e-05
3.28272e-05
2.70678e-05
2.76136e-05
2.3098e-05
2.008e-05
1.54749e-05
1.50952e-05
1.6435e-05
1.44775e-05
1.29291e-05
1.76943e-05
3.16301e-05
2.71965e-05
1.9928e-05
1.80228e-05
1.68957e-05
1.53748e-05
2.49228e-05
6.90191e-05
6.53767e-05
4.02442e-05
2.37866e-05
2.33119e-05
1.96773e-05
1.64642e-05
1.91287e-05
1.92817e-05
1.60755e-05
1.70809e-05
2.00439e-05
4.79628e-05
3.8189e-05
2.74719e-05
2.70421e-05
2.55712e-05
2.22717e-05
2.45435e-05
6.00706e-05
6.78882e-05
5.24856e-05
3.62917e-05
2.64082e-05
1.80889e-05
1.95615e-05
2.47185e-05
3.09213e-05
3.05055e-05
2.62271e-05
3.10643e-05
4.15499e-05
4.65088e-05
3.26057e-05
2.85013e-05
3.34035e-05
5.0524e-05
6.95007e-05
9.73196e-05
7.86446e-05
6.2667e-05
4.60217e-05
4.20959e-05
3.54005e-05
3.94417e-05
4.29964e-05
4.78383e-05
5.23373e-05
4.45505e-05
4.33587e-05
4.39407e-05
4.08986e-05
3.78943e-05
0.000100605
0.000104657
0.000127914
9.91476e-05
0.000164737
0.000161228
7.31101e-05
5.70045e-05
5.32798e-05
5.6487e-05
6.98816e-05
8.45431e-05
7.371e-05
7.02087e-05
6.40799e-05
7.90854e-05
5.67305e-05
6.51951e-05
5.62819e-05
0.000285095
0.000273408
0.000233567
0.000184821
0.00019586
0.000172305
0.000120795
0.000105455
8.62613e-05
0.000105377
0.000103974
0.000122599
0.000167073
0.000112903
0.000139262
0.000137382
0.000138274
0.000140333
0.000175115
0.000222908
0.000436071
0.000321836
0.000203488
0.000187245
0.000165057
0.00012897
9.98649e-05
9.94939e-05
9.78177e-05
0.000121747
0.000162338
0.000130426
0.000134586
0.000143459
0.00015241
0.000203418
0.00025967
0.000297518
0.00028549
0.000328197
0.000432123
0.00032564
0.000223542
0.000168203
0.00014466
0.000117102
0.000105584
0.000105336
0.000105157
0.000107822
0.000115524
0.00012834
0.000142063
0.000162289
0.000199316
0.00023646
0.000281489
0.000354598
0.000427029
0.000463652
5.58438e-06
5.64438e-06
5.82698e-06
5.49752e-06
4.71312e-06
4.5494e-06
5.47843e-06
5.25219e-06
5.80512e-06
7.71058e-06
8.62552e-06
7.88053e-06
5.84028e-06
4.88377e-06
4.66486e-06
4.2957e-06
4.22116e-06
3.92743e-06
4.02388e-06
4.96128e-06
5.8048e-06
5.51253e-06
5.48563e-06
6.57077e-06
6.52545e-06
5.11188e-06
4.78529e-06
4.23053e-06
4.56777e-06
8.30433e-06
8.88049e-06
8.3914e-06
9.00708e-06
9.29849e-06
7.72045e-06
6.00452e-06
5.01494e-06
4.70598e-06
5.23343e-06
6.02152e-06
6.57116e-06
5.37276e-06
6.6208e-06
8.94198e-06
1.10445e-05
8.29393e-06
5.66147e-06
2.30747e-06
1.09909e-05
2.03002e-05
1.41968e-05
1.12461e-05
1.51682e-05
1.61029e-05
1.47447e-05
1.42375e-05
1.25212e-05
9.01334e-06
7.33445e-06
6.96608e-06
9.58708e-06
1.05826e-05
1.00933e-05
1.03006e-05
1.46196e-05
1.51109e-05
6.84353e-06
1.00919e-05
2.52344e-05
2.71797e-05
2.63264e-05
2.58858e-05
2.78464e-05
2.13762e-05
1.41702e-05
1.19923e-05
1.13152e-05
1.13979e-05
9.58689e-06
8.22639e-06
1.0984e-05
1.21822e-05
9.43845e-06
1.08997e-05
1.61507e-05
1.89886e-05
1.12599e-05
1.27809e-05
1.98761e-05
2.89435e-05
3.21276e-05
2.99255e-05
2.91902e-05
2.48993e-05
1.85041e-05
1.47161e-05
1.48823e-05
1.60037e-05
1.49155e-05
1.03878e-05
2.5594e-05
3.28368e-05
1.53087e-05
1.43947e-05
1.72829e-05
1.93609e-05
4.12415e-05
3.02592e-05
3.65393e-05
3.17583e-05
2.65286e-05
2.73836e-05
2.18761e-05
1.53517e-05
1.5469e-05
1.70072e-05
1.71883e-05
1.71514e-05
1.56647e-05
6.7315e-06
8.48814e-05
7.80872e-05
5.82873e-05
3.33988e-05
2.81662e-05
3.17579e-05
5.69311e-05
6.24183e-05
8.04844e-05
4.65638e-05
2.92857e-05
2.5842e-05
2.01764e-05
1.54307e-05
1.41028e-05
1.56147e-05
1.72953e-05
1.7524e-05
1.4942e-05
3.98581e-05
5.08577e-05
4.58762e-05
5.35582e-05
5.54384e-05
5.34881e-05
0.000106044
9.23313e-05
0.000130558
0.00013695
8.60746e-05
3.26494e-05
2.69455e-05
2.35563e-05
2.14185e-05
1.96548e-05
1.82425e-05
1.92895e-05
1.74986e-05
6.68651e-05
9.02938e-05
7.79136e-05
6.83393e-05
6.5339e-05
7.59663e-05
0.000178968
0.000169778
0.000139545
0.000182036
0.000115256
8.83116e-05
6.74572e-05
4.90366e-05
5.73164e-05
5.09104e-05
3.13633e-05
3.08877e-05
3.07728e-05
0.000111141
0.000151289
8.06576e-05
0.000181779
0.000200171
0.000237971
0.000269056
0.000227942
0.000179257
0.000154717
0.000139346
0.00012906
0.000166352
0.000183575
0.000184881
0.000166029
0.000170524
0.000207973
0.000250312
0.000285212
0.00020536
0.000136644
0.000153398
0.000230244
0.00024745
0.000265759
0.000238114
0.000173301
0.000144687
0.000131797
0.000135193
0.000158197
0.000193027
0.000237938
0.0002808
0.000304091
0.00032293
0.000302901
0.000283867
0.000231093
0.000154149
0.000148666
0.000192251
0.000227331
0.000243987
0.000243811
0.00019782
0.000150295
0.000134237
0.000131881
0.000142224
0.000160809
0.000188984
0.000236151
0.000298017
0.000350054
0.000350723
0.000299253
0.000249855
0.000203032
0.00015977
0.000163651
0.000192754
6.30046e-06
6.66222e-06
6.86419e-06
5.92533e-06
4.88685e-06
3.48347e-06
4.96396e-06
7.28047e-06
6.71167e-06
6.61119e-06
7.59734e-06
8.44146e-06
5.90613e-06
5.11603e-06
4.81062e-06
4.41495e-06
4.34541e-06
4.11622e-06
4.31691e-06
5.15697e-06
6.10632e-06
5.90202e-06
6.31522e-06
7.74022e-06
7.37578e-06
4.51166e-06
4.66742e-06
5.53194e-06
5.46954e-06
5.70862e-06
9.28024e-06
8.99362e-06
7.16791e-06
6.66698e-06
6.91262e-06
6.57841e-06
5.02048e-06
4.29356e-06
4.52946e-06
5.12225e-06
7.18907e-06
7.75216e-06
9.33746e-06
1.2837e-05
1.34949e-05
8.37409e-06
5.81811e-06
4.02372e-06
1.45073e-05
2.4315e-05
2.12535e-05
1.15059e-05
9.90892e-06
1.09093e-05
1.23224e-05
1.25414e-05
1.13714e-05
7.43213e-06
6.59205e-06
7.10764e-06
1.95981e-05
2.10495e-05
1.70645e-05
1.33558e-05
2.70816e-05
1.93874e-05
9.73479e-06
1.50039e-05
2.40972e-05
2.42141e-05
2.34322e-05
1.75571e-05
1.63783e-05
1.74325e-05
1.49905e-05
1.23369e-05
9.88621e-06
9.49236e-06
8.43674e-06
8.22016e-06
1.78802e-05
2.34477e-05
1.44622e-05
1.66718e-05
3.08327e-05
3.05916e-05
2.14278e-05
2.21745e-05
2.51339e-05
2.6825e-05
2.86279e-05
1.93988e-05
1.58501e-05
1.66186e-05
1.56786e-05
1.49307e-05
1.55809e-05
1.57605e-05
1.10656e-05
1.36455e-05
2.91652e-05
3.53921e-05
3.18927e-05
4.0567e-05
4.13796e-05
5.95606e-05
6.9375e-05
6.26637e-05
4.81029e-05
3.0018e-05
2.72827e-05
2.46313e-05
1.51195e-05
1.33074e-05
1.34396e-05
1.62684e-05
1.71648e-05
1.51449e-05
1.47389e-05
1.30039e-05
8.58709e-05
0.000111995
0.000114048
6.97435e-05
7.12088e-05
6.11433e-05
5.29765e-05
6.65237e-05
8.82574e-05
4.19576e-05
2.85444e-05
2.22984e-05
1.92766e-05
1.49449e-05
1.63813e-05
2.18621e-05
2.05291e-05
1.6547e-05
1.49092e-05
3.66745e-05
5.82835e-05
5.22922e-05
6.589e-05
9.13016e-05
0.000106819
8.2844e-05
6.53607e-05
8.0477e-05
9.49357e-05
4.71308e-05
2.9751e-05
3.13156e-05
3.75221e-05
5.41703e-05
3.86732e-05
3.14113e-05
2.29915e-05
2.2619e-05
5.37324e-05
9.93313e-05
7.76824e-05
7.76855e-05
0.000106918
0.000122596
0.000128948
8.99569e-05
8.64918e-05
8.96267e-05
6.62823e-05
4.88799e-05
4.59933e-05
7.19675e-05
8.7024e-05
6.4906e-05
5.0487e-05
4.33343e-05
4.01266e-05
0.000135166
0.000170216
0.000109418
0.000120333
0.000147981
0.000164548
0.000157407
0.000122458
0.000110603
0.000114162
0.000135362
0.000151626
0.000179496
0.000176471
0.00016394
0.000138515
0.000149031
0.000196853
0.000234832
0.000269294
0.000188957
0.000114802
9.47598e-05
0.000116215
0.000137093
0.000138161
0.000116219
0.000116204
0.000123049
0.000137223
0.000156605
0.000188784
0.000200496
0.000206749
0.00021597
0.000235977
0.000253186
0.000255854
0.000244674
0.000182537
0.000109876
9.96741e-05
0.000105013
0.00011599
0.000121057
0.000122333
0.000115357
0.000116271
0.000128086
0.000144252
0.000162722
0.000180579
0.000196389
0.000212085
0.00023422
0.000257779
0.000266612
0.000246807
0.000208982
0.000155741
0.000111616
0.000105535
0.000107397
8.29743e-06
9.05313e-06
8.71479e-06
7.52261e-06
5.5682e-06
5.95727e-06
7.31205e-06
8.33642e-06
8.48651e-06
7.96108e-06
7.80406e-06
7.70733e-06
5.95489e-06
4.88852e-06
4.78409e-06
4.91327e-06
4.80807e-06
4.17499e-06
3.7725e-06
6.0696e-06
1.43534e-05
1.34142e-05
9.57951e-06
8.0654e-06
7.86482e-06
9.52345e-06
1.17569e-05
1.14716e-05
9.5537e-06
8.79677e-06
9.48912e-06
8.89857e-06
7.65107e-06
7.36699e-06
8.24641e-06
8.195e-06
6.53324e-06
5.80332e-06
7.37428e-06
1.20289e-05
2.70827e-05
2.15392e-05
1.74177e-05
1.28573e-05
1.03961e-05
9.3251e-06
9.49178e-06
8.08671e-06
9.74948e-06
1.18011e-05
1.16979e-05
1.09551e-05
9.50395e-06
1.0387e-05
1.26326e-05
1.22236e-05
9.59699e-06
1.41942e-05
1.96295e-05
2.53549e-05
2.56792e-05
2.28588e-05
1.93585e-05
1.6781e-05
2.40959e-05
2.22086e-05
1.46584e-05
1.67689e-05
2.11507e-05
2.68571e-05
3.05897e-05
2.21345e-05
1.4754e-05
1.1213e-05
1.12894e-05
1.55852e-05
2.30286e-05
2.42932e-05
2.86671e-05
2.74579e-05
2.96549e-05
2.52762e-05
2.12997e-05
1.77685e-05
2.61355e-05
3.57563e-05
2.84181e-05
2.86968e-05
2.89322e-05
2.40788e-05
2.39741e-05
2.10779e-05
1.76926e-05
1.38695e-05
2.26992e-05
2.97908e-05
4.21201e-05
4.94901e-05
4.34738e-05
3.80481e-05
4.19983e-05
2.99001e-05
2.64854e-05
2.52026e-05
2.88639e-05
4.30173e-05
4.14374e-05
3.1148e-05
2.78536e-05
2.76771e-05
2.81699e-05
2.87202e-05
2.52343e-05
2.88331e-05
4.23863e-05
3.88656e-05
3.80203e-05
3.69189e-05
4.08786e-05
4.72072e-05
4.04374e-05
3.39604e-05
5.21907e-05
4.09747e-05
3.68101e-05
3.97393e-05
3.83263e-05
3.12649e-05
3.64559e-05
3.7453e-05
3.71917e-05
3.18663e-05
3.99347e-05
4.71689e-05
3.7891e-05
3.20508e-05
2.65233e-05
2.61175e-05
3.35346e-05
4.96833e-05
5.497e-05
4.94712e-05
4.74065e-05
4.08734e-05
4.20558e-05
4.91962e-05
5.72264e-05
5.93269e-05
4.9733e-05
4.63176e-05
4.03147e-05
4.75505e-05
5.44268e-05
4.21177e-05
3.86288e-05
3.39982e-05
2.99378e-05
3.06193e-05
3.75074e-05
5.61031e-05
9.78363e-05
6.86936e-05
6.19671e-05
7.94133e-05
0.000117837
0.000122163
9.24664e-05
7.37991e-05
5.33969e-05
5.01253e-05
5.43029e-05
6.5295e-05
6.02663e-05
4.49574e-05
4.67583e-05
4.51203e-05
4.74915e-05
5.16774e-05
6.34485e-05
8.1621e-05
0.000144295
0.000143087
0.00014585
0.000167226
0.000169938
0.000109736
9.05877e-05
7.54648e-05
7.41124e-05
7.87988e-05
7.0594e-05
6.09224e-05
6.15243e-05
7.04998e-05
7.79957e-05
9.18544e-05
0.000101464
0.000127371
0.000147575
0.000156858
0.000172841
0.000159393
0.000158462
0.00015508
0.000120009
0.000106258
9.28002e-05
8.73523e-05
8.5521e-05
8.24642e-05
7.68536e-05
7.99944e-05
8.49635e-05
9.5923e-05
0.00010718
0.000117419
0.00013941
0.000163882
0.00017982
0.000175729
0.000183652
0.000163481
0.00014995
0.00013821
0.000116322
0.00010167
9.51212e-05
9.05489e-05
8.5531e-05
8.12622e-05
8.02031e-05
8.54909e-05
9.49007e-05
0.00010406
0.000113841
0.000129053
0.00015165
0.00017351
0.000182586
0.000187393
6.29705e-06
8.64353e-06
8.92105e-06
8.95902e-06
9.91704e-06
1.11983e-05
1.02354e-05
9.6325e-06
8.13978e-06
6.5211e-06
6.06772e-06
5.99242e-06
5.77099e-06
4.99515e-06
4.5633e-06
4.79639e-06
4.55032e-06
4.3118e-06
4.08812e-06
4.78879e-06
1.2136e-05
1.04696e-05
1.05701e-05
1.20059e-05
1.31349e-05
1.32777e-05
1.28548e-05
1.19483e-05
1.02672e-05
8.20906e-06
6.97836e-06
5.61606e-06
5.32159e-06
6.37281e-06
7.8027e-06
7.46103e-06
6.01389e-06
5.77997e-06
6.91293e-06
9.97714e-06
1.87271e-05
1.81966e-05
1.44412e-05
1.30691e-05
1.24051e-05
1.18057e-05
1.37839e-05
1.42411e-05
1.01995e-05
8.91223e-06
8.39852e-06
5.13576e-06
5.85023e-06
1.592e-05
1.67944e-05
1.20717e-05
9.08381e-06
1.03147e-05
1.31225e-05
1.9936e-05
2.65608e-05
3.00831e-05
2.71681e-05
1.9106e-05
1.71842e-05
1.65379e-05
1.60021e-05
1.24908e-05
1.40146e-05
1.6514e-05
1.0177e-05
6.93005e-06
1.30441e-05
1.58771e-05
1.88395e-05
1.86543e-05
2.13221e-05
2.31773e-05
2.48243e-05
2.88063e-05
2.80365e-05
2.70573e-05
2.44803e-05
2.2369e-05
2.54098e-05
2.60019e-05
1.75427e-05
1.46196e-05
2.15234e-05
2.40545e-05
2.04051e-05
1.87182e-05
2.21522e-05
2.08855e-05
2.42879e-05
2.48442e-05
2.23988e-05
2.9592e-05
3.0644e-05
3.03306e-05
3.75284e-05
2.78659e-05
2.38518e-05
3.05964e-05
3.29729e-05
3.68304e-05
3.25244e-05
2.99662e-05
2.33124e-05
2.70788e-05
3.77995e-05
3.22644e-05
2.6992e-05
2.46087e-05
2.61327e-05
2.19818e-05
1.84685e-05
3.30453e-05
4.63194e-05
4.47028e-05
5.78488e-05
3.53094e-05
3.04995e-05
3.18347e-05
3.4292e-05
3.2407e-05
3.24464e-05
3.72207e-05
3.32649e-05
3.21206e-05
3.04882e-05
3.08018e-05
2.89735e-05
2.88362e-05
3.27494e-05
3.56879e-05
4.61888e-05
6.17758e-05
5.67855e-05
4.38285e-05
6.8434e-05
5.29707e-05
5.01253e-05
6.28868e-05
7.51348e-05
8.51158e-05
8.74866e-05
6.80726e-05
4.73551e-05
4.26123e-05
4.64771e-05
4.79762e-05
4.64701e-05
4.71214e-05
5.88719e-05
8.96234e-05
8.10993e-05
8.15217e-05
6.73474e-05
7.14594e-05
9.03989e-05
8.97575e-05
9.60689e-05
0.000111833
0.000128441
0.000119217
9.41903e-05
7.28099e-05
7.17215e-05
7.41343e-05
7.68158e-05
8.07617e-05
8.80868e-05
0.000105899
0.000121893
0.000108746
9.25063e-05
0.000103407
0.000108042
0.000122002
0.000101921
0.000103427
9.55332e-05
8.61727e-05
8.44946e-05
8.76118e-05
9.74094e-05
0.000106966
0.000109177
0.000113158
0.000117452
0.000127358
0.000130624
0.000129633
0.000115969
9.25016e-05
0.000105437
0.000140959
0.000166059
0.000144734
0.000103306
8.81673e-05
8.58979e-05
8.90014e-05
9.65394e-05
0.000102107
0.000111851
0.000114171
0.000118432
0.000123384
0.000125552
0.000123802
0.000118972
0.000102559
8.9569e-05
8.86447e-05
0.000105792
0.000141144
0.0001743
0.000118344
0.000109843
9.26363e-05
8.67256e-05
9.15174e-05
9.83223e-05
0.000105029
0.000111252
0.000115815
0.000118841
0.000122665
0.000124351
0.000119647
0.0001104
9.90076e-05
8.95882e-05
9.13716e-05
0.000108719
0.000137101
0.000152908
0.00012801
6.998e-06
1.0467e-05
1.08137e-05
1.00576e-05
1.05844e-05
1.21608e-05
1.20362e-05
1.13739e-05
9.08543e-06
5.94889e-06
5.33452e-06
5.72747e-06
5.94312e-06
5.32662e-06
4.55605e-06
4.56725e-06
4.43884e-06
4.14657e-06
4.18817e-06
4.00739e-06
9.26945e-06
9.35546e-06
1.09441e-05
1.09099e-05
9.95672e-06
1.10285e-05
1.30435e-05
1.26992e-05
9.65431e-06
7.81853e-06
5.28538e-06
4.5355e-06
5.17963e-06
5.47661e-06
6.00054e-06
5.94848e-06
5.94558e-06
6.11009e-06
6.53503e-06
9.65617e-06
1.1413e-05
1.18563e-05
1.14938e-05
1.1392e-05
1.17535e-05
1.12739e-05
1.04321e-05
1.09046e-05
9.80589e-06
7.9647e-06
6.40791e-06
5.26157e-06
5.40879e-06
1.36237e-05
1.41128e-05
1.30353e-05
8.31104e-06
7.10381e-06
9.41811e-06
1.26282e-05
1.63585e-05
2.81043e-05
3.1508e-05
2.51546e-05
2.10658e-05
1.78565e-05
1.58815e-05
1.39874e-05
1.34139e-05
1.13947e-05
9.16141e-06
6.37424e-06
1.39986e-05
1.73527e-05
1.74122e-05
1.63176e-05
1.47894e-05
1.38919e-05
1.87841e-05
1.96721e-05
2.17534e-05
2.77198e-05
2.73238e-05
2.92733e-05
3.5673e-05
3.59957e-05
2.4593e-05
1.99915e-05
1.87638e-05
1.7025e-05
1.02999e-05
1.06232e-05
1.45474e-05
1.36687e-05
1.44092e-05
1.65356e-05
1.70575e-05
1.59085e-05
1.96908e-05
2.47554e-05
2.05033e-05
2.69774e-05
2.43809e-05
2.44872e-05
2.54136e-05
3.47639e-05
3.52005e-05
2.97037e-05
1.91032e-05
1.91486e-05
2.23271e-05
2.01153e-05
1.42822e-05
1.23149e-05
1.21332e-05
1.19377e-05
1.12379e-05
1.22083e-05
1.73978e-05
2.26226e-05
3.1369e-05
3.53136e-05
2.97834e-05
2.87302e-05
2.84358e-05
2.9318e-05
3.28381e-05
3.22177e-05
2.84681e-05
3.19361e-05
3.09024e-05
1.99639e-05
1.34924e-05
1.24018e-05
1.24107e-05
1.21016e-05
1.45364e-05
1.70977e-05
1.74252e-05
1.59605e-05
5.17484e-05
5.364e-05
4.29925e-05
4.44973e-05
5.15206e-05
6.16235e-05
7.02465e-05
6.21998e-05
5.29853e-05
4.2189e-05
3.79963e-05
3.40991e-05
2.83322e-05
2.59691e-05
2.60917e-05
3.8206e-05
3.38322e-05
3.34178e-05
3.47437e-05
2.53802e-05
0.000103662
7.45416e-05
6.22529e-05
5.90046e-05
5.92332e-05
6.27481e-05
6.73205e-05
6.70205e-05
7.11465e-05
7.20073e-05
7.71351e-05
8.03167e-05
7.40713e-05
7.91997e-05
8.71129e-05
0.000102762
9.46543e-05
0.000121535
0.00010825
0.00010206
0.00010853
8.38108e-05
8.25203e-05
8.66059e-05
9.69231e-05
0.000116334
0.000131507
0.00014079
0.000153654
0.000158031
0.000155305
0.000155622
0.000162909
0.000175436
0.000183788
0.000166116
0.000169549
0.000182973
0.000240737
0.000328338
0.000120209
0.00011277
0.000117056
0.000131349
0.000149308
0.00015453
0.000165355
0.000168878
0.000172442
0.000175062
0.000180414
0.00018771
0.000192931
0.00019341
0.000188243
0.000184276
0.000209026
0.00027572
0.00037423
0.000274924
0.00014508
0.000130916
0.000133219
0.000147305
0.000158232
0.000163101
0.000166969
0.000170825
0.000172481
0.000178099
0.000188234
0.000194702
0.000195045
0.000191221
0.000186473
0.000195811
0.000237556
0.000310688
0.000334935
0.000216002
8.69378e-06
1.01187e-05
1.11291e-05
9.61814e-06
7.21388e-06
1.53758e-05
2.25813e-05
2.04832e-05
1.02709e-05
6.17498e-06
4.98379e-06
4.75675e-06
5.30486e-06
4.501e-06
4.25734e-06
3.83665e-06
3.58839e-06
4.09358e-06
2.92821e-06
3.10744e-06
1.20705e-05
7.95694e-06
8.03781e-06
1.1802e-05
1.19832e-05
1.44428e-05
1.48134e-05
1.46004e-05
1.32062e-05
7.9614e-06
7.07112e-06
5.40932e-06
5.33513e-06
6.09837e-06
7.04335e-06
6.51765e-06
6.47146e-06
6.05143e-06
5.15351e-06
1.00763e-05
6.69037e-06
6.93873e-06
9.76183e-06
1.16727e-05
1.17905e-05
1.39625e-05
1.59425e-05
1.21467e-05
1.50869e-05
9.76084e-06
6.09257e-06
6.67868e-06
7.82011e-06
8.46846e-06
7.12626e-06
6.70161e-06
6.72379e-06
8.34698e-06
8.46377e-06
7.62803e-06
9.68459e-06
1.32321e-05
1.49279e-05
1.54773e-05
1.30409e-05
1.50362e-05
1.60381e-05
1.38072e-05
8.53792e-06
5.98828e-06
7.67327e-06
1.05559e-05
1.3245e-05
1.19996e-05
1.08654e-05
8.09032e-06
7.3945e-06
7.35445e-06
6.30602e-06
9.75937e-06
1.30366e-05
1.55235e-05
2.00973e-05
3.15095e-05
3.24427e-05
3.23568e-05
2.77417e-05
2.33264e-05
1.28811e-05
9.41849e-06
7.51156e-06
1.01038e-05
1.35933e-05
1.37074e-05
1.06676e-05
9.87656e-06
8.87161e-06
7.49337e-06
8.48249e-06
1.35995e-05
1.18314e-05
1.56279e-05
2.03472e-05
2.29825e-05
2.38492e-05
2.01697e-05
1.93176e-05
2.03352e-05
1.57241e-05
1.20989e-05
1.14131e-05
1.30806e-05
1.31842e-05
1.28724e-05
1.07026e-05
9.68199e-06
8.7531e-06
9.08763e-06
1.00771e-05
1.42799e-05
8.43373e-06
1.48217e-05
2.05407e-05
1.84098e-05
1.95344e-05
1.60677e-05
1.83311e-05
1.68649e-05
1.95912e-05
1.88269e-05
1.43381e-05
1.4673e-05
1.43549e-05
1.43649e-05
1.41865e-05
1.07962e-05
1.20689e-05
1.27709e-05
1.30258e-05
1.44567e-05
1.39268e-05
2.42396e-05
2.49575e-05
2.81239e-05
2.01089e-05
1.72224e-05
2.01007e-05
1.50121e-05
1.55952e-05
2.33081e-05
2.27265e-05
3.05061e-05
3.03919e-05
1.75831e-05
1.53159e-05
1.65603e-05
2.34027e-05
2.23146e-05
1.90696e-05
2.11962e-05
6.45517e-05
7.08217e-05
8.07665e-05
6.70158e-05
4.38308e-05
3.82429e-05
2.79212e-05
2.91918e-05
3.90724e-05
2.6826e-05
3.95921e-05
5.9403e-05
5.35609e-05
4.01067e-05
4.0437e-05
5.38929e-05
5.4323e-05
3.94088e-05
6.47836e-05
9.68809e-05
0.000212728
0.000214536
0.000175592
0.000159147
0.000154041
0.000158618
0.000176276
0.000189833
0.000190256
0.000196349
0.00019206
0.000177986
0.000181589
0.000193426
0.000212486
0.000222321
0.000215479
0.000257768
0.000254042
0.000220327
0.000266471
0.000226936
0.00020852
0.000238871
0.000251684
0.000264469
0.000289245
0.000234639
0.00027441
0.000261844
0.000255456
0.000260911
0.000268546
0.000287789
0.000310116
0.000330002
0.000345146
0.00036621
0.00025439
0.000263176
0.00027244
0.00025466
0.000249922
0.000266487
0.000289761
0.000307849
0.000312524
0.000302421
0.00028345
0.000273518
0.000275983
0.00028366
0.000296899
0.000309661
0.000313613
0.000309991
0.000287585
0.000267538
0.000254822
0.000267552
6.09587e-06
8.80918e-06
1.31164e-05
1.25206e-05
1.24445e-05
1.55894e-05
2.01694e-05
2.19774e-05
1.67567e-05
9.80651e-06
8.40688e-06
6.71727e-06
5.8901e-06
5.30247e-06
5.35692e-06
4.91789e-06
3.87724e-06
3.96953e-06
4.29898e-06
4.97e-06
1.42726e-05
1.51962e-05
1.27915e-05
1.23052e-05
1.3037e-05
1.45777e-05
1.59385e-05
1.44631e-05
1.42874e-05
1.6224e-05
1.49005e-05
9.10284e-06
6.18006e-06
6.58678e-06
7.24052e-06
6.0051e-06
4.87003e-06
4.49323e-06
6.64445e-06
1.271e-05
1.99463e-05
1.35997e-05
1.48624e-05
1.34778e-05
1.26112e-05
1.68681e-05
1.83286e-05
1.74516e-05
1.57015e-05
1.45636e-05
1.1478e-05
5.91977e-06
7.61759e-06
1.01263e-05
1.15381e-05
1.00204e-05
9.26966e-06
7.15408e-06
5.45711e-06
1.67961e-05
3.60282e-05
3.31365e-05
1.88292e-05
1.36648e-05
1.32768e-05
1.99593e-05
2.24138e-05
2.1632e-05
1.43164e-05
8.2855e-06
9.24938e-06
1.2618e-05
1.57097e-05
1.54529e-05
1.0186e-05
8.80947e-06
8.42286e-06
7.52744e-06
1.26931e-05
3.27698e-05
3.89394e-05
3.00302e-05
1.83424e-05
1.38982e-05
1.54602e-05
2.15703e-05
2.20065e-05
1.67736e-05
1.39734e-05
9.43136e-06
1.19885e-05
1.99216e-05
1.68544e-05
1.27882e-05
1.05624e-05
9.53725e-06
1.22978e-05
1.75918e-05
3.20699e-05
3.29929e-05
2.06882e-05
1.82747e-05
1.82097e-05
1.70359e-05
1.68751e-05
2.0736e-05
1.94354e-05
1.80108e-05
1.61259e-05
1.11808e-05
1.24579e-05
1.60975e-05
1.18318e-05
1.17361e-05
1.35206e-05
1.48954e-05
1.65783e-05
1.82055e-05
2.7921e-05
2.5519e-05
1.55453e-05
1.52644e-05
1.65288e-05
1.66676e-05
1.85042e-05
3.55045e-05
3.88119e-05
2.43288e-05
1.78426e-05
1.59777e-05
1.73191e-05
1.64824e-05
1.2993e-05
1.34134e-05
1.99817e-05
2.05562e-05
1.70482e-05
1.93377e-05
2.1345e-05
1.72837e-05
1.39259e-05
1.17196e-05
1.73708e-05
4.54141e-05
8.62705e-05
9.14748e-05
6.1412e-05
3.17714e-05
2.03907e-05
2.28042e-05
2.87424e-05
3.10102e-05
1.9229e-05
1.59035e-05
2.00708e-05
2.28183e-05
3.50651e-05
3.10144e-05
2.38293e-05
2.01197e-05
6.11232e-05
7.56796e-05
0.000127017
0.000163161
0.000136167
9.36245e-05
5.49757e-05
3.97222e-05
3.75108e-05
4.69567e-05
7.20501e-05
6.20138e-05
4.11106e-05
4.39519e-05
6.57071e-05
7.80292e-05
7.85842e-05
5.32699e-05
4.84841e-05
5.79632e-05
0.000236217
0.000222214
0.000177906
0.000109331
0.00010108
0.000107718
0.000120356
0.000126709
0.00016312
0.000216259
0.000213354
0.000206339
0.000224436
0.000224704
0.000197118
0.000167419
0.000158535
0.000166893
0.000228955
0.000242879
0.000212333
0.000167812
0.000131576
0.000119776
0.00013857
0.000153752
0.000184088
0.00022603
0.00026932
0.000241574
0.000229585
0.00024638
0.000250266
0.000239015
0.000231894
0.000241311
0.000260764
0.000304312
0.000283222
0.000258955
0.000185919
0.00015005
0.000129851
0.000129255
0.000144199
0.000171444
0.000212635
0.000269106
0.000289061
0.00024909
0.000227686
0.000235483
0.000241939
0.000239626
0.000248692
0.000271527
0.000292418
0.00031605
0.000294107
0.000237687
7.04663e-06
1.08155e-05
1.26676e-05
1.2364e-05
1.10559e-05
1.28836e-05
1.89904e-05
1.92955e-05
1.63436e-05
1.34094e-05
1.11037e-05
6.89784e-06
6.09354e-06
5.97096e-06
5.44852e-06
4.25469e-06
3.70196e-06
4.73905e-06
6.01847e-06
7.29725e-06
1.73219e-05
1.90949e-05
1.59327e-05
1.38366e-05
1.39025e-05
1.54207e-05
1.62049e-05
1.35317e-05
1.35599e-05
1.58474e-05
1.75892e-05
1.03565e-05
7.18083e-06
6.54919e-06
6.90589e-06
6.38622e-06
4.40312e-06
4.9579e-06
8.98847e-06
1.29414e-05
2.88522e-05
3.05972e-05
2.08364e-05
1.5748e-05
1.69589e-05
1.92434e-05
1.83531e-05
1.56668e-05
1.45195e-05
1.55149e-05
1.40532e-05
1.04098e-05
7.79394e-06
1.24295e-05
1.23046e-05
1.1447e-05
1.10614e-05
7.85306e-06
7.29517e-06
1.95953e-05
4.99684e-05
4.10293e-05
1.74337e-05
1.35271e-05
1.57076e-05
1.95828e-05
1.88282e-05
1.94643e-05
1.63249e-05
1.16911e-05
1.15064e-05
1.26937e-05
1.84903e-05
1.82127e-05
1.61101e-05
1.71976e-05
1.90738e-05
1.54077e-05
2.82756e-05
4.36426e-05
2.9268e-05
2.29713e-05
1.85227e-05
1.56189e-05
1.62258e-05
2.1474e-05
2.30671e-05
2.01503e-05
1.3673e-05
8.8993e-06
1.24626e-05
2.1688e-05
2.00074e-05
1.56768e-05
1.87692e-05
2.2392e-05
2.36653e-05
4.3808e-05
4.22732e-05
2.43675e-05
2.31524e-05
2.44929e-05
2.13895e-05
1.89159e-05
1.80134e-05
2.10113e-05
1.98936e-05
1.61878e-05
1.45431e-05
1.00917e-05
1.35847e-05
1.83222e-05
1.52295e-05
1.63171e-05
2.01883e-05
2.22303e-05
2.46028e-05
2.76802e-05
2.75476e-05
1.96415e-05
2.11713e-05
2.47695e-05
2.34387e-05
2.11331e-05
2.17821e-05
2.64799e-05
2.85906e-05
2.38946e-05
1.83927e-05
1.32106e-05
1.60791e-05
1.44556e-05
1.19821e-05
2.09674e-05
2.44504e-05
2.38641e-05
2.2972e-05
2.3653e-05
2.37693e-05
2.04526e-05
1.69309e-05
2.08303e-05
2.4466e-05
3.55572e-05
7.86262e-05
7.84038e-05
4.62543e-05
2.5255e-05
1.53514e-05
1.46112e-05
1.79304e-05
1.79178e-05
2.09141e-05
2.65121e-05
2.89012e-05
2.95407e-05
3.25151e-05
2.99647e-05
3.21663e-05
2.35664e-05
6.04804e-05
7.15089e-05
0.000115294
0.000141105
0.000132918
8.09978e-05
6.12603e-05
3.80712e-05
1.87359e-05
2.37142e-05
3.98331e-05
6.29485e-05
7.99535e-05
7.36743e-05
6.46465e-05
8.02588e-05
8.85273e-05
6.91092e-05
7.1289e-05
7.27692e-05
0.000206628
0.000202502
0.000181311
0.000134824
0.000128797
0.000158229
0.000161957
0.000142336
0.000143258
0.00021122
0.000236093
0.000193368
0.000165014
0.000156267
0.000153504
0.000158272
0.000156977
0.00016646
0.000179368
0.00019857
0.000210853
0.000186339
0.00017242
0.000171625
0.000202836
0.000218653
0.000261719
0.000354121
0.000375597
0.000305733
0.000250222
0.000196526
0.000184217
0.00019132
0.000204254
0.000211022
0.000214544
0.000216605
0.000215381
0.000214772
0.000202128
0.000190297
0.00018296
0.000192526
0.000211639
0.000238205
0.000308624
0.000414827
0.000431425
0.000324482
0.00023511
0.000192932
0.000189468
0.000198996
0.000215632
0.000229329
0.000229366
0.000228605
0.000222323
0.000211002
9.27891e-06
1.11591e-05
9.66791e-06
1.1058e-05
1.00159e-05
1.05168e-05
1.05443e-05
8.12214e-06
1.03817e-05
1.62264e-05
1.45118e-05
9.14108e-06
6.32856e-06
5.14349e-06
4.38775e-06
4.2028e-06
3.29875e-06
6.11296e-06
9.28179e-06
1.01982e-05
1.66894e-05
1.80535e-05
1.7095e-05
1.52941e-05
1.35083e-05
1.42519e-05
1.34583e-05
1.06976e-05
1.28997e-05
1.71525e-05
2.0154e-05
1.49035e-05
8.52591e-06
5.98117e-06
5.93919e-06
5.80889e-06
7.13329e-06
9.68078e-06
1.75792e-05
1.28903e-05
2.79232e-05
2.14085e-05
1.63332e-05
1.87594e-05
2.11879e-05
2.06383e-05
1.79047e-05
1.6013e-05
1.55832e-05
1.5202e-05
2.05034e-05
2.35492e-05
2.14235e-05
2.38399e-05
2.11248e-05
2.86146e-05
3.95392e-05
3.72254e-05
2.52961e-05
2.77966e-05
2.86259e-05
1.93296e-05
1.71708e-05
1.75064e-05
1.79241e-05
1.82868e-05
1.81086e-05
1.90977e-05
1.78555e-05
1.78646e-05
2.14291e-05
2.76041e-05
2.70491e-05
2.30526e-05
2.59489e-05
2.90239e-05
3.13093e-05
6.15644e-05
6.66402e-05
4.96351e-05
2.54812e-05
3.05674e-05
2.43284e-05
2.4159e-05
2.01482e-05
2.30535e-05
2.26149e-05
1.84689e-05
1.21148e-05
2.25802e-05
2.45868e-05
2.51323e-05
2.53165e-05
2.17624e-05
2.43673e-05
2.43005e-05
2.36376e-05
2.47568e-05
2.41013e-05
2.01763e-05
2.57387e-05
3.05633e-05
2.85289e-05
2.7715e-05
3.02814e-05
3.09067e-05
2.46893e-05
1.73561e-05
1.14291e-05
3.13436e-05
2.52905e-05
2.1274e-05
1.80866e-05
4.45361e-05
3.27308e-05
3.22079e-05
3.12508e-05
2.27534e-05
1.84232e-05
2.15397e-05
3.02705e-05
2.96871e-05
2.51714e-05
3.01769e-05
3.95934e-05
3.47601e-05
2.00005e-05
1.46195e-05
2.75144e-05
1.69978e-05
2.19629e-05
3.70827e-05
3.87847e-05
4.67477e-05
4.89994e-05
4.30214e-05
3.19432e-05
2.90473e-05
3.85476e-05
3.32588e-05
3.28375e-05
2.7895e-05
2.6029e-05
3.27484e-05
4.52724e-05
3.11274e-05
4.14543e-05
2.98026e-05
5.05301e-05
3.78135e-05
3.3547e-05
3.41565e-05
1.62606e-05
6.86599e-05
7.17653e-05
5.94374e-05
4.42512e-05
4.18651e-05
4.44401e-05
3.87128e-05
4.87428e-05
4.07443e-05
4.9025e-05
6.1981e-05
8.35933e-05
6.33072e-05
6.55997e-05
7.85483e-05
7.69778e-05
3.69443e-05
3.62897e-05
9.5338e-05
7.25727e-05
0.000121448
8.99666e-05
6.08446e-05
4.33525e-05
4.34712e-05
4.68235e-05
4.07879e-05
0.000167679
0.000170089
0.00017404
0.000184338
0.000172083
0.00020312
0.000197433
0.000117061
0.000146708
0.000139605
0.000234204
0.000287865
0.000264661
0.000162838
0.000127382
7.41803e-05
8.96992e-05
0.000145551
0.000162744
0.00016491
0.000218968
0.000217897
0.000247344
0.000246195
0.000243148
0.000234297
0.000208343
0.000243728
0.000282466
0.000414232
0.00034822
0.000174046
0.00021481
9.601e-05
9.45774e-05
0.000153658
0.000119692
0.000146835
0.000166703
0.000211887
0.000231561
0.000253502
0.000266862
0.000255988
0.000248343
0.000233743
0.000214386
0.000289386
0.000401794
0.000504817
0.000488686
0.000298082
0.000187089
0.000154844
0.000155278
0.000167141
0.000181333
0.000199049
0.000209506
0.000215849
7.21498e-06
5.79274e-06
5.37142e-06
5.38289e-06
6.36695e-06
7.49082e-06
6.15597e-06
6.12613e-06
9.75022e-06
1.59396e-05
1.68907e-05
9.2745e-06
5.84424e-06
4.38286e-06
3.91598e-06
3.64133e-06
2.83803e-06
3.76605e-06
9.47444e-06
1.00947e-05
9.41584e-06
8.54259e-06
1.13032e-05
1.25088e-05
1.08845e-05
1.08548e-05
7.85407e-06
1.07191e-05
1.41117e-05
1.72888e-05
2.07999e-05
1.43439e-05
7.37114e-06
5.34777e-06
5.26408e-06
4.97012e-06
2.80184e-06
4.93281e-06
1.89607e-05
1.42666e-05
1.52882e-05
1.19619e-05
1.21848e-05
1.2571e-05
1.35127e-05
1.51656e-05
1.47389e-05
1.16478e-05
1.22134e-05
1.68897e-05
2.12207e-05
2.15084e-05
1.64117e-05
1.67691e-05
1.50347e-05
2.31179e-05
2.88535e-05
3.17599e-05
2.67715e-05
2.086e-05
2.47506e-05
2.43365e-05
2.50584e-05
2.18777e-05
2.1124e-05
1.87311e-05
1.40815e-05
1.2439e-05
1.43175e-05
1.49397e-05
2.19266e-05
2.16111e-05
1.96176e-05
1.7537e-05
1.64476e-05
2.23223e-05
2.69999e-05
3.028e-05
2.92403e-05
2.44914e-05
3.92558e-05
4.28936e-05
3.85699e-05
2.74501e-05
2.32193e-05
1.95857e-05
2.32581e-05
2.22376e-05
2.31359e-05
2.45927e-05
2.62048e-05
3.1991e-05
3.84468e-05
3.40275e-05
1.9474e-05
2.69545e-05
4.31609e-05
3.4724e-05
2.54862e-05
3.03712e-05
4.70771e-05
4.25905e-05
3.01672e-05
2.43811e-05
2.22902e-05
2.04112e-05
2.83557e-05
3.8208e-05
5.01481e-05
4.75482e-05
5.03638e-05
4.8181e-05
4.34458e-05
5.9528e-05
5.56242e-05
3.73168e-05
1.90212e-05
1.4731e-05
2.02168e-05
4.13759e-05
2.80992e-05
2.88138e-05
3.80252e-05
4.90527e-05
5.22659e-05
3.81963e-05
3.42449e-05
6.21207e-05
5.29818e-05
5.10601e-05
5.13336e-05
5.00304e-05
4.11629e-05
3.25514e-05
2.99231e-05
2.32308e-05
1.65807e-05
3.61571e-05
4.47446e-05
3.00672e-05
3.12798e-05
3.21343e-05
5.54751e-05
7.41403e-05
5.95356e-05
5.43918e-05
6.38504e-05
6.20357e-05
5.04697e-05
4.8471e-05
5.40331e-05
6.36238e-05
5.43109e-05
4.22896e-05
3.82506e-05
4.02489e-05
5.15211e-05
7.10454e-05
4.72025e-05
3.60728e-05
5.25371e-05
5.89353e-05
6.75518e-05
7.47176e-05
9.62513e-05
0.000103878
7.9158e-05
5.41458e-05
5.24234e-05
6.27641e-05
7.16167e-05
8.23404e-05
7.35761e-05
6.10521e-05
6.07891e-05
8.76176e-05
7.06995e-05
4.27283e-05
4.2738e-05
4.93831e-05
7.65072e-05
8.4034e-05
0.000104087
0.000123216
0.000117202
7.72899e-05
6.63824e-05
6.37703e-05
7.14349e-05
9.80956e-05
0.000103589
9.03439e-05
7.69562e-05
7.92085e-05
8.25064e-05
6.53472e-05
4.59639e-05
4.72737e-05
5.67643e-05
6.81094e-05
9.10297e-05
0.000100394
0.00010302
9.50354e-05
8.0032e-05
7.5935e-05
7.16514e-05
7.45955e-05
8.85133e-05
0.000104874
0.000103561
9.0759e-05
8.31684e-05
7.6371e-05
6.45314e-05
5.28333e-05
5.19334e-05
6.10994e-05
7.12593e-05
7.83274e-05
9.64791e-05
0.000101734
9.55168e-05
8.49365e-05
7.93469e-05
7.67585e-05
7.54217e-05
7.9464e-05
9.09412e-05
0.000103246
0.000102868
9.5562e-05
8.55288e-05
7.22248e-05
5.89844e-05
5.34373e-05
5.60371e-05
6.18454e-05
7.08628e-05
8.28845e-05
)
;

boundaryField
{
    bottomWall
    {
        type            fixedValue;
        value           uniform 0;
    }
    topWall
    {
        type            fixedValue;
        value           uniform 0;
    }
    sides1_half0
    {
        type            cyclic;
    }
    sides1_half1
    {
        type            cyclic;
    }
    sides2_half0
    {
        type            cyclic;
    }
    sides2_half1
    {
        type            cyclic;
    }
    inout1_half0
    {
        type            cyclic;
    }
    inout1_half1
    {
        type            cyclic;
    }
    inout2_half0
    {
        type            cyclic;
    }
    inout2_half1
    {
        type            cyclic;
    }
}


// ************************************************************************* //
