/*--------------------------------*- C++ -*----------------------------------*\
| =========                 |                                                 |
| \\      /  F ield         | OpenFOAM: The Open Source CFD Toolbox           |
|  \\    /   O peration     | Version:  5.0                                   |
|   \\  /    A nd           | Web:      www.OpenFOAM.org                      |
|    \\/     M anipulation  |                                                 |
\*---------------------------------------------------------------------------*/
FoamFile
{
    version     2.0;
    format      ascii;
    class       volScalarField;
    location    "0";
    object      nut;
}
// * * * * * * * * * * * * * * * * * * * * * * * * * * * * * * * * * * * * * //

dimensions      [0 2 -1 0 0 0 0];

internalField   nonuniform List<scalar> 
7200
(
6.49359e-05
6.41151e-05
5.88562e-05
4.93691e-05
4.07027e-05
3.70614e-05
3.69933e-05
3.96113e-05
4.43777e-05
5.07609e-05
5.71466e-05
5.92472e-05
5.40777e-05
4.58686e-05
4.08206e-05
4.20902e-05
4.82795e-05
5.50253e-05
6.05742e-05
6.38419e-05
6.29486e-05
6.30986e-05
6.05027e-05
5.09676e-05
4.10555e-05
3.76547e-05
3.62352e-05
3.78041e-05
4.39532e-05
5.03684e-05
5.4462e-05
5.91713e-05
5.73386e-05
4.99573e-05
4.27788e-05
4.07253e-05
4.85844e-05
5.30506e-05
5.91918e-05
6.28743e-05
4.6745e-05
4.73365e-05
5.15137e-05
5.51626e-05
4.95843e-05
3.76338e-05
3.30302e-05
3.20638e-05
3.25927e-05
3.51328e-05
3.99626e-05
4.78222e-05
5.36491e-05
5.16218e-05
4.90736e-05
4.23699e-05
3.91541e-05
4.55729e-05
4.91569e-05
5.00172e-05
1.8871e-05
1.49078e-05
1.72994e-05
2.01795e-05
2.87668e-05
3.88475e-05
3.74134e-05
2.60836e-05
2.35681e-05
2.25477e-05
2.22059e-05
1.95438e-05
1.80245e-05
1.9008e-05
2.40124e-05
3.93079e-05
3.94537e-05
3.30306e-05
3.04065e-05
2.39538e-05
1.52789e-05
1.45199e-05
1.24648e-05
1.28587e-05
1.27211e-05
1.59427e-05
3.06965e-05
3.05594e-05
2.43454e-05
2.55608e-05
2.68314e-05
2.05772e-05
1.7539e-05
1.62662e-05
1.86678e-05
2.06434e-05
2.74487e-05
3.01546e-05
2.50066e-05
2.09855e-05
1.54681e-05
1.22424e-05
1.13377e-05
1.21374e-05
1.26813e-05
1.26789e-05
1.85883e-05
2.26299e-05
2.10494e-05
2.14944e-05
2.68208e-05
2.35366e-05
1.9987e-05
1.76553e-05
1.96486e-05
2.02899e-05
1.8853e-05
2.19426e-05
2.42342e-05
2.01602e-05
1.88275e-05
1.33148e-05
1.17275e-05
1.25461e-05
1.30855e-05
1.39443e-05
1.63378e-05
1.77879e-05
1.84645e-05
1.64026e-05
1.63543e-05
2.25243e-05
2.11321e-05
1.80225e-05
1.77384e-05
1.93423e-05
1.78865e-05
1.4986e-05
1.91226e-05
2.14791e-05
2.03496e-05
1.54521e-05
1.28815e-05
1.28755e-05
1.3256e-05
1.40314e-05
1.55989e-05
1.74887e-05
1.76449e-05
1.681e-05
1.48843e-05
1.92446e-05
2.03011e-05
1.89185e-05
1.5841e-05
1.50116e-05
1.56828e-05
1.45045e-05
1.65944e-05
1.98351e-05
1.47737e-05
1.49221e-05
1.39407e-05
1.25048e-05
1.15616e-05
1.41997e-05
1.74858e-05
1.70637e-05
1.66724e-05
1.75718e-05
1.49627e-05
1.70238e-05
2.08487e-05
2.0583e-05
1.71055e-05
1.56651e-05
1.63609e-05
1.74117e-05
1.61768e-05
1.43488e-05
1.12712e-05
1.16149e-05
1.28604e-05
1.23269e-05
1.05495e-05
1.30694e-05
1.60641e-05
1.66294e-05
1.66078e-05
1.63331e-05
1.3248e-05
1.58264e-05
2.11237e-05
2.28873e-05
1.89541e-05
1.5655e-05
1.56053e-05
1.7213e-05
1.70232e-05
1.39179e-05
1.37099e-05
1.39317e-05
1.46945e-05
1.4142e-05
1.35807e-05
1.26494e-05
1.2436e-05
1.56659e-05
1.67039e-05
1.60616e-05
1.37711e-05
1.21336e-05
1.64118e-05
1.7363e-05
1.6184e-05
1.5137e-05
1.51539e-05
1.51931e-05
1.51064e-05
1.45454e-05
1.32314e-05
1.47422e-05
1.51324e-05
1.4003e-05
1.36545e-05
1.36591e-05
1.33688e-05
1.29954e-05
1.31993e-05
1.23889e-05
1.10809e-05
9.91504e-06
1.45224e-05
1.74401e-05
1.50193e-05
1.10189e-05
1.06326e-05
1.09512e-05
1.13158e-05
1.2599e-05
4.53221e-05
4.59248e-05
4.28845e-05
4.03761e-05
3.97466e-05
4.09125e-05
4.41188e-05
4.90925e-05
5.36662e-05
5.59879e-05
5.61953e-05
5.43022e-05
4.94031e-05
4.13548e-05
3.27968e-05
2.87065e-05
2.9191e-05
3.15068e-05
3.5218e-05
4.05374e-05
3.59966e-05
3.69052e-05
4.64367e-05
3.6416e-05
3.74459e-05
4.08723e-05
4.23199e-05
4.79393e-05
5.06439e-05
5.83338e-05
5.5986e-05
5.51986e-05
5.36592e-05
4.40491e-05
3.04212e-05
2.91932e-05
2.65542e-05
2.67666e-05
2.76238e-05
4.03243e-05
4.30927e-05
4.78923e-05
3.97026e-05
3.84806e-05
3.78158e-05
3.69463e-05
3.63781e-05
3.54617e-05
3.71262e-05
4.09489e-05
4.86494e-05
5.2232e-05
5.36304e-05
5.38255e-05
3.52525e-05
3.5178e-05
2.66037e-05
2.62395e-05
2.62558e-05
3.08869e-05
2.83619e-05
3.12155e-05
3.3673e-05
3.57229e-05
3.71673e-05
3.84565e-05
3.5197e-05
2.28641e-05
1.68703e-05
1.80353e-05
1.81641e-05
1.727e-05
1.64659e-05
1.87805e-05
3.73742e-05
3.97185e-05
2.69274e-05
2.69358e-05
2.54494e-05
2.49356e-05
2.4653e-05
2.53757e-05
2.58285e-05
1.79621e-05
1.73557e-05
1.93462e-05
2.52562e-05
2.3475e-05
1.95775e-05
2.0285e-05
2.17754e-05
1.67707e-05
1.37817e-05
1.26333e-05
1.28127e-05
2.50471e-05
3.56402e-05
2.95368e-05
2.61398e-05
2.64579e-05
2.46733e-05
2.44812e-05
2.19773e-05
2.12089e-05
2.19243e-05
2.23008e-05
2.08498e-05
1.80669e-05
1.87767e-05
1.76915e-05
1.7924e-05
1.90971e-05
1.57724e-05
1.49591e-05
1.54492e-05
1.55695e-05
2.55479e-05
3.14965e-05
2.57133e-05
2.30183e-05
2.07055e-05
2.11947e-05
2.139e-05
2.12659e-05
1.89395e-05
2.07448e-05
1.79472e-05
1.93689e-05
2.03018e-05
1.78367e-05
1.46526e-05
1.36532e-05
1.75747e-05
1.85699e-05
1.69628e-05
1.63436e-05
1.8305e-05
2.26196e-05
2.52835e-05
2.27447e-05
2.57661e-05
2.25566e-05
2.15283e-05
2.02243e-05
1.91861e-05
1.80333e-05
1.74597e-05
1.76919e-05
1.85408e-05
1.85529e-05
1.52979e-05
1.44618e-05
1.75283e-05
1.97175e-05
1.73079e-05
1.60066e-05
1.55524e-05
1.55e-05
2.30807e-05
2.76266e-05
2.8521e-05
2.35506e-05
2.1372e-05
2.19053e-05
2.0577e-05
1.7724e-05
1.66082e-05
1.79815e-05
1.96684e-05
2.01196e-05
1.88641e-05
1.69749e-05
1.58857e-05
1.66778e-05
1.51523e-05
1.44047e-05
1.39675e-05
1.34261e-05
1.2081e-05
2.92584e-05
1.73292e-05
1.68198e-05
2.16942e-05
1.92888e-05
1.4444e-05
1.74842e-05
1.94974e-05
2.12889e-05
1.88228e-05
1.66658e-05
1.63481e-05
1.57947e-05
1.59639e-05
1.54075e-05
1.44571e-05
1.54226e-05
1.63416e-05
1.41074e-05
1.3364e-05
1.40379e-05
1.54203e-05
1.65997e-05
1.92184e-05
1.79057e-05
1.5929e-05
1.35879e-05
1.45922e-05
1.54203e-05
1.38895e-05
1.24057e-05
1.28416e-05
1.16568e-05
1.24106e-05
1.24227e-05
1.30648e-05
1.42977e-05
1.38089e-05
1.38302e-05
1.23908e-05
1.33654e-05
1.34865e-05
1.39379e-05
1.57043e-05
1.65126e-05
1.58799e-05
1.53869e-05
1.41993e-05
1.35259e-05
1.23391e-05
1.09863e-05
1.10415e-05
1.12877e-05
1.19257e-05
1.13406e-05
1.0563e-05
1.10073e-05
1.09204e-05
1.30141e-05
1.34779e-05
1.40397e-05
3.02412e-05
3.14343e-05
3.32703e-05
3.50572e-05
3.67519e-05
3.86434e-05
4.10526e-05
4.43997e-05
4.8301e-05
4.93872e-05
4.43274e-05
3.61302e-05
3.24369e-05
3.27729e-05
3.51211e-05
3.68816e-05
3.64631e-05
3.41893e-05
3.18799e-05
3.05387e-05
2.93221e-05
3.13365e-05
3.24517e-05
3.49692e-05
3.60272e-05
3.81085e-05
4.15959e-05
4.34537e-05
4.92748e-05
5.09639e-05
4.9352e-05
3.77308e-05
3.35004e-05
3.35111e-05
3.67679e-05
3.87297e-05
3.86319e-05
3.667e-05
3.24244e-05
2.96901e-05
2.59745e-05
2.67666e-05
2.84795e-05
3.05347e-05
3.13018e-05
3.28802e-05
3.50201e-05
3.67343e-05
3.99183e-05
4.24442e-05
4.86025e-05
5.06455e-05
4.39159e-05
3.81319e-05
3.49622e-05
3.81202e-05
4.28919e-05
4.19628e-05
3.1878e-05
2.77224e-05
2.25015e-05
2.20402e-05
2.3392e-05
2.40866e-05
2.40413e-05
2.40096e-05
2.40628e-05
2.36485e-05
2.13661e-05
2.01778e-05
1.96324e-05
3.435e-05
4.36107e-05
4.58279e-05
4.50848e-05
3.92888e-05
3.57717e-05
3.59494e-05
3.64848e-05
2.93265e-05
2.27822e-05
2.18886e-05
2.2728e-05
2.40078e-05
2.49357e-05
2.56956e-05
2.5773e-05
2.2509e-05
2.01193e-05
1.73953e-05
1.66134e-05
1.77375e-05
2.21292e-05
2.79933e-05
2.89873e-05
3.08026e-05
3.21277e-05
2.92919e-05
2.75569e-05
2.58151e-05
2.03562e-05
2.12192e-05
2.1305e-05
2.1682e-05
2.35692e-05
2.53447e-05
2.52922e-05
2.23681e-05
1.87064e-05
1.72953e-05
1.61747e-05
1.61531e-05
1.63008e-05
1.71264e-05
1.64152e-05
1.62922e-05
1.96266e-05
2.03169e-05
2.02003e-05
2.11588e-05
2.28751e-05
2.0927e-05
1.9965e-05
1.98389e-05
2.0366e-05
2.10469e-05
2.17488e-05
1.97455e-05
1.71027e-05
1.57132e-05
1.5426e-05
1.70807e-05
1.80974e-05
1.77616e-05
1.72273e-05
1.61699e-05
1.52676e-05
1.5203e-05
1.65448e-05
2.03135e-05
2.36426e-05
2.26474e-05
2.48209e-05
2.68318e-05
2.55438e-05
2.20053e-05
2.1017e-05
1.92746e-05
1.67855e-05
1.71778e-05
1.8366e-05
2.00752e-05
2.03223e-05
1.81557e-05
1.63351e-05
1.61608e-05
1.49046e-05
1.29953e-05
1.54614e-05
1.99314e-05
2.58617e-05
2.69295e-05
2.31707e-05
2.01923e-05
1.96192e-05
2.20184e-05
2.28696e-05
2.10661e-05
1.97295e-05
1.91657e-05
2.07582e-05
2.14312e-05
2.06259e-05
1.81857e-05
1.74446e-05
1.70922e-05
1.61248e-05
1.39564e-05
1.20063e-05
1.70031e-05
1.58593e-05
2.02352e-05
2.09324e-05
1.93482e-05
1.86611e-05
1.68391e-05
1.82801e-05
2.3078e-05
2.47409e-05
2.33689e-05
2.12911e-05
1.79376e-05
1.68858e-05
1.61279e-05
1.59873e-05
1.62812e-05
1.53111e-05
1.36505e-05
1.28833e-05
1.35499e-05
1.21862e-05
2.12853e-05
2.23109e-05
2.07067e-05
1.8564e-05
1.68791e-05
1.54621e-05
2.01652e-05
2.68098e-05
2.76147e-05
2.46571e-05
1.93115e-05
1.73202e-05
1.703e-05
1.50721e-05
1.24626e-05
1.20314e-05
1.14973e-05
1.09379e-05
1.0973e-05
1.12495e-05
1.16296e-05
1.36262e-05
1.62044e-05
1.58315e-05
1.48912e-05
1.48945e-05
1.44377e-05
1.41387e-05
1.54271e-05
1.50039e-05
1.48707e-05
1.4336e-05
1.33138e-05
1.1998e-05
1.17447e-05
1.18788e-05
1.18415e-05
1.18456e-05
1.18371e-05
2.68131e-05
2.76972e-05
2.92836e-05
3.07892e-05
3.19838e-05
3.29979e-05
3.37789e-05
3.42746e-05
3.48784e-05
3.46387e-05
3.27291e-05
3.11439e-05
3.17057e-05
3.33453e-05
3.46614e-05
3.43688e-05
3.20117e-05
2.97017e-05
2.82657e-05
2.7121e-05
2.6675e-05
2.73486e-05
2.87661e-05
3.02088e-05
3.16128e-05
3.31897e-05
3.4666e-05
3.55177e-05
3.69758e-05
3.71854e-05
3.4069e-05
3.23936e-05
3.29463e-05
3.44678e-05
3.71037e-05
3.78403e-05
3.54442e-05
2.94652e-05
2.80114e-05
2.66706e-05
2.47186e-05
2.49322e-05
2.59484e-05
2.74558e-05
2.88225e-05
3.01771e-05
3.45246e-05
3.60402e-05
3.81533e-05
4.01783e-05
4.03846e-05
3.62869e-05
3.4557e-05
3.65571e-05
4.05002e-05
4.30961e-05
4.16797e-05
3.58956e-05
2.82874e-05
2.55305e-05
2.36351e-05
2.19115e-05
2.1175e-05
2.07387e-05
2.09621e-05
2.19906e-05
2.2992e-05
2.70623e-05
2.99093e-05
3.24942e-05
3.28697e-05
4.13656e-05
4.19675e-05
4.00989e-05
3.88782e-05
3.80106e-05
3.99809e-05
4.29481e-05
3.50773e-05
2.48065e-05
2.44882e-05
2.32476e-05
2.14257e-05
1.9424e-05
1.99481e-05
2.08501e-05
2.19183e-05
2.21541e-05
2.24319e-05
2.3744e-05
2.50328e-05
2.82671e-05
3.3773e-05
3.46745e-05
3.29427e-05
2.80312e-05
2.77944e-05
3.05578e-05
3.35071e-05
2.68685e-05
2.19761e-05
2.25138e-05
2.17938e-05
1.89428e-05
1.94753e-05
2.10319e-05
2.31606e-05
2.30553e-05
2.0543e-05
1.82012e-05
1.78391e-05
1.96141e-05
2.16427e-05
2.16963e-05
1.79741e-05
1.7254e-05
1.65186e-05
1.94855e-05
2.54231e-05
2.57891e-05
2.71931e-05
2.14668e-05
2.05266e-05
1.95507e-05
1.96786e-05
2.11524e-05
2.34955e-05
2.28694e-05
1.96235e-05
1.81316e-05
1.81105e-05
2.03023e-05
2.0553e-05
1.99884e-05
1.6852e-05
1.60815e-05
1.53035e-05
1.48209e-05
1.47883e-05
2.89485e-05
2.3757e-05
2.3891e-05
2.5614e-05
2.68567e-05
2.65559e-05
2.3204e-05
2.31268e-05
2.30167e-05
1.84402e-05
1.88385e-05
2.03301e-05
2.05044e-05
1.9542e-05
1.9e-05
1.71966e-05
1.63358e-05
1.57581e-05
1.49154e-05
1.3868e-05
1.64978e-05
2.10628e-05
2.33939e-05
2.16386e-05
2.0723e-05
2.01998e-05
2.47079e-05
2.56625e-05
2.21518e-05
1.92382e-05
1.87331e-05
2.02141e-05
2.09174e-05
1.89478e-05
1.74936e-05
1.69812e-05
1.70163e-05
1.6924e-05
1.48602e-05
1.39944e-05
1.19125e-05
1.61003e-05
1.97678e-05
1.94997e-05
1.99758e-05
2.05518e-05
2.04231e-05
2.48457e-05
2.52385e-05
2.43639e-05
2.4857e-05
2.28474e-05
1.78164e-05
1.66905e-05
1.63859e-05
1.69805e-05
1.78895e-05
1.74961e-05
1.44728e-05
1.3756e-05
1.43197e-05
1.82963e-05
2.14001e-05
2.22892e-05
2.02081e-05
1.83052e-05
1.63464e-05
1.66727e-05
2.75188e-05
3.02297e-05
2.94849e-05
2.46859e-05
2.15368e-05
2.11298e-05
1.8418e-05
1.60376e-05
1.39148e-05
1.34141e-05
1.23661e-05
1.15848e-05
1.25248e-05
1.23516e-05
1.23492e-05
1.44979e-05
1.64496e-05
1.59436e-05
1.49645e-05
1.44341e-05
1.40477e-05
2.09775e-05
2.30186e-05
2.11086e-05
1.8633e-05
1.73052e-05
1.50104e-05
1.3268e-05
1.23005e-05
1.24552e-05
1.26379e-05
1.28082e-05
1.28482e-05
3.02903e-05
2.98914e-05
2.85751e-05
2.65537e-05
2.52938e-05
2.51412e-05
2.5083e-05
2.47961e-05
2.49274e-05
2.54411e-05
2.60464e-05
2.66791e-05
2.76255e-05
2.87372e-05
2.95734e-05
2.98425e-05
3.00125e-05
3.0705e-05
3.09733e-05
3.06404e-05
3.30897e-05
3.15403e-05
2.98752e-05
2.72636e-05
2.58041e-05
2.54507e-05
3.01599e-05
2.49574e-05
2.51754e-05
2.55522e-05
3.07108e-05
3.12626e-05
3.12647e-05
2.96534e-05
3.00261e-05
3.32349e-05
3.06402e-05
3.04263e-05
3.08571e-05
3.12793e-05
3.31828e-05
3.40336e-05
3.21127e-05
2.9025e-05
2.82133e-05
2.66538e-05
2.65516e-05
2.72086e-05
2.66658e-05
2.6812e-05
2.75583e-05
2.9184e-05
2.95033e-05
2.95119e-05
3.1753e-05
3.26203e-05
3.2563e-05
2.86508e-05
3.03652e-05
3.21643e-05
2.78246e-05
2.66888e-05
2.84898e-05
3.03392e-05
3.18208e-05
2.70959e-05
2.59648e-05
2.24778e-05
2.53739e-05
2.54891e-05
2.60073e-05
2.88148e-05
2.92243e-05
2.63643e-05
3.433e-05
2.98161e-05
2.95083e-05
2.98732e-05
2.76797e-05
2.93172e-05
3.19138e-05
2.85561e-05
2.28327e-05
2.22481e-05
2.81934e-05
3.3944e-05
3.40967e-05
2.37067e-05
2.35223e-05
2.64695e-05
2.78298e-05
2.89062e-05
2.89354e-05
2.86825e-05
3.1017e-05
3.19279e-05
2.9667e-05
3.00941e-05
2.92123e-05
3.13994e-05
2.49443e-05
2.21312e-05
1.98725e-05
1.91938e-05
1.84439e-05
2.12779e-05
2.73274e-05
2.85724e-05
2.3702e-05
2.3579e-05
2.55754e-05
3.03992e-05
2.88889e-05
2.67048e-05
2.36463e-05
2.49119e-05
2.81163e-05
2.74815e-05
2.53598e-05
2.62588e-05
2.47189e-05
2.31945e-05
1.96872e-05
1.77277e-05
1.85318e-05
2.06663e-05
2.08614e-05
2.41222e-05
2.27259e-05
2.30873e-05
2.57686e-05
2.50763e-05
2.27178e-05
2.31631e-05
2.01546e-05
1.78147e-05
1.84857e-05
2.23991e-05
2.72058e-05
2.58057e-05
2.36746e-05
2.16398e-05
2.05123e-05
2.01029e-05
2.15102e-05
2.0044e-05
2.08809e-05
2.3734e-05
2.67538e-05
2.64801e-05
2.4471e-05
2.09461e-05
1.67647e-05
1.53509e-05
1.6225e-05
1.67622e-05
1.64226e-05
1.63906e-05
1.85924e-05
2.26423e-05
1.84759e-05
1.94502e-05
1.90787e-05
2.07204e-05
2.21722e-05
2.25885e-05
2.30184e-05
2.45598e-05
2.58365e-05
2.60082e-05
2.55425e-05
2.1115e-05
1.82581e-05
1.56436e-05
1.55373e-05
1.50738e-05
1.51601e-05
1.52054e-05
1.5377e-05
1.41609e-05
1.65938e-05
1.96081e-05
1.91378e-05
2.39806e-05
2.61064e-05
2.57299e-05
2.46424e-05
2.76158e-05
3.22829e-05
3.07875e-05
2.67983e-05
2.23432e-05
2.16198e-05
1.71515e-05
1.65203e-05
1.60617e-05
1.84055e-05
1.84231e-05
1.86167e-05
1.51415e-05
1.99353e-05
2.03304e-05
1.95263e-05
2.04427e-05
2.13623e-05
2.04149e-05
2.30941e-05
2.90556e-05
3.21794e-05
3.10705e-05
2.79346e-05
2.40348e-05
2.37035e-05
1.98186e-05
1.69311e-05
1.54296e-05
1.89158e-05
1.94714e-05
1.85154e-05
1.90038e-05
1.40008e-05
1.45094e-05
1.60573e-05
1.7764e-05
1.77566e-05
1.70989e-05
1.68986e-05
1.68044e-05
2.26848e-05
2.58565e-05
2.8196e-05
2.47899e-05
1.86283e-05
1.56741e-05
1.34579e-05
1.18607e-05
1.4268e-05
1.65581e-05
1.67099e-05
1.49035e-05
2.79812e-05
2.94339e-05
3.20488e-05
3.34585e-05
3.21781e-05
2.92479e-05
2.73949e-05
2.82149e-05
2.92546e-05
2.94702e-05
2.88307e-05
2.7955e-05
2.77367e-05
2.78352e-05
2.75451e-05
2.69287e-05
2.73198e-05
2.83318e-05
2.83506e-05
2.78852e-05
2.82189e-05
3.0384e-05
3.3277e-05
3.46712e-05
3.43859e-05
3.23505e-05
2.87239e-05
2.85962e-05
2.95128e-05
2.97562e-05
2.94488e-05
2.87155e-05
2.83211e-05
2.81672e-05
2.76522e-05
2.7277e-05
2.79325e-05
2.99177e-05
2.97693e-05
2.83087e-05
2.84502e-05
2.89149e-05
3.04248e-05
3.51723e-05
3.78124e-05
3.82405e-05
3.43105e-05
2.7828e-05
2.82163e-05
3.004e-05
3.0451e-05
2.96917e-05
2.78966e-05
2.77054e-05
2.81058e-05
2.83809e-05
2.95066e-05
3.22223e-05
3.29296e-05
3.01163e-05
3.05545e-05
2.59307e-05
2.55261e-05
2.65877e-05
2.80825e-05
3.06342e-05
3.67015e-05
3.73586e-05
2.84095e-05
2.62663e-05
2.82559e-05
2.89907e-05
2.85822e-05
2.69411e-05
2.59085e-05
2.66429e-05
3.03605e-05
3.09044e-05
3.11107e-05
3.35517e-05
2.76201e-05
2.7262e-05
2.39305e-05
2.2438e-05
2.5093e-05
2.82786e-05
3.08308e-05
3.7264e-05
3.32164e-05
2.44264e-05
2.46761e-05
2.49108e-05
2.37987e-05
2.61735e-05
2.7121e-05
2.74834e-05
2.95017e-05
3.16502e-05
2.83136e-05
2.52482e-05
2.12301e-05
2.25065e-05
2.54528e-05
2.4669e-05
2.24367e-05
2.81382e-05
2.95233e-05
2.85671e-05
2.98687e-05
2.46542e-05
2.20096e-05
2.0331e-05
2.1126e-05
2.08265e-05
2.43736e-05
2.67523e-05
2.9189e-05
3.11639e-05
3.18119e-05
2.85322e-05
2.32033e-05
2.11326e-05
2.08905e-05
1.9823e-05
2.07018e-05
2.32636e-05
2.3296e-05
2.22174e-05
2.41572e-05
2.83295e-05
2.52978e-05
2.15706e-05
2.20107e-05
2.13043e-05
2.07308e-05
2.36736e-05
2.41853e-05
2.37243e-05
2.41316e-05
2.63508e-05
2.06802e-05
2.05675e-05
2.05469e-05
1.98601e-05
1.95219e-05
1.94773e-05
2.02348e-05
2.24746e-05
2.17622e-05
2.37876e-05
2.65033e-05
2.63526e-05
2.24599e-05
1.97074e-05
1.63439e-05
1.56266e-05
1.75957e-05
1.83025e-05
1.87254e-05
1.9106e-05
1.87986e-05
2.00236e-05
1.93151e-05
1.77037e-05
2.12383e-05
2.15767e-05
2.21751e-05
2.03428e-05
2.10946e-05
2.15345e-05
2.04728e-05
2.02703e-05
1.93099e-05
1.65312e-05
1.38213e-05
1.27548e-05
1.4454e-05
1.61691e-05
1.58123e-05
1.56534e-05
1.8676e-05
2.02648e-05
1.71208e-05
1.52495e-05
1.50192e-05
1.95321e-05
1.98942e-05
1.84352e-05
1.78042e-05
1.70735e-05
1.57359e-05
1.74163e-05
2.01882e-05
1.86488e-05
1.51359e-05
1.44426e-05
1.66894e-05
1.74367e-05
1.67382e-05
1.5987e-05
1.92396e-05
1.75766e-05
1.63724e-05
1.60543e-05
1.6506e-05
1.75434e-05
1.6333e-05
1.45393e-05
1.37721e-05
1.50889e-05
1.53175e-05
1.44997e-05
1.45785e-05
1.59958e-05
1.57561e-05
1.43239e-05
1.49209e-05
1.72317e-05
1.93152e-05
2.0519e-05
1.69056e-05
1.64452e-05
1.53607e-05
1.50415e-05
1.5382e-05
1.53246e-05
1.43856e-05
1.36734e-05
1.3774e-05
1.37635e-05
1.52752e-05
1.53967e-05
1.3869e-05
1.41229e-05
1.51038e-05
1.38817e-05
1.31554e-05
1.4615e-05
1.76177e-05
1.72675e-05
3.39309e-05
3.6888e-05
4.11469e-05
4.44009e-05
4.42565e-05
3.91938e-05
3.30799e-05
3.16188e-05
3.14978e-05
3.17852e-05
3.24535e-05
3.27618e-05
3.28601e-05
3.22156e-05
3.07721e-05
3.07222e-05
3.30773e-05
3.56695e-05
3.51456e-05
3.34009e-05
3.36716e-05
3.76949e-05
4.00927e-05
4.40547e-05
4.61244e-05
4.41373e-05
3.68583e-05
3.3e-05
3.15041e-05
3.1358e-05
3.18467e-05
3.23669e-05
3.32898e-05
3.30317e-05
3.14927e-05
3.13844e-05
3.32335e-05
3.76685e-05
3.73299e-05
3.43477e-05
3.25899e-05
3.34225e-05
3.59812e-05
3.86818e-05
4.23768e-05
4.70106e-05
4.57456e-05
3.64201e-05
3.12352e-05
2.92263e-05
2.88977e-05
2.93878e-05
3.0153e-05
3.16347e-05
3.24152e-05
3.14755e-05
3.21417e-05
3.65329e-05
3.85422e-05
3.68682e-05
3.16541e-05
2.8921e-05
2.88077e-05
2.73302e-05
2.56652e-05
2.39319e-05
3.77332e-05
4.01616e-05
3.21137e-05
2.86856e-05
2.57935e-05
2.76137e-05
2.86969e-05
2.84361e-05
2.75816e-05
2.90248e-05
2.99066e-05
2.92044e-05
2.69879e-05
3.10347e-05
2.4429e-05
2.65259e-05
2.43304e-05
2.38822e-05
2.35174e-05
2.39233e-05
2.36908e-05
2.93005e-05
3.35809e-05
2.79411e-05
2.50943e-05
2.47805e-05
2.34945e-05
2.56366e-05
2.77842e-05
2.70775e-05
2.66971e-05
2.59782e-05
2.3727e-05
2.05933e-05
1.89329e-05
1.91059e-05
2.1066e-05
2.22875e-05
2.13175e-05
2.25161e-05
2.5637e-05
2.2311e-05
2.69241e-05
2.90325e-05
2.55322e-05
2.10285e-05
2.03003e-05
2.06212e-05
2.30796e-05
2.53461e-05
2.73331e-05
2.9125e-05
2.88673e-05
2.23265e-05
2.08376e-05
2.14557e-05
2.1066e-05
1.94217e-05
1.8386e-05
2.01251e-05
2.21352e-05
2.08067e-05
1.89076e-05
2.57406e-05
2.52722e-05
2.25578e-05
2.3125e-05
2.34345e-05
2.14649e-05
1.97395e-05
2.11098e-05
2.5559e-05
2.66871e-05
2.45547e-05
1.98634e-05
2.02593e-05
2.12841e-05
1.90053e-05
1.80275e-05
1.87076e-05
1.92096e-05
2.39555e-05
2.41343e-05
2.35082e-05
2.50364e-05
2.50361e-05
2.37183e-05
2.32716e-05
2.16608e-05
1.68008e-05
1.60927e-05
1.85203e-05
2.08348e-05
2.03673e-05
1.9798e-05
1.86776e-05
1.79336e-05
1.70714e-05
1.83507e-05
2.28729e-05
2.27887e-05
2.15191e-05
2.0601e-05
2.00898e-05
2.06114e-05
2.16015e-05
1.96644e-05
1.46857e-05
1.29916e-05
1.4169e-05
1.58935e-05
1.8407e-05
1.9015e-05
1.74938e-05
2.03757e-05
1.93996e-05
1.49451e-05
1.25293e-05
1.21303e-05
1.56303e-05
1.72652e-05
1.68777e-05
1.64872e-05
1.45441e-05
1.49015e-05
1.75518e-05
1.93706e-05
1.81315e-05
1.28901e-05
1.29172e-05
1.7176e-05
1.92861e-05
2.01832e-05
1.99441e-05
1.77904e-05
1.74151e-05
1.61197e-05
1.47456e-05
1.49018e-05
1.58066e-05
1.51313e-05
1.42314e-05
1.36358e-05
1.39653e-05
1.34265e-05
1.23457e-05
1.60823e-05
1.76018e-05
1.49176e-05
1.24822e-05
1.3614e-05
1.70685e-05
1.81357e-05
1.83078e-05
1.84864e-05
1.75801e-05
1.57126e-05
1.45109e-05
1.43615e-05
1.42638e-05
1.3888e-05
1.36003e-05
1.45323e-05
1.46717e-05
1.41669e-05
1.41315e-05
1.41383e-05
1.6886e-05
1.56779e-05
1.32826e-05
1.20826e-05
1.3013e-05
1.74781e-05
1.89403e-05
5.6953e-05
5.21641e-05
4.12167e-05
4.39837e-05
4.99728e-05
5.54012e-05
6.00957e-05
5.83932e-05
5.00085e-05
4.17048e-05
3.5815e-05
3.32185e-05
3.31209e-05
3.5636e-05
4.04897e-05
4.64823e-05
5.24941e-05
5.69236e-05
5.86927e-05
5.75467e-05
5.83247e-05
5.19021e-05
4.08465e-05
4.40931e-05
4.84079e-05
5.38078e-05
5.93017e-05
6.06198e-05
5.01793e-05
4.25079e-05
3.58192e-05
3.35646e-05
3.34249e-05
3.48032e-05
3.83756e-05
4.32695e-05
4.88769e-05
5.32638e-05
5.64248e-05
5.70913e-05
4.49249e-05
5.311e-05
4.3255e-05
3.35113e-05
3.82276e-05
4.22295e-05
4.43854e-05
4.79356e-05
5.15452e-05
4.83219e-05
3.98948e-05
3.2972e-05
3.23367e-05
3.22602e-05
3.26866e-05
3.28892e-05
3.32469e-05
3.57926e-05
4.00808e-05
4.69997e-05
2.00889e-05
2.35845e-05
3.61571e-05
3.35563e-05
2.82428e-05
2.71315e-05
2.68544e-05
2.6537e-05
2.74772e-05
2.90572e-05
3.01873e-05
2.75138e-05
2.29221e-05
2.37849e-05
2.50176e-05
2.43687e-05
1.83315e-05
1.7199e-05
1.73191e-05
1.62802e-05
1.43106e-05
1.6716e-05
2.85414e-05
3.69935e-05
3.39002e-05
3.18118e-05
3.00304e-05
2.56352e-05
2.35449e-05
2.25351e-05
1.98166e-05
1.99012e-05
1.93243e-05
1.8158e-05
1.8964e-05
1.86399e-05
1.63061e-05
1.76427e-05
1.71889e-05
1.59136e-05
1.59049e-05
1.7018e-05
1.90001e-05
2.85849e-05
3.27257e-05
3.19568e-05
2.97564e-05
2.62122e-05
2.38996e-05
2.24933e-05
2.04789e-05
2.07526e-05
2.32865e-05
2.05553e-05
1.85983e-05
1.82137e-05
1.69066e-05
2.03837e-05
2.07993e-05
1.71391e-05
1.61628e-05
1.85557e-05
1.77709e-05
1.76799e-05
1.81535e-05
2.042e-05
1.92745e-05
1.93815e-05
2.13885e-05
2.52331e-05
2.43298e-05
2.51259e-05
2.82678e-05
3.24475e-05
2.59055e-05
1.88135e-05
1.81346e-05
1.91754e-05
2.09755e-05
1.78766e-05
1.65988e-05
1.62199e-05
1.72613e-05
1.81649e-05
1.77596e-05
1.57325e-05
1.32707e-05
1.49115e-05
1.67067e-05
2.35513e-05
2.74448e-05
2.4156e-05
2.21077e-05
2.97258e-05
3.47141e-05
2.55677e-05
2.15222e-05
2.09387e-05
2.13455e-05
1.99413e-05
1.65419e-05
1.54382e-05
1.53886e-05
1.64093e-05
1.54711e-05
1.08884e-05
1.11091e-05
1.15948e-05
1.20586e-05
1.25015e-05
1.88333e-05
1.9456e-05
1.72714e-05
1.55054e-05
1.8117e-05
1.99193e-05
2.00702e-05
2.03917e-05
2.12303e-05
2.06212e-05
1.5469e-05
1.64834e-05
1.63419e-05
1.50417e-05
1.17328e-05
1.06904e-05
9.77968e-06
1.03787e-05
1.14929e-05
1.13604e-05
1.19102e-05
1.59701e-05
1.5359e-05
1.41537e-05
1.22981e-05
1.57786e-05
1.6811e-05
1.80269e-05
1.83118e-05
1.77466e-05
1.5928e-05
1.68423e-05
1.52822e-05
1.38746e-05
1.20916e-05
1.16738e-05
1.17123e-05
1.18266e-05
1.28729e-05
1.38186e-05
1.3667e-05
1.3239e-05
1.48221e-05
1.49406e-05
1.39373e-05
1.3838e-05
1.37088e-05
1.44882e-05
1.58504e-05
1.45673e-05
1.49587e-05
1.47944e-05
1.46641e-05
1.38426e-05
1.17038e-05
1.13069e-05
1.36359e-05
1.66152e-05
1.82297e-05
1.84522e-05
1.81334e-05
1.61293e-05
1.54642e-05
1.61808e-05
1.52452e-05
1.32122e-05
1.1913e-05
1.09928e-05
1.24262e-05
1.55014e-05
3.46996e-05
3.71241e-05
3.56452e-05
2.94202e-05
2.8606e-05
3.11327e-05
3.39771e-05
3.58533e-05
3.72053e-05
3.87659e-05
3.95505e-05
4.04157e-05
4.28341e-05
4.45868e-05
4.25703e-05
3.92206e-05
3.91099e-05
3.92492e-05
3.74755e-05
3.46008e-05
3.49635e-05
3.97882e-05
4.01444e-05
3.1693e-05
2.97666e-05
3.21957e-05
3.54945e-05
3.68171e-05
3.76465e-05
3.89182e-05
3.98692e-05
4.14711e-05
4.2963e-05
4.51206e-05
4.24707e-05
4.03292e-05
4.05684e-05
4.10347e-05
3.96589e-05
3.66938e-05
3.45996e-05
3.67371e-05
4.54559e-05
3.61019e-05
2.91656e-05
3.16124e-05
3.51258e-05
3.71671e-05
3.7148e-05
3.55048e-05
3.66462e-05
4.00823e-05
4.09863e-05
4.14216e-05
4.18606e-05
4.21595e-05
4.20544e-05
4.22975e-05
4.10619e-05
4.04974e-05
3.67803e-05
3.38452e-05
3.08263e-05
3.73545e-05
3.78986e-05
2.83211e-05
2.99268e-05
3.30499e-05
3.36885e-05
3.17659e-05
3.06334e-05
2.96182e-05
2.92797e-05
2.82953e-05
2.65828e-05
3.06133e-05
3.38087e-05
3.41925e-05
3.59688e-05
3.49615e-05
2.80486e-05
3.65317e-05
3.60192e-05
3.23707e-05
3.55128e-05
2.92053e-05
3.03917e-05
3.36672e-05
3.03872e-05
2.89665e-05
2.81346e-05
2.596e-05
2.21512e-05
2.08839e-05
1.91067e-05
1.90671e-05
2.22137e-05
2.24887e-05
2.21609e-05
2.71759e-05
2.18483e-05
2.32563e-05
2.68066e-05
2.55617e-05
3.03301e-05
3.62021e-05
3.29857e-05
3.40751e-05
2.86674e-05
2.75362e-05
2.68501e-05
2.3393e-05
2.39097e-05
1.98097e-05
1.85723e-05
1.73372e-05
1.68274e-05
1.87508e-05
1.90237e-05
1.8365e-05
1.92984e-05
2.07654e-05
1.78355e-05
1.7498e-05
1.61891e-05
3.83621e-05
4.28528e-05
4.15002e-05
3.17045e-05
2.87309e-05
2.65336e-05
2.44924e-05
3.24824e-05
3.80777e-05
2.51696e-05
1.7523e-05
1.72933e-05
1.91713e-05
2.04074e-05
1.87641e-05
2.11994e-05
2.15785e-05
2.07858e-05
1.82757e-05
1.71023e-05
1.5449e-05
2.45132e-05
2.95802e-05
3.56277e-05
3.368e-05
2.95813e-05
2.69011e-05
2.7568e-05
3.42485e-05
3.83375e-05
2.40849e-05
2.48304e-05
2.55478e-05
2.23547e-05
2.10799e-05
1.66873e-05
1.92045e-05
2.12618e-05
1.88714e-05
1.45643e-05
1.14087e-05
1.33602e-05
1.3892e-05
1.30914e-05
1.62747e-05
2.27937e-05
2.66827e-05
2.46584e-05
1.59961e-05
2.28303e-05
2.63115e-05
2.37093e-05
2.0777e-05
2.02258e-05
2.02269e-05
1.46358e-05
1.70267e-05
1.96268e-05
1.62652e-05
1.3181e-05
1.1495e-05
9.92905e-06
9.96584e-06
1.06384e-05
1.04166e-05
1.27374e-05
1.39016e-05
1.36216e-05
1.27639e-05
1.46938e-05
2.40982e-05
2.29211e-05
1.91212e-05
1.87146e-05
1.71384e-05
1.3319e-05
1.75805e-05
1.84219e-05
1.56513e-05
1.4113e-05
1.1832e-05
1.15331e-05
1.20947e-05
1.32082e-05
1.32031e-05
1.18367e-05
1.14877e-05
1.31967e-05
1.33738e-05
1.79458e-05
2.11331e-05
1.97349e-05
1.79409e-05
1.5979e-05
1.40159e-05
1.34032e-05
1.43597e-05
1.49444e-05
1.38078e-05
1.22491e-05
1.17559e-05
1.30103e-05
1.49498e-05
1.59904e-05
1.64689e-05
1.76398e-05
1.66741e-05
1.62194e-05
1.62594e-05
1.55315e-05
1.40259e-05
1.20816e-05
1.09495e-05
1.11454e-05
1.32295e-05
4.01951e-05
4.54575e-05
4.57e-05
3.84989e-05
3.84841e-05
4.37122e-05
4.81002e-05
4.85185e-05
4.91586e-05
5.11593e-05
5.13955e-05
4.96129e-05
4.88792e-05
4.90593e-05
4.52292e-05
3.67261e-05
3.29171e-05
3.29348e-05
3.33688e-05
3.52954e-05
3.79316e-05
4.56931e-05
4.81114e-05
4.07641e-05
3.96301e-05
4.34272e-05
4.89829e-05
5.10528e-05
5.03101e-05
5.05849e-05
5.07094e-05
5.00913e-05
4.98608e-05
5.01369e-05
4.8732e-05
4.06263e-05
3.49741e-05
3.49939e-05
3.41875e-05
3.4348e-05
3.29574e-05
3.5604e-05
4.29266e-05
4.04863e-05
3.65e-05
3.96015e-05
4.57272e-05
5.26478e-05
5.26148e-05
4.26066e-05
4.27451e-05
4.75781e-05
4.84482e-05
4.79554e-05
4.89074e-05
4.74849e-05
4.11957e-05
4.04608e-05
3.63465e-05
3.36595e-05
3.23301e-05
3.14198e-05
2.85487e-05
3.06982e-05
3.49793e-05
3.12629e-05
3.24812e-05
3.57308e-05
3.49976e-05
3.28348e-05
2.84203e-05
2.4922e-05
2.8592e-05
2.70327e-05
2.64123e-05
3.33058e-05
4.45693e-05
4.22163e-05
4.23695e-05
3.79891e-05
3.24165e-05
3.16638e-05
3.02272e-05
2.52033e-05
3.2684e-05
3.53174e-05
3.15646e-05
3.038e-05
2.70735e-05
2.47324e-05
2.64443e-05
2.36547e-05
2.14646e-05
1.79126e-05
1.7058e-05
1.77091e-05
2.37359e-05
2.64649e-05
2.93039e-05
3.21681e-05
2.48286e-05
2.84807e-05
2.94084e-05
2.5705e-05
2.60445e-05
3.23975e-05
3.28178e-05
2.8419e-05
2.76163e-05
2.32904e-05
2.40728e-05
2.447e-05
2.10993e-05
1.82365e-05
1.79168e-05
1.80117e-05
1.82265e-05
1.90658e-05
2.06215e-05
2.03715e-05
2.40176e-05
2.39374e-05
2.09961e-05
1.75814e-05
1.64374e-05
2.72067e-05
3.44898e-05
3.61998e-05
3.56055e-05
3.26306e-05
2.39976e-05
2.33819e-05
3.08357e-05
2.93937e-05
1.99373e-05
2.01162e-05
2.08263e-05
2.19075e-05
2.06569e-05
2.05343e-05
2.50722e-05
2.47782e-05
2.28389e-05
1.78934e-05
1.6303e-05
1.51548e-05
1.80982e-05
2.72766e-05
3.2861e-05
3.02758e-05
2.6913e-05
2.26552e-05
2.21517e-05
3.20816e-05
3.10091e-05
2.32282e-05
2.84212e-05
2.50882e-05
2.08518e-05
2.12281e-05
1.49481e-05
2.40126e-05
2.36908e-05
2.07242e-05
1.58511e-05
1.37044e-05
1.30153e-05
1.42285e-05
1.33179e-05
1.29296e-05
2.197e-05
2.53111e-05
2.24628e-05
2.12083e-05
2.75454e-05
2.59738e-05
2.30919e-05
1.97939e-05
1.91918e-05
2.02845e-05
1.30465e-05
1.84164e-05
2.23125e-05
1.83073e-05
1.41171e-05
1.21175e-05
1.12153e-05
1.01558e-05
1.04289e-05
1.06147e-05
1.33726e-05
1.50216e-05
1.41972e-05
1.30677e-05
1.89795e-05
2.33262e-05
2.04141e-05
1.84269e-05
1.65937e-05
1.50338e-05
1.19515e-05
1.30773e-05
1.69736e-05
1.69046e-05
1.45841e-05
1.26257e-05
1.19287e-05
1.26669e-05
1.29569e-05
1.25874e-05
1.20475e-05
1.19842e-05
1.29329e-05
1.29582e-05
2.04689e-05
2.24525e-05
2.01365e-05
1.82512e-05
1.56568e-05
1.4331e-05
1.26771e-05
1.30803e-05
1.40605e-05
1.39406e-05
1.28737e-05
1.23506e-05
1.24984e-05
1.42984e-05
1.53971e-05
1.58243e-05
1.57052e-05
1.4983e-05
1.514e-05
1.63546e-05
1.65061e-05
1.54836e-05
1.19159e-05
1.11749e-05
1.21072e-05
1.28947e-05
4.02653e-05
3.8271e-05
4.02686e-05
4.56891e-05
5.3415e-05
6.33531e-05
7.39524e-05
7.25119e-05
5.93111e-05
5.50123e-05
5.81243e-05
6.07476e-05
5.75921e-05
4.93135e-05
4.41552e-05
4.16373e-05
3.80087e-05
3.70242e-05
3.80172e-05
4.01386e-05
4.1939e-05
3.90494e-05
4.12309e-05
4.92732e-05
5.22026e-05
5.79293e-05
6.92193e-05
7.04415e-05
5.72699e-05
5.53488e-05
5.6566e-05
5.80752e-05
5.52865e-05
5.26126e-05
4.74145e-05
4.66386e-05
3.78193e-05
3.58231e-05
3.65463e-05
4.13582e-05
3.87729e-05
4.13603e-05
3.68431e-05
3.92589e-05
4.05613e-05
4.15061e-05
4.3218e-05
4.68208e-05
5.45362e-05
5.09544e-05
4.94689e-05
5.12814e-05
5.30487e-05
5.09121e-05
5.06055e-05
5.28826e-05
4.93607e-05
3.28095e-05
3.12304e-05
3.44891e-05
2.87321e-05
3.47515e-05
3.50947e-05
2.97843e-05
2.71241e-05
2.68545e-05
2.39093e-05
1.91159e-05
2.07651e-05
2.32612e-05
2.75943e-05
1.98718e-05
2.28108e-05
2.82922e-05
3.35386e-05
3.22847e-05
3.52696e-05
3.27231e-05
2.76302e-05
2.79903e-05
3.36985e-05
2.86257e-05
2.83608e-05
2.72844e-05
2.40219e-05
2.28678e-05
2.04133e-05
1.84136e-05
1.74839e-05
1.77547e-05
1.81031e-05
1.73392e-05
1.77717e-05
2.36595e-05
2.11709e-05
2.58322e-05
2.84945e-05
2.48155e-05
2.73066e-05
3.11248e-05
2.354e-05
2.34708e-05
2.03278e-05
2.0141e-05
2.13406e-05
2.25663e-05
1.97555e-05
1.91272e-05
1.9481e-05
1.81138e-05
1.60402e-05
1.70112e-05
1.64576e-05
1.97123e-05
2.25965e-05
2.75722e-05
2.18199e-05
2.33845e-05
2.4795e-05
2.47668e-05
2.43149e-05
2.26498e-05
2.01164e-05
1.91595e-05
2.13923e-05
2.47295e-05
1.94835e-05
1.69559e-05
2.03733e-05
2.037e-05
1.90403e-05
1.74035e-05
1.75889e-05
2.02474e-05
2.26876e-05
2.92976e-05
2.50526e-05
2.26549e-05
2.38005e-05
2.2222e-05
2.67415e-05
2.20184e-05
2.0726e-05
2.18707e-05
2.35662e-05
2.0623e-05
1.38479e-05
1.5701e-05
1.80687e-05
1.86213e-05
1.95584e-05
2.00118e-05
1.69295e-05
2.01932e-05
2.05615e-05
2.46949e-05
2.58024e-05
2.68534e-05
2.50368e-05
3.09602e-05
3.11948e-05
2.45515e-05
2.34828e-05
2.52794e-05
1.82397e-05
1.42432e-05
1.25884e-05
1.09327e-05
1.17554e-05
1.21674e-05
1.47456e-05
1.60162e-05
1.48219e-05
1.81254e-05
2.36838e-05
2.09055e-05
2.41774e-05
2.8318e-05
2.32519e-05
2.26332e-05
1.80433e-05
2.45087e-05
2.93787e-05
2.6277e-05
2.21278e-05
1.81343e-05
1.33548e-05
1.11482e-05
1.15258e-05
1.33431e-05
1.35075e-05
1.30973e-05
1.33471e-05
1.26383e-05
1.79557e-05
1.81787e-05
1.95656e-05
1.92544e-05
1.65041e-05
1.34323e-05
1.41996e-05
1.37275e-05
1.69774e-05
1.96469e-05
2.23945e-05
1.9985e-05
1.44281e-05
1.34638e-05
1.49352e-05
1.41555e-05
1.56183e-05
1.35481e-05
1.28611e-05
1.30821e-05
1.51126e-05
1.78309e-05
1.41824e-05
1.48355e-05
1.4603e-05
1.36107e-05
1.24453e-05
1.33747e-05
1.41732e-05
1.48585e-05
1.43231e-05
1.54011e-05
1.23936e-05
1.33091e-05
1.44945e-05
1.50723e-05
1.62205e-05
1.61415e-05
1.57203e-05
1.52079e-05
1.38928e-05
1.28956e-05
1.10913e-05
1.1763e-05
1.22035e-05
1.20839e-05
4.47729e-05
4.68901e-05
4.77212e-05
4.83756e-05
4.88313e-05
4.62243e-05
3.86989e-05
3.22049e-05
2.91619e-05
2.89738e-05
3.01003e-05
3.09795e-05
3.15678e-05
3.22044e-05
3.21263e-05
3.27154e-05
3.45916e-05
3.67304e-05
3.93109e-05
4.19748e-05
4.37684e-05
4.44785e-05
4.55822e-05
4.79044e-05
4.85296e-05
4.83985e-05
4.33112e-05
3.50542e-05
2.96148e-05
2.97383e-05
3.05404e-05
3.15451e-05
3.21609e-05
3.41756e-05
3.34726e-05
3.33523e-05
3.47437e-05
3.66814e-05
3.94014e-05
4.22659e-05
3.71443e-05
3.52868e-05
3.63628e-05
4.04564e-05
4.35949e-05
4.43236e-05
4.78994e-05
4.38576e-05
3.44107e-05
2.98643e-05
3.10016e-05
3.18607e-05
3.33656e-05
3.69478e-05
3.6894e-05
3.4086e-05
3.45614e-05
3.72502e-05
3.88714e-05
4.15866e-05
3.35212e-05
3.22194e-05
2.72833e-05
2.83108e-05
3.06304e-05
2.95976e-05
2.75303e-05
3.62784e-05
4.74585e-05
4.72055e-05
3.68562e-05
2.98643e-05
3.01028e-05
3.02736e-05
3.24823e-05
3.25526e-05
3.04086e-05
2.96365e-05
2.97919e-05
2.83725e-05
1.54449e-05
2.4836e-05
2.68156e-05
2.42935e-05
2.30503e-05
2.17877e-05
1.98405e-05
1.9842e-05
2.79379e-05
3.43989e-05
3.64244e-05
3.03095e-05
2.86031e-05
2.79637e-05
2.74402e-05
2.79755e-05
2.77695e-05
2.485e-05
2.06508e-05
1.6602e-05
1.7173e-05
1.61995e-05
2.11183e-05
2.14277e-05
1.9193e-05
1.82489e-05
1.84578e-05
1.8367e-05
1.65989e-05
1.59811e-05
1.84612e-05
2.63023e-05
3.79325e-05
4.07517e-05
3.46507e-05
2.86268e-05
2.85346e-05
2.79697e-05
2.63596e-05
2.12213e-05
2.14082e-05
1.97381e-05
1.90576e-05
1.87062e-05
1.84699e-05
1.9515e-05
2.00329e-05
1.86156e-05
1.65319e-05
1.59714e-05
1.55861e-05
1.82596e-05
2.39782e-05
2.66608e-05
3.15322e-05
3.051e-05
3.14858e-05
3.18032e-05
2.85916e-05
2.44e-05
2.94843e-05
2.46579e-05
2.19505e-05
2.05401e-05
1.98473e-05
2.35503e-05
2.42829e-05
2.20937e-05
2.0344e-05
2.00608e-05
2.00678e-05
1.73507e-05
1.76497e-05
1.75271e-05
1.83981e-05
2.8657e-05
3.17584e-05
2.96129e-05
2.82767e-05
2.86946e-05
2.56559e-05
2.62648e-05
2.51932e-05
2.22805e-05
2.26266e-05
2.04871e-05
1.90619e-05
1.93931e-05
2.20154e-05
2.13972e-05
2.27828e-05
2.1084e-05
1.89134e-05
1.66482e-05
1.59858e-05
2.9527e-05
3.16919e-05
3.11492e-05
2.74389e-05
2.5456e-05
1.68458e-05
2.01618e-05
2.64125e-05
2.60061e-05
2.50735e-05
2.39464e-05
2.17195e-05
1.92351e-05
1.71284e-05
1.57841e-05
1.8572e-05
1.86725e-05
1.45855e-05
1.3659e-05
1.41957e-05
1.60522e-05
1.94345e-05
1.97821e-05
2.09258e-05
1.85552e-05
1.3801e-05
1.28686e-05
1.69362e-05
2.37046e-05
2.50368e-05
2.62202e-05
2.50239e-05
2.34273e-05
1.80566e-05
1.62651e-05
1.62513e-05
1.70988e-05
1.45535e-05
1.3508e-05
1.26382e-05
1.26057e-05
1.13937e-05
1.41609e-05
1.67206e-05
1.63482e-05
1.33072e-05
1.34141e-05
1.32174e-05
1.50633e-05
2.25074e-05
2.60033e-05
2.36084e-05
1.58011e-05
1.40973e-05
1.64252e-05
1.81129e-05
1.85478e-05
1.64058e-05
1.37321e-05
1.30134e-05
1.25986e-05
1.1082e-05
1.10773e-05
1.33965e-05
1.36336e-05
3.8592e-05
4.08165e-05
4.32477e-05
4.60653e-05
4.65131e-05
4.37846e-05
3.89427e-05
3.70746e-05
3.80668e-05
3.91723e-05
3.96295e-05
4.01118e-05
4.13774e-05
4.16774e-05
3.8956e-05
3.79087e-05
3.93094e-05
4.07815e-05
4.0702e-05
3.85998e-05
3.84198e-05
4.08782e-05
4.25448e-05
4.79964e-05
4.77627e-05
4.6429e-05
3.91683e-05
3.72665e-05
3.88382e-05
3.95423e-05
3.96821e-05
4.05118e-05
4.23303e-05
4.50536e-05
4.24787e-05
3.83538e-05
3.90255e-05
4.12654e-05
4.32368e-05
4.05427e-05
3.57811e-05
3.66041e-05
4.02338e-05
4.52938e-05
4.90546e-05
4.88324e-05
4.75896e-05
4.14192e-05
3.83709e-05
3.8012e-05
3.72233e-05
3.8357e-05
4.21831e-05
4.6565e-05
4.95898e-05
4.01208e-05
3.72329e-05
3.85215e-05
4.29041e-05
4.51547e-05
3.58724e-05
3.499e-05
3.03446e-05
2.653e-05
2.60823e-05
3.03059e-05
3.19628e-05
4.00301e-05
4.22154e-05
4.31436e-05
3.87548e-05
3.04504e-05
2.9634e-05
2.76409e-05
3.01883e-05
3.29276e-05
2.9862e-05
2.89529e-05
2.55285e-05
2.20829e-05
2.14728e-05
3.26268e-05
3.07697e-05
2.43513e-05
1.94358e-05
1.83544e-05
1.9199e-05
2.1104e-05
2.90842e-05
2.97373e-05
3.10307e-05
2.894e-05
2.65211e-05
2.72809e-05
2.48871e-05
2.43762e-05
2.47201e-05
2.29599e-05
1.97651e-05
1.28812e-05
1.52672e-05
1.9109e-05
2.31793e-05
1.85413e-05
1.61341e-05
1.61188e-05
1.60443e-05
1.66655e-05
1.74096e-05
1.78348e-05
1.84017e-05
2.25808e-05
3.34436e-05
3.75938e-05
3.1345e-05
2.56921e-05
2.54905e-05
2.1519e-05
2.04123e-05
1.84557e-05
2.01084e-05
1.88697e-05
1.81842e-05
1.64324e-05
1.73466e-05
1.76412e-05
1.70139e-05
1.72689e-05
1.65794e-05
1.65001e-05
1.70459e-05
1.65399e-05
2.26602e-05
2.44811e-05
2.54737e-05
2.41793e-05
2.61684e-05
2.66562e-05
2.48826e-05
2.12564e-05
2.51159e-05
2.39417e-05
2.0881e-05
1.82457e-05
1.99636e-05
2.13208e-05
2.15207e-05
1.95845e-05
1.81218e-05
1.75975e-05
1.765e-05
1.66588e-05
1.65554e-05
1.68022e-05
2.13455e-05
2.29153e-05
2.35191e-05
2.87213e-05
2.67232e-05
2.45323e-05
2.36743e-05
2.2867e-05
2.5196e-05
2.16496e-05
2.09337e-05
2.24288e-05
2.23347e-05
2.20449e-05
2.39555e-05
2.11997e-05
1.9438e-05
1.90118e-05
1.80181e-05
1.66246e-05
1.54645e-05
2.21587e-05
2.06749e-05
2.83277e-05
2.88779e-05
2.78912e-05
1.88573e-05
1.85235e-05
2.02379e-05
2.55845e-05
2.2732e-05
2.16991e-05
2.18939e-05
2.11706e-05
1.91966e-05
1.88767e-05
1.95844e-05
2.05074e-05
1.84567e-05
1.54991e-05
1.42806e-05
1.40391e-05
1.31067e-05
1.48904e-05
2.29055e-05
2.18364e-05
1.61416e-05
1.70591e-05
1.74286e-05
2.23526e-05
2.33206e-05
2.26339e-05
2.24005e-05
2.17427e-05
1.7545e-05
1.6803e-05
1.70296e-05
1.92633e-05
1.85767e-05
1.55229e-05
1.46278e-05
1.26943e-05
9.72766e-06
1.05973e-05
1.66658e-05
1.65659e-05
1.63874e-05
1.76228e-05
1.59086e-05
1.77716e-05
2.49089e-05
2.63121e-05
2.35924e-05
2.07856e-05
1.60794e-05
1.72143e-05
1.942e-05
1.95771e-05
1.69137e-05
1.46083e-05
1.32599e-05
1.25176e-05
1.06032e-05
1.16878e-05
1.48001e-05
1.5385e-05
5.19345e-05
5.24053e-05
4.2294e-05
4.12828e-05
4.125e-05
3.93671e-05
4.04084e-05
4.28034e-05
4.4104e-05
4.34474e-05
4.10565e-05
3.86751e-05
3.82085e-05
3.95293e-05
4.28968e-05
4.84022e-05
5.11151e-05
4.65188e-05
4.13801e-05
4.39956e-05
5.29204e-05
5.33403e-05
4.59798e-05
4.33185e-05
3.3819e-05
3.43035e-05
3.57027e-05
3.70141e-05
3.79715e-05
4.50524e-05
4.30804e-05
3.89856e-05
3.80931e-05
3.97112e-05
4.81804e-05
5.19647e-05
5.19865e-05
5.11887e-05
4.28836e-05
4.41164e-05
3.91151e-05
4.89187e-05
5.00691e-05
3.66095e-05
3.56813e-05
3.64089e-05
4.11081e-05
3.68625e-05
4.34733e-05
4.11963e-05
3.71426e-05
3.38789e-05
3.52119e-05
3.94785e-05
4.1286e-05
4.14582e-05
4.76259e-05
5.54678e-05
4.59952e-05
4.09003e-05
3.42046e-05
2.07274e-05
2.59026e-05
3.52629e-05
3.82754e-05
3.19556e-05
3.50203e-05
3.24518e-05
3.33141e-05
3.09176e-05
3.35045e-05
3.40496e-05
2.95028e-05
3.1444e-05
3.28996e-05
3.13369e-05
2.83993e-05
2.22743e-05
3.35213e-05
3.43362e-05
1.9027e-05
2.0393e-05
1.57368e-05
2.49806e-05
3.55372e-05
3.56148e-05
3.62712e-05
2.60032e-05
2.20635e-05
1.99887e-05
2.19388e-05
2.38327e-05
2.8298e-05
2.89754e-05
3.31315e-05
3.18727e-05
2.33831e-05
1.72785e-05
2.23593e-05
2.15527e-05
1.48208e-05
1.33765e-05
1.29248e-05
1.22929e-05
1.70601e-05
1.95492e-05
1.8972e-05
1.95416e-05
2.01561e-05
2.12706e-05
1.82635e-05
1.72116e-05
2.63338e-05
2.90148e-05
2.87055e-05
2.58439e-05
1.88329e-05
1.84192e-05
1.88413e-05
1.83768e-05
1.67166e-05
1.48804e-05
1.45121e-05
1.29431e-05
1.44022e-05
1.63979e-05
1.65153e-05
1.54428e-05
1.82198e-05
2.06972e-05
2.27142e-05
1.94733e-05
2.08348e-05
1.95946e-05
1.96636e-05
1.87955e-05
1.97854e-05
1.96206e-05
1.84592e-05
1.84502e-05
1.7211e-05
1.68318e-05
1.66369e-05
1.85655e-05
1.43621e-05
1.75064e-05
1.85403e-05
1.55017e-05
1.68557e-05
2.10116e-05
2.29048e-05
2.09923e-05
1.62813e-05
1.67044e-05
2.06788e-05
1.96059e-05
1.91846e-05
2.13297e-05
2.1713e-05
1.71802e-05
1.94805e-05
1.91988e-05
2.00951e-05
2.17606e-05
1.8471e-05
1.4815e-05
1.52144e-05
1.98907e-05
1.9178e-05
1.7368e-05
1.68205e-05
1.92367e-05
1.8479e-05
1.7215e-05
1.80427e-05
1.60236e-05
1.66793e-05
2.40097e-05
2.43456e-05
2.21174e-05
2.0935e-05
1.89568e-05
1.78294e-05
1.70966e-05
1.57538e-05
1.47456e-05
1.77455e-05
1.91853e-05
2.08943e-05
2.01228e-05
1.94542e-05
2.17041e-05
2.27561e-05
2.1616e-05
1.93341e-05
1.52788e-05
1.50015e-05
1.70799e-05
1.94266e-05
2.18629e-05
2.09703e-05
1.57613e-05
1.59525e-05
1.48837e-05
1.60712e-05
2.02894e-05
1.73087e-05
1.95797e-05
1.69589e-05
1.75847e-05
1.78837e-05
2.21455e-05
2.50881e-05
2.16178e-05
1.95769e-05
1.67891e-05
1.30896e-05
1.39443e-05
1.93808e-05
2.19342e-05
1.90283e-05
1.69297e-05
1.58224e-05
1.4107e-05
1.30592e-05
1.60257e-05
1.80154e-05
1.66134e-05
1.70685e-05
1.59487e-05
1.52789e-05
1.80022e-05
1.88587e-05
1.84033e-05
1.78947e-05
1.73631e-05
1.35541e-05
1.24485e-05
1.47887e-05
1.94823e-05
6.01326e-05
5.3207e-05
4.45004e-05
3.34701e-05
2.76186e-05
2.72771e-05
2.82438e-05
3.02739e-05
3.37421e-05
3.88319e-05
4.52659e-05
5.10903e-05
5.34583e-05
5.26432e-05
5.21181e-05
5.61044e-05
6.33738e-05
6.60191e-05
6.51299e-05
6.42853e-05
5.91297e-05
5.55789e-05
4.58502e-05
3.9514e-05
3.00942e-05
2.69829e-05
2.75544e-05
2.93055e-05
3.25244e-05
3.75028e-05
4.39596e-05
5.26822e-05
5.44948e-05
5.37343e-05
5.12174e-05
5.4562e-05
5.88542e-05
6.46122e-05
6.43873e-05
6.20899e-05
4.69605e-05
4.98789e-05
5.09372e-05
5.15777e-05
4.33082e-05
2.75185e-05
2.61773e-05
2.66722e-05
2.78308e-05
3.13874e-05
3.89038e-05
4.51794e-05
4.91336e-05
4.92695e-05
4.39009e-05
4.10215e-05
4.01711e-05
4.97882e-05
5.22255e-05
4.74757e-05
1.83543e-05
1.65789e-05
2.55119e-05
3.51599e-05
4.43625e-05
4.66716e-05
3.56355e-05
2.64137e-05
2.46606e-05
2.50397e-05
2.69731e-05
2.59775e-05
2.30783e-05
2.20844e-05
2.22983e-05
2.64764e-05
2.78067e-05
2.56084e-05
2.22564e-05
2.06793e-05
1.72002e-05
1.4969e-05
1.24854e-05
1.73277e-05
2.15485e-05
3.09216e-05
3.9824e-05
3.2384e-05
2.62852e-05
2.55523e-05
2.59217e-05
2.4206e-05
2.06825e-05
1.942e-05
2.05095e-05
2.07218e-05
2.19643e-05
2.294e-05
1.86389e-05
1.80353e-05
1.59945e-05
1.41511e-05
1.20361e-05
1.12762e-05
1.20868e-05
1.34953e-05
2.3621e-05
2.66782e-05
2.75318e-05
2.8191e-05
2.78668e-05
2.50025e-05
2.38878e-05
2.21255e-05
2.25186e-05
2.11302e-05
1.84321e-05
1.82802e-05
1.78353e-05
1.73038e-05
1.62183e-05
1.28033e-05
1.18817e-05
1.19397e-05
1.15465e-05
1.17223e-05
1.4041e-05
1.71112e-05
2.03461e-05
2.77537e-05
3.10993e-05
2.44286e-05
2.29431e-05
2.26935e-05
2.13146e-05
2.03969e-05
1.92483e-05
1.89025e-05
1.90363e-05
1.87345e-05
1.67632e-05
1.39264e-05
1.30466e-05
1.32575e-05
1.28135e-05
1.24321e-05
1.5046e-05
1.69185e-05
1.78383e-05
1.81115e-05
1.83224e-05
2.40718e-05
2.16168e-05
1.93858e-05
1.85134e-05
1.85706e-05
1.91244e-05
2.14384e-05
2.11651e-05
1.92486e-05
1.67205e-05
1.5182e-05
1.429e-05
1.34964e-05
1.29331e-05
1.44322e-05
1.48595e-05
1.70264e-05
1.80029e-05
1.66216e-05
1.45258e-05
1.80193e-05
2.02291e-05
1.88439e-05
1.76125e-05
1.71226e-05
1.80711e-05
2.13741e-05
2.27588e-05
1.97598e-05
1.64727e-05
1.44886e-05
1.36236e-05
1.2773e-05
1.07574e-05
1.31675e-05
1.47589e-05
1.66639e-05
1.73677e-05
1.78316e-05
1.38408e-05
1.65528e-05
2.28419e-05
2.32484e-05
2.0843e-05
1.66101e-05
1.69334e-05
2.05785e-05
2.1742e-05
2.13299e-05
1.5819e-05
1.38479e-05
1.34513e-05
1.26568e-05
1.24453e-05
1.26265e-05
1.56722e-05
1.85657e-05
1.80113e-05
1.63573e-05
1.53899e-05
1.925e-05
2.59179e-05
2.44576e-05
2.05294e-05
1.58764e-05
1.56417e-05
1.88536e-05
2.05875e-05
2.02172e-05
1.36071e-05
1.40875e-05
1.37931e-05
1.34212e-05
1.28093e-05
1.28051e-05
1.44118e-05
1.5368e-05
1.55769e-05
1.54406e-05
1.23092e-05
1.30969e-05
1.89334e-05
1.88614e-05
1.59538e-05
1.48622e-05
1.30487e-05
1.24183e-05
1.28969e-05
1.30042e-05
1.48597e-05
1.34562e-05
1.2934e-05
1.29018e-05
1.35943e-05
1.41198e-05
1.28816e-05
1.11827e-05
1.85757e-05
2.09807e-05
1.94063e-05
1.38851e-05
1.17281e-05
1.11159e-05
1.10005e-05
1.09273e-05
1.01033e-05
1.21154e-05
1.72734e-05
1.80413e-05
1.71296e-05
1.49037e-05
1.45367e-05
1.524e-05
1.62136e-05
1.6202e-05
1.47007e-05
1.31867e-05
1.86069e-05
2.25411e-05
2.56142e-05
2.28895e-05
1.5378e-05
1.26995e-05
1.27153e-05
1.29544e-05
1.07649e-05
1.13597e-05
1.83544e-05
1.94876e-05
2.04915e-05
2.33886e-05
2.52799e-05
1.98563e-05
1.78131e-05
1.99964e-05
2.22144e-05
1.95878e-05
1.70094e-05
2.20257e-05
2.32764e-05
2.16552e-05
2.03076e-05
1.86221e-05
1.82315e-05
1.58967e-05
1.56246e-05
2.36487e-05
2.44727e-05
2.20333e-05
2.33436e-05
2.49888e-05
2.59248e-05
2.52365e-05
2.1839e-05
2.11154e-05
2.02037e-05
1.75485e-05
2.02774e-05
2.12061e-05
2.12399e-05
2.01647e-05
1.86748e-05
1.93502e-05
1.88358e-05
1.75944e-05
1.69331e-05
2.465e-05
2.6107e-05
2.37791e-05
2.44724e-05
2.54499e-05
2.51889e-05
2.33455e-05
2.2939e-05
2.13603e-05
1.93024e-05
1.75956e-05
2.01253e-05
2.16255e-05
2.1956e-05
1.85686e-05
1.81174e-05
2.11644e-05
1.94231e-05
1.89941e-05
2.64574e-05
2.59425e-05
2.68352e-05
2.60639e-05
3.0355e-05
3.15875e-05
2.56968e-05
2.1935e-05
2.04738e-05
1.96674e-05
1.94746e-05
2.07247e-05
2.2468e-05
2.27893e-05
2.19247e-05
2.11969e-05
2.55734e-05
2.91514e-05
2.90517e-05
2.84352e-05
2.49744e-05
2.37695e-05
2.88907e-05
3.08957e-05
2.89142e-05
3.15784e-05
3.10745e-05
2.68749e-05
2.61595e-05
2.48697e-05
2.22432e-05
2.17032e-05
2.2571e-05
2.31006e-05
2.25361e-05
2.56276e-05
2.4378e-05
2.27801e-05
2.36314e-05
2.58869e-05
2.33224e-05
2.53685e-05
2.59713e-05
2.73608e-05
2.70588e-05
2.64922e-05
3.08258e-05
3.43357e-05
3.28173e-05
2.88047e-05
2.86949e-05
2.9197e-05
2.58328e-05
2.35019e-05
2.55552e-05
2.44566e-05
2.89084e-05
2.7755e-05
2.39264e-05
2.42952e-05
2.55206e-05
2.53699e-05
2.57746e-05
3.08454e-05
2.80719e-05
3.08477e-05
3.19283e-05
3.17652e-05
3.17804e-05
3.26124e-05
3.25972e-05
3.01736e-05
2.7941e-05
2.89089e-05
2.66952e-05
3.07332e-05
3.66524e-05
2.70955e-05
2.454e-05
2.59887e-05
2.4895e-05
2.45975e-05
2.82369e-05
2.74852e-05
3.13748e-05
2.84589e-05
2.7519e-05
2.8041e-05
2.94541e-05
3.15709e-05
3.28433e-05
3.63685e-05
3.92512e-05
3.69059e-05
3.89294e-05
3.74484e-05
2.86138e-05
2.57524e-05
2.46624e-05
2.39718e-05
2.42833e-05
2.69353e-05
2.7019e-05
2.85273e-05
2.91542e-05
2.73337e-05
2.77397e-05
3.00868e-05
3.14535e-05
3.41496e-05
3.72199e-05
4.0128e-05
4.21908e-05
4.20836e-05
4.08714e-05
3.08358e-05
2.72365e-05
2.48466e-05
2.44157e-05
2.4662e-05
2.61936e-05
2.80658e-05
2.99897e-05
3.05619e-05
2.80405e-05
2.71113e-05
2.79506e-05
2.98636e-05
3.21212e-05
3.49428e-05
3.80365e-05
4.06514e-05
4.17859e-05
4.18551e-05
3.89152e-05
3.13851e-05
2.63672e-05
2.44622e-05
2.42297e-05
2.50846e-05
2.6837e-05
2.86487e-05
3.00911e-05
3.00569e-05
1.35299e-05
1.30112e-05
1.33342e-05
1.31216e-05
1.3271e-05
1.36851e-05
1.30378e-05
1.21684e-05
1.30893e-05
1.07711e-05
1.11786e-05
1.09946e-05
9.62967e-06
9.03782e-06
1.11716e-05
1.17374e-05
1.15884e-05
1.40566e-05
1.51227e-05
1.52206e-05
1.43062e-05
1.31271e-05
1.22322e-05
1.31561e-05
1.30081e-05
1.30239e-05
1.27405e-05
1.29239e-05
1.21086e-05
1.26391e-05
1.44117e-05
1.46842e-05
1.43854e-05
1.39914e-05
1.41328e-05
1.35957e-05
1.25992e-05
1.26871e-05
1.74898e-05
1.8524e-05
2.54211e-05
3.09194e-05
2.99019e-05
2.47808e-05
1.95846e-05
1.54626e-05
1.53805e-05
2.0579e-05
2.18858e-05
1.98048e-05
1.95184e-05
1.95862e-05
1.90364e-05
1.8979e-05
1.8856e-05
1.62835e-05
1.3506e-05
1.31356e-05
1.82072e-05
2.22298e-05
2.46013e-05
2.63391e-05
2.30768e-05
2.2317e-05
1.66645e-05
1.55317e-05
1.79815e-05
1.98729e-05
2.22899e-05
1.99781e-05
1.95706e-05
1.82758e-05
1.76075e-05
1.97813e-05
1.95192e-05
1.80092e-05
1.54368e-05
1.80494e-05
1.87305e-05
2.74896e-05
1.97958e-05
1.96339e-05
1.94352e-05
1.95323e-05
1.89569e-05
1.8433e-05
2.06315e-05
2.08227e-05
2.34163e-05
2.06782e-05
1.94568e-05
1.92065e-05
1.79448e-05
2.04828e-05
2.3162e-05
1.88179e-05
1.72138e-05
2.41785e-05
2.47863e-05
1.98428e-05
1.69578e-05
1.92123e-05
2.32898e-05
2.20957e-05
2.18598e-05
2.49435e-05
2.44567e-05
2.17753e-05
2.20191e-05
2.11807e-05
1.86746e-05
1.82994e-05
2.08186e-05
2.32056e-05
2.10086e-05
2.40456e-05
2.90652e-05
2.86082e-05
2.64621e-05
2.23537e-05
3.13078e-05
3.39825e-05
3.14357e-05
2.81832e-05
2.57356e-05
2.67985e-05
2.43491e-05
2.34454e-05
2.24409e-05
2.23538e-05
2.00588e-05
1.8946e-05
2.07992e-05
2.33692e-05
2.47034e-05
2.67534e-05
2.94374e-05
2.33344e-05
2.14039e-05
1.92859e-05
2.70277e-05
3.41301e-05
3.70625e-05
3.44364e-05
2.60209e-05
2.26842e-05
2.26644e-05
2.47978e-05
2.2621e-05
2.16647e-05
2.00667e-05
2.01603e-05
2.58697e-05
3.0417e-05
2.94293e-05
2.76574e-05
2.79029e-05
2.72605e-05
3.25124e-05
3.48128e-05
3.80945e-05
4.49974e-05
3.52216e-05
3.09112e-05
2.27083e-05
2.32257e-05
2.2808e-05
2.36262e-05
2.21807e-05
2.12245e-05
2.66344e-05
3.2467e-05
2.99547e-05
2.59605e-05
2.8799e-05
3.35058e-05
3.21151e-05
3.31118e-05
3.37424e-05
3.6076e-05
3.4896e-05
3.29141e-05
3.27466e-05
3.22755e-05
3.29128e-05
3.3962e-05
3.48155e-05
3.66228e-05
4.33531e-05
5.7307e-05
5.52418e-05
3.75271e-05
3.56656e-05
3.76017e-05
4.00695e-05
3.90707e-05
4.05261e-05
4.35194e-05
4.05456e-05
4.91921e-05
3.92481e-05
3.45606e-05
3.52768e-05
3.8364e-05
3.87646e-05
4.06549e-05
4.63855e-05
5.02769e-05
6.21967e-05
5.17328e-05
4.58538e-05
3.93975e-05
4.06043e-05
3.48901e-05
4.81925e-05
4.98217e-05
3.83775e-05
3.74131e-05
4.91976e-05
4.38391e-05
3.20294e-05
3.29644e-05
3.52812e-05
3.85708e-05
4.17317e-05
4.49208e-05
4.86229e-05
5.46426e-05
6.18581e-05
5.19629e-05
3.62041e-05
3.2748e-05
3.3399e-05
3.45437e-05
3.55716e-05
3.60396e-05
3.59292e-05
3.46621e-05
3.20791e-05
3.1301e-05
1.25976e-05
1.07084e-05
1.09838e-05
1.2949e-05
1.46718e-05
1.51777e-05
1.5533e-05
1.50054e-05
1.28186e-05
1.13069e-05
1.14727e-05
1.12098e-05
1.06593e-05
1.0747e-05
1.08452e-05
1.16635e-05
1.26701e-05
1.36565e-05
1.44005e-05
1.52396e-05
1.50812e-05
1.31775e-05
1.27728e-05
1.34088e-05
1.34583e-05
1.31785e-05
1.3116e-05
1.35364e-05
1.30922e-05
1.47066e-05
1.5471e-05
1.4991e-05
1.41099e-05
1.3566e-05
1.19522e-05
1.15569e-05
1.19159e-05
1.21379e-05
1.39618e-05
1.53303e-05
1.51911e-05
1.66279e-05
1.89299e-05
1.8234e-05
1.71868e-05
1.56827e-05
1.38212e-05
2.17884e-05
2.4003e-05
2.11797e-05
1.86649e-05
2.0027e-05
2.12169e-05
2.07803e-05
1.77196e-05
1.43785e-05
1.12838e-05
1.28179e-05
1.48056e-05
1.61774e-05
1.86053e-05
2.3476e-05
2.29618e-05
2.25054e-05
1.93616e-05
1.59995e-05
1.70629e-05
2.24638e-05
2.6361e-05
2.56016e-05
2.10296e-05
1.96593e-05
1.93332e-05
1.84868e-05
1.58831e-05
1.4858e-05
1.44688e-05
1.43046e-05
1.54108e-05
1.6683e-05
2.39034e-05
2.16071e-05
1.93916e-05
1.93443e-05
2.07793e-05
2.22539e-05
2.47846e-05
2.61221e-05
2.45761e-05
2.3326e-05
2.32671e-05
1.98555e-05
1.80992e-05
1.98129e-05
1.98808e-05
1.94357e-05
1.68014e-05
1.44601e-05
1.67142e-05
2.29183e-05
2.02006e-05
1.84787e-05
1.65372e-05
1.92182e-05
2.34765e-05
3.01693e-05
2.71069e-05
2.55762e-05
2.63997e-05
2.75259e-05
2.84071e-05
2.39025e-05
1.91193e-05
1.81291e-05
2.10559e-05
2.30912e-05
2.2753e-05
1.90707e-05
1.85534e-05
2.00871e-05
1.53298e-05
1.44706e-05
1.47799e-05
2.70427e-05
3.43716e-05
3.0789e-05
2.60842e-05
2.60275e-05
2.93996e-05
3.03456e-05
2.75195e-05
1.97002e-05
1.80661e-05
1.82806e-05
2.20009e-05
2.38534e-05
2.35981e-05
1.89778e-05
1.8369e-05
1.69412e-05
1.42237e-05
1.32768e-05
2.12274e-05
4.20803e-05
3.16785e-05
2.72814e-05
2.69435e-05
2.81356e-05
2.91128e-05
2.84213e-05
2.80274e-05
2.58117e-05
2.29493e-05
1.92326e-05
1.96077e-05
2.06793e-05
2.05907e-05
1.98109e-05
1.71156e-05
1.51013e-05
1.44529e-05
3.23317e-05
5.34079e-05
3.47437e-05
2.8674e-05
2.71908e-05
2.73826e-05
2.70267e-05
2.64284e-05
3.02223e-05
3.54691e-05
3.22071e-05
2.37281e-05
2.19301e-05
1.91714e-05
1.85227e-05
1.89413e-05
1.89603e-05
1.70684e-05
1.43455e-05
5.93315e-05
6.05416e-05
4.54778e-05
3.03498e-05
2.95036e-05
2.94339e-05
2.96895e-05
2.99924e-05
3.39118e-05
3.77127e-05
3.90907e-05
3.57751e-05
3.54497e-05
3.78659e-05
3.97786e-05
3.99544e-05
3.57087e-05
3.67054e-05
3.89611e-05
4.62758e-05
6.14881e-05
4.98195e-05
3.29719e-05
2.99196e-05
3.04428e-05
3.11177e-05
3.24007e-05
3.37056e-05
3.69446e-05
3.91605e-05
4.21207e-05
4.70564e-05
4.8979e-05
5.29712e-05
5.49635e-05
5.83295e-05
6.13896e-05
6.64409e-05
7.04939e-05
6.92401e-05
5.86799e-05
4.08736e-05
3.11158e-05
2.97617e-05
3.01641e-05
3.13771e-05
3.28598e-05
3.43091e-05
3.61691e-05
3.95279e-05
4.35674e-05
4.84859e-05
5.23171e-05
5.47911e-05
5.78267e-05
6.19907e-05
6.73172e-05
7.23299e-05
7.47713e-05
7.18607e-05
1.54826e-05
1.15619e-05
1.05204e-05
1.20732e-05
1.43043e-05
1.49969e-05
1.46054e-05
1.3914e-05
1.2761e-05
1.18898e-05
1.19321e-05
1.13567e-05
1.11487e-05
1.16077e-05
1.14263e-05
1.17421e-05
1.34564e-05
1.44179e-05
1.62796e-05
1.6594e-05
1.66993e-05
1.5416e-05
1.41044e-05
1.41682e-05
1.5023e-05
1.54463e-05
1.52409e-05
1.4201e-05
1.25442e-05
1.42545e-05
1.60736e-05
1.55969e-05
1.42733e-05
1.40595e-05
1.23258e-05
1.14452e-05
1.34139e-05
1.40194e-05
1.47391e-05
1.63934e-05
1.42805e-05
1.4715e-05
1.55638e-05
1.49277e-05
1.58603e-05
1.59766e-05
1.48743e-05
1.65321e-05
1.59787e-05
1.50783e-05
1.48264e-05
2.14631e-05
2.233e-05
2.16334e-05
1.72527e-05
1.4728e-05
1.3971e-05
1.36594e-05
1.36423e-05
1.40018e-05
1.61263e-05
1.80008e-05
1.89548e-05
1.8823e-05
1.73182e-05
1.57315e-05
1.57562e-05
1.4712e-05
1.98309e-05
1.99951e-05
2.13696e-05
2.18798e-05
2.0841e-05
1.99125e-05
1.84349e-05
1.7566e-05
1.87503e-05
1.90006e-05
1.74073e-05
1.61531e-05
2.05737e-05
1.91381e-05
1.80393e-05
1.8287e-05
1.71505e-05
1.77451e-05
2.54832e-05
2.40381e-05
2.05754e-05
1.97295e-05
2.24995e-05
2.24757e-05
2.05547e-05
2.1846e-05
2.32759e-05
2.29606e-05
1.98307e-05
1.76422e-05
1.77895e-05
2.06748e-05
1.85403e-05
1.56316e-05
1.47816e-05
1.64981e-05
1.77198e-05
2.85562e-05
2.93485e-05
2.8089e-05
2.50514e-05
2.49945e-05
2.68509e-05
2.42553e-05
1.95486e-05
1.7445e-05
1.75865e-05
2.06905e-05
2.06048e-05
1.85782e-05
1.85475e-05
1.95354e-05
1.60753e-05
1.36162e-05
1.37124e-05
1.97572e-05
2.79153e-05
2.90289e-05
2.9007e-05
3.12821e-05
3.10307e-05
3.18559e-05
2.89257e-05
2.20754e-05
1.99389e-05
1.87127e-05
1.87978e-05
1.9467e-05
1.88817e-05
1.83918e-05
1.80591e-05
1.8333e-05
1.52264e-05
1.38426e-05
1.23626e-05
3.26963e-05
3.22096e-05
2.62924e-05
2.70498e-05
2.74423e-05
2.91759e-05
2.91328e-05
2.54085e-05
2.5602e-05
2.246e-05
2.13859e-05
1.92205e-05
1.8835e-05
1.86811e-05
1.85261e-05
1.8002e-05
1.66927e-05
1.43731e-05
1.75519e-05
3.7372e-05
4.07918e-05
2.66142e-05
2.61211e-05
2.63045e-05
2.49936e-05
2.54928e-05
2.38079e-05
2.57789e-05
2.59587e-05
2.46369e-05
2.44446e-05
2.28197e-05
2.11037e-05
2.02916e-05
1.88603e-05
1.65743e-05
1.573e-05
5.25372e-05
6.08958e-05
5.05031e-05
3.72141e-05
3.44665e-05
3.28121e-05
3.34128e-05
3.50516e-05
3.39495e-05
3.25934e-05
3.21177e-05
3.16313e-05
3.15898e-05
3.28203e-05
3.47954e-05
3.64008e-05
3.5161e-05
3.32748e-05
3.45409e-05
4.14841e-05
6.87433e-05
5.64277e-05
4.29814e-05
3.77047e-05
3.6857e-05
3.77052e-05
3.95536e-05
4.0856e-05
4.0465e-05
4.10508e-05
4.21386e-05
4.4026e-05
4.5859e-05
4.93949e-05
5.17454e-05
5.49601e-05
5.83925e-05
6.19824e-05
7.00704e-05
7.23818e-05
6.85328e-05
5.4553e-05
4.29579e-05
3.83129e-05
3.72376e-05
3.86421e-05
4.03281e-05
4.11874e-05
4.13524e-05
4.26454e-05
4.47354e-05
4.67756e-05
4.89585e-05
5.21068e-05
5.57813e-05
5.86353e-05
6.218e-05
6.8904e-05
7.51958e-05
7.67665e-05
1.44701e-05
1.44711e-05
1.42767e-05
1.32144e-05
1.40801e-05
1.33811e-05
1.2811e-05
1.1602e-05
1.52918e-05
1.79225e-05
1.73076e-05
1.41142e-05
1.49428e-05
1.30478e-05
1.25925e-05
1.2087e-05
1.269e-05
1.29222e-05
1.30372e-05
1.32932e-05
1.45051e-05
1.4437e-05
1.45398e-05
1.45618e-05
1.41572e-05
1.30197e-05
1.42399e-05
1.20698e-05
1.42721e-05
1.75132e-05
1.86308e-05
1.77605e-05
2.067e-05
2.12258e-05
1.77494e-05
1.35136e-05
1.18995e-05
1.23196e-05
1.39119e-05
1.42736e-05
1.31118e-05
1.52341e-05
1.61077e-05
1.52844e-05
1.3977e-05
1.26031e-05
1.21217e-05
1.09778e-05
1.66677e-05
2.02229e-05
1.92095e-05
2.65822e-05
2.64057e-05
2.4057e-05
2.01643e-05
1.8301e-05
1.66101e-05
1.63284e-05
1.43515e-05
1.28742e-05
1.46947e-05
1.50858e-05
1.72246e-05
1.56624e-05
1.45439e-05
1.2795e-05
1.27677e-05
1.12774e-05
1.63989e-05
1.61576e-05
2.26869e-05
2.73649e-05
2.57775e-05
2.31407e-05
2.04099e-05
1.70548e-05
1.63302e-05
1.71258e-05
1.37686e-05
1.29543e-05
1.51415e-05
1.54825e-05
1.48048e-05
1.33049e-05
1.42102e-05
1.26713e-05
1.20959e-05
1.18033e-05
1.43915e-05
2.77972e-05
2.62768e-05
2.38421e-05
2.40451e-05
2.2062e-05
2.05631e-05
1.80065e-05
1.77481e-05
1.85428e-05
1.73963e-05
1.64468e-05
1.75603e-05
2.3809e-05
2.21394e-05
1.89638e-05
1.79359e-05
1.76195e-05
1.67358e-05
1.97428e-05
3.54858e-05
3.46216e-05
2.69443e-05
2.09617e-05
2.07144e-05
1.90175e-05
1.74555e-05
1.87426e-05
1.88073e-05
1.72433e-05
1.77134e-05
1.91447e-05
2.74627e-05
2.4848e-05
2.11191e-05
2.09433e-05
2.02574e-05
1.89824e-05
1.99513e-05
3.10356e-05
3.28066e-05
2.89067e-05
2.42075e-05
2.06804e-05
1.71434e-05
1.77717e-05
1.96839e-05
2.21256e-05
2.19828e-05
2.04715e-05
2.24099e-05
2.52524e-05
2.57221e-05
2.14535e-05
2.0045e-05
2.14325e-05
2.64113e-05
2.98783e-05
3.5534e-05
3.31901e-05
2.97617e-05
2.55747e-05
2.45359e-05
2.23806e-05
2.31799e-05
2.43302e-05
2.5891e-05
2.73124e-05
2.51339e-05
2.47611e-05
2.49239e-05
2.40071e-05
2.15493e-05
3.42767e-05
3.54972e-05
3.98869e-05
3.48905e-05
4.41156e-05
4.47361e-05
3.01811e-05
2.67137e-05
2.58114e-05
2.65376e-05
2.93918e-05
3.23717e-05
2.98895e-05
2.96703e-05
2.8313e-05
3.12998e-05
2.65307e-05
2.83532e-05
2.62364e-05
5.43247e-05
5.31339e-05
4.91094e-05
4.36983e-05
4.51042e-05
4.15493e-05
3.46535e-05
3.24576e-05
2.98492e-05
3.29331e-05
3.2716e-05
3.55286e-05
4.14984e-05
3.40645e-05
3.7694e-05
3.74809e-05
3.77361e-05
3.80378e-05
4.22638e-05
4.78063e-05
6.2905e-05
5.3901e-05
4.29816e-05
4.11647e-05
3.83516e-05
3.37676e-05
2.98969e-05
2.98085e-05
2.96803e-05
3.32072e-05
3.83181e-05
3.43281e-05
3.4909e-05
3.60598e-05
3.71252e-05
4.2786e-05
4.83755e-05
5.17821e-05
5.08065e-05
5.45753e-05
6.0571e-05
5.24749e-05
4.34934e-05
3.77192e-05
3.47227e-05
3.13323e-05
2.97606e-05
2.97604e-05
2.97927e-05
3.02049e-05
3.12861e-05
3.30036e-05
3.47554e-05
3.70733e-05
4.09815e-05
4.4657e-05
4.87878e-05
5.48096e-05
6.01951e-05
6.27718e-05
1.40571e-05
1.41232e-05
1.43612e-05
1.3966e-05
1.29218e-05
1.26551e-05
1.39045e-05
1.35621e-05
1.43269e-05
1.64745e-05
1.74538e-05
1.66833e-05
1.43747e-05
1.3148e-05
1.28378e-05
1.2345e-05
1.22409e-05
1.18046e-05
1.19339e-05
1.32574e-05
1.34419e-05
1.31003e-05
1.30634e-05
1.4251e-05
1.41822e-05
1.26068e-05
1.21993e-05
1.14714e-05
1.18687e-05
1.59894e-05
1.66168e-05
1.61578e-05
1.66869e-05
1.68137e-05
1.53492e-05
1.35095e-05
1.24128e-05
1.20714e-05
1.27261e-05
1.36642e-05
1.3396e-05
1.20895e-05
1.32856e-05
1.54714e-05
1.72133e-05
1.49201e-05
1.24171e-05
7.71942e-06
1.6168e-05
2.33452e-05
1.95378e-05
1.74499e-05
2.00189e-05
2.08292e-05
2.00413e-05
1.96832e-05
1.84534e-05
1.56539e-05
1.41235e-05
1.37934e-05
1.50085e-05
1.57017e-05
1.54147e-05
1.56333e-05
1.84666e-05
1.87136e-05
1.25636e-05
1.40476e-05
2.45794e-05
2.55247e-05
2.50781e-05
2.45306e-05
2.57635e-05
2.2601e-05
1.84194e-05
1.69564e-05
1.64287e-05
1.64375e-05
1.5081e-05
1.39998e-05
1.5097e-05
1.58694e-05
1.40685e-05
1.49667e-05
1.81671e-05
1.98528e-05
1.52544e-05
1.62321e-05
2.04115e-05
2.4665e-05
2.6019e-05
2.49792e-05
2.46822e-05
2.2843e-05
1.97316e-05
1.75801e-05
1.76767e-05
1.83464e-05
1.76973e-05
1.47912e-05
2.03448e-05
2.35231e-05
1.62797e-05
1.57577e-05
1.76705e-05
1.82984e-05
2.64703e-05
2.26224e-05
2.58646e-05
2.41852e-05
2.21718e-05
2.24665e-05
2.00809e-05
1.68479e-05
1.69232e-05
1.7748e-05
1.7844e-05
1.78195e-05
1.7014e-05
1.04042e-05
3.69561e-05
3.49565e-05
2.99163e-05
2.28861e-05
2.08371e-05
2.18437e-05
3.00208e-05
3.10052e-05
3.54043e-05
2.72986e-05
2.17744e-05
2.0519e-05
1.80994e-05
1.58305e-05
1.51491e-05
1.59459e-05
1.67685e-05
1.68831e-05
1.55719e-05
2.1853e-05
2.69525e-05
2.56011e-05
2.76274e-05
2.79282e-05
2.72594e-05
3.71068e-05
3.56601e-05
4.17382e-05
4.39468e-05
3.48837e-05
2.15441e-05
1.96274e-05
1.83544e-05
1.716e-05
1.64746e-05
1.60455e-05
1.66133e-05
1.57702e-05
2.83566e-05
3.59304e-05
3.10468e-05
2.9098e-05
2.84405e-05
3.04384e-05
4.62874e-05
4.55447e-05
4.16212e-05
4.7253e-05
3.78296e-05
3.31636e-05
2.86557e-05
2.42347e-05
2.61686e-05
2.49304e-05
1.9636e-05
1.90868e-05
1.91294e-05
3.4403e-05
4.27748e-05
3.17753e-05
4.32159e-05
4.54168e-05
4.93748e-05
5.25622e-05
4.82865e-05
4.26904e-05
3.94599e-05
3.74493e-05
3.65751e-05
4.14812e-05
4.35697e-05
4.37085e-05
4.11382e-05
4.1428e-05
4.54282e-05
5.0392e-05
5.41382e-05
4.57287e-05
3.75676e-05
3.9628e-05
4.56353e-05
4.73337e-05
4.89753e-05
4.61956e-05
3.92969e-05
3.60499e-05
3.44618e-05
3.50717e-05
3.79633e-05
4.19524e-05
4.65644e-05
5.0497e-05
5.24955e-05
5.42092e-05
5.25146e-05
5.07688e-05
4.56269e-05
3.73929e-05
3.66388e-05
4.15878e-05
4.38123e-05
4.5434e-05
4.53615e-05
4.06734e-05
3.54958e-05
3.3729e-05
3.34938e-05
3.48185e-05
3.7058e-05
4.01928e-05
4.49225e-05
5.04341e-05
5.46306e-05
5.46954e-05
5.04902e-05
4.61129e-05
4.14991e-05
3.68746e-05
3.71922e-05
4.03255e-05
1.49114e-05
1.53213e-05
1.55906e-05
1.44926e-05
1.31459e-05
1.10897e-05
1.31943e-05
1.60196e-05
1.53824e-05
1.53086e-05
1.64055e-05
1.72853e-05
1.44659e-05
1.34598e-05
1.30368e-05
1.25186e-05
1.24207e-05
1.20734e-05
1.23667e-05
1.35197e-05
1.3789e-05
1.35507e-05
1.40128e-05
1.54812e-05
1.50578e-05
1.18203e-05
1.20552e-05
1.30672e-05
1.3028e-05
1.33035e-05
1.69046e-05
1.67186e-05
1.49101e-05
1.43385e-05
1.45291e-05
1.41377e-05
1.24592e-05
1.15583e-05
1.18696e-05
1.26214e-05
1.38083e-05
1.41216e-05
1.5698e-05
1.87095e-05
1.91367e-05
1.49718e-05
1.25473e-05
1.02263e-05
1.83579e-05
2.55126e-05
2.39518e-05
1.76709e-05
1.63039e-05
1.70321e-05
1.83281e-05
1.85007e-05
1.75973e-05
1.41859e-05
1.3366e-05
1.3833e-05
2.12715e-05
2.21274e-05
2.00146e-05
1.77535e-05
2.52779e-05
2.12157e-05
1.49745e-05
1.85157e-05
2.39796e-05
2.40421e-05
2.36408e-05
2.04249e-05
1.96398e-05
2.04144e-05
1.89408e-05
1.71661e-05
1.53442e-05
1.50282e-05
1.4172e-05
1.38593e-05
1.90803e-05
2.20872e-05
1.71965e-05
1.85188e-05
2.54035e-05
2.52321e-05
2.00351e-05
2.04408e-05
2.28678e-05
2.37587e-05
2.44619e-05
2.0051e-05
1.81057e-05
1.8618e-05
1.81566e-05
1.77128e-05
1.80519e-05
1.81894e-05
1.52028e-05
1.65004e-05
2.20565e-05
2.47577e-05
2.25608e-05
2.64796e-05
2.71925e-05
3.21475e-05
3.53217e-05
3.37316e-05
2.96388e-05
2.35335e-05
2.24477e-05
2.12798e-05
1.66921e-05
1.56783e-05
1.57577e-05
1.73359e-05
1.78346e-05
1.674e-05
1.62809e-05
1.4898e-05
3.70159e-05
4.23871e-05
4.27003e-05
3.33978e-05
3.34502e-05
3.13695e-05
2.93241e-05
3.25972e-05
3.76471e-05
2.59091e-05
2.15279e-05
1.90347e-05
1.769e-05
1.55472e-05
1.60714e-05
1.85258e-05
1.8052e-05
1.63067e-05
1.5455e-05
2.2035e-05
2.86492e-05
2.7318e-05
3.05714e-05
3.58448e-05
3.87179e-05
3.39453e-05
3.02414e-05
3.34093e-05
3.64447e-05
2.58098e-05
2.06149e-05
2.06367e-05
2.20374e-05
2.64742e-05
2.31501e-05
2.09997e-05
1.80579e-05
1.79403e-05
2.51739e-05
3.7568e-05
3.10875e-05
3.09484e-05
3.63263e-05
3.88698e-05
3.98033e-05
3.33723e-05
3.26948e-05
3.31216e-05
2.86561e-05
2.46412e-05
2.37458e-05
2.84478e-05
3.23327e-05
2.85028e-05
2.49941e-05
2.28685e-05
2.17934e-05
3.78344e-05
4.59233e-05
3.66661e-05
3.51074e-05
3.89522e-05
4.09994e-05
3.99508e-05
3.53148e-05
3.37409e-05
3.43427e-05
3.74146e-05
3.95659e-05
4.29591e-05
4.24841e-05
4.09345e-05
3.76297e-05
3.89618e-05
4.47993e-05
4.89698e-05
5.25312e-05
4.36698e-05
3.42522e-05
3.1224e-05
3.23223e-05
3.50356e-05
3.51275e-05
3.24198e-05
3.2463e-05
3.34137e-05
3.53026e-05
3.77526e-05
4.14817e-05
4.2684e-05
4.31612e-05
4.40594e-05
4.60611e-05
4.7788e-05
4.80867e-05
4.70283e-05
4.04499e-05
3.15353e-05
2.99902e-05
3.07512e-05
3.12348e-05
3.18818e-05
3.20552e-05
3.1288e-05
3.14694e-05
3.30186e-05
3.50552e-05
3.72836e-05
3.92856e-05
4.08459e-05
4.23376e-05
4.44575e-05
4.65896e-05
4.74222e-05
4.57282e-05
4.21026e-05
3.62564e-05
3.0777e-05
2.9884e-05
3.01427e-05
1.71313e-05
1.79161e-05
1.75825e-05
1.63242e-05
1.39204e-05
1.43565e-05
1.60156e-05
1.71532e-05
1.73189e-05
1.67924e-05
1.66299e-05
1.65314e-05
1.45251e-05
1.31709e-05
1.30297e-05
1.31936e-05
1.3055e-05
1.21489e-05
1.15519e-05
1.4626e-05
2.0813e-05
2.02227e-05
1.72294e-05
1.58337e-05
1.55253e-05
1.70564e-05
1.90426e-05
1.88027e-05
1.72162e-05
1.65339e-05
1.71844e-05
1.66314e-05
1.53564e-05
1.50473e-05
1.59017e-05
1.5894e-05
1.42338e-05
1.33888e-05
1.48115e-05
1.88445e-05
2.71078e-05
2.41978e-05
2.17701e-05
1.86824e-05
1.67497e-05
1.58874e-05
1.59296e-05
1.46751e-05
1.60965e-05
1.76378e-05
1.77159e-05
1.72016e-05
1.60743e-05
1.68344e-05
1.85699e-05
1.82654e-05
1.61217e-05
1.96045e-05
2.30457e-05
2.63156e-05
2.4778e-05
2.33999e-05
2.15185e-05
2.00312e-05
2.37495e-05
2.26774e-05
1.84383e-05
1.95949e-05
2.20264e-05
2.53058e-05
2.68814e-05
2.26069e-05
1.86717e-05
1.63906e-05
1.63616e-05
1.91355e-05
2.30061e-05
2.3804e-05
2.60658e-05
2.55739e-05
2.49741e-05
2.30712e-05
2.11335e-05
1.92774e-05
2.33011e-05
2.73724e-05
2.4428e-05
2.45255e-05
2.46886e-05
2.25192e-05
2.23677e-05
2.08068e-05
1.89051e-05
1.68907e-05
2.09655e-05
2.46317e-05
2.93715e-05
3.20482e-05
3.01394e-05
2.82414e-05
2.78151e-05
2.35098e-05
2.20343e-05
2.12768e-05
2.27778e-05
2.80165e-05
2.75253e-05
2.39947e-05
2.26757e-05
2.26053e-05
2.26957e-05
2.29698e-05
2.15377e-05
2.24536e-05
2.78195e-05
2.66441e-05
2.63146e-05
2.57621e-05
2.71861e-05
2.94625e-05
2.55907e-05
2.34837e-05
2.86052e-05
2.55035e-05
2.43084e-05
2.53788e-05
2.4891e-05
2.24597e-05
2.42879e-05
2.45568e-05
2.45662e-05
2.27479e-05
2.50173e-05
2.74269e-05
2.4713e-05
2.27086e-05
2.06064e-05
2.04711e-05
2.32326e-05
2.83696e-05
2.78455e-05
2.64817e-05
2.59931e-05
2.4099e-05
2.43585e-05
2.61272e-05
2.78134e-05
2.88315e-05
2.65129e-05
2.57257e-05
2.39628e-05
2.58727e-05
2.78491e-05
2.44778e-05
2.33783e-05
2.19052e-05
2.0587e-05
2.07867e-05
2.29986e-05
2.82559e-05
3.48678e-05
2.92405e-05
2.76679e-05
3.04246e-05
3.69786e-05
3.80201e-05
3.37676e-05
3.04428e-05
2.59302e-05
2.51089e-05
2.60461e-05
2.8566e-05
2.70169e-05
2.35699e-05
2.40311e-05
2.35986e-05
2.41645e-05
2.52136e-05
2.8024e-05
3.17599e-05
3.85033e-05
3.83213e-05
3.86952e-05
4.15362e-05
4.18675e-05
3.32732e-05
3.02051e-05
2.77637e-05
2.75578e-05
2.8366e-05
2.68778e-05
2.50367e-05
2.51628e-05
2.69305e-05
2.8313e-05
3.07212e-05
3.23001e-05
3.62161e-05
3.90198e-05
4.03268e-05
3.96052e-05
3.81235e-05
3.7993e-05
3.73972e-05
3.25648e-05
3.05537e-05
2.86153e-05
2.78628e-05
2.76575e-05
2.72443e-05
2.64009e-05
2.69484e-05
2.77717e-05
2.95091e-05
3.1189e-05
3.26393e-05
3.55565e-05
3.85591e-05
4.04274e-05
3.99339e-05
3.95532e-05
3.73482e-05
3.56808e-05
3.40027e-05
3.10119e-05
2.89789e-05
2.80627e-05
2.74568e-05
2.68155e-05
2.62547e-05
2.614e-05
2.69919e-05
2.84348e-05
2.97706e-05
3.11296e-05
3.31396e-05
3.59096e-05
3.84134e-05
3.94606e-05
3.99589e-05
1.48337e-05
1.74603e-05
1.77523e-05
1.76385e-05
1.84692e-05
1.96749e-05
1.89452e-05
1.8411e-05
1.69317e-05
1.5182e-05
1.46575e-05
1.45814e-05
1.42989e-05
1.33034e-05
1.27273e-05
1.30329e-05
1.2692e-05
1.23545e-05
1.20428e-05
1.30185e-05
1.93554e-05
1.80133e-05
1.80924e-05
1.92905e-05
2.01656e-05
2.03026e-05
1.99847e-05
1.92834e-05
1.78713e-05
1.59349e-05
1.46289e-05
1.31619e-05
1.28715e-05
1.39132e-05
1.54262e-05
1.51475e-05
1.36711e-05
1.34039e-05
1.4473e-05
1.72901e-05
2.24e-05
2.20363e-05
1.98047e-05
1.88771e-05
1.84099e-05
1.79445e-05
1.92717e-05
1.96734e-05
1.66542e-05
1.5565e-05
1.50804e-05
1.1737e-05
1.24087e-05
2.07914e-05
2.13589e-05
1.80419e-05
1.56969e-05
1.63839e-05
1.87407e-05
2.32102e-05
2.50689e-05
2.68467e-05
2.53305e-05
2.12964e-05
2.02291e-05
1.99052e-05
1.95808e-05
1.72674e-05
1.82192e-05
1.97249e-05
1.55343e-05
1.27684e-05
1.75943e-05
1.94959e-05
2.12466e-05
2.10852e-05
2.21427e-05
2.34157e-05
2.43054e-05
2.61353e-05
2.42048e-05
2.38747e-05
2.26936e-05
2.1661e-05
2.29053e-05
2.31634e-05
1.913e-05
1.74347e-05
2.10915e-05
2.24808e-05
2.01461e-05
1.89304e-05
2.13897e-05
2.08783e-05
2.25298e-05
2.28494e-05
2.17026e-05
2.48498e-05
2.52949e-05
2.52593e-05
2.61988e-05
2.26767e-05
2.10055e-05
2.3619e-05
2.44376e-05
2.60546e-05
2.44352e-05
2.34851e-05
2.07623e-05
2.22352e-05
2.63035e-05
2.43314e-05
2.22896e-05
2.12092e-05
2.18194e-05
2.00825e-05
1.8185e-05
2.41563e-05
2.88065e-05
2.84766e-05
3.01513e-05
2.38981e-05
2.22252e-05
2.26877e-05
2.34628e-05
2.28723e-05
2.29548e-05
2.43626e-05
2.31587e-05
2.2849e-05
2.22528e-05
2.23336e-05
2.15221e-05
2.14802e-05
2.28121e-05
2.32218e-05
2.63403e-05
3.08787e-05
2.98943e-05
2.63577e-05
3.12306e-05
2.73437e-05
2.63431e-05
2.93277e-05
3.21788e-05
3.43605e-05
3.49566e-05
3.10723e-05
2.59551e-05
2.4538e-05
2.55974e-05
2.59732e-05
2.55706e-05
2.56098e-05
2.82817e-05
3.50789e-05
3.31304e-05
3.36419e-05
3.07753e-05
3.12423e-05
3.36794e-05
3.34732e-05
3.45795e-05
3.72179e-05
3.96804e-05
3.84042e-05
3.43501e-05
3.01811e-05
2.98697e-05
3.03523e-05
3.08925e-05
3.17013e-05
3.30313e-05
3.6149e-05
3.8858e-05
3.65319e-05
3.38041e-05
3.5907e-05
3.67035e-05
3.87625e-05
3.22918e-05
3.24042e-05
3.12036e-05
2.9832e-05
2.9612e-05
3.01077e-05
3.16729e-05
3.31229e-05
3.34223e-05
3.40256e-05
3.46684e-05
3.61197e-05
3.65656e-05
3.63756e-05
3.43028e-05
3.0676e-05
3.29034e-05
3.81236e-05
4.13577e-05
3.82096e-05
3.0559e-05
2.82946e-05
2.79565e-05
2.84258e-05
2.95649e-05
3.03891e-05
3.17575e-05
3.20648e-05
3.26225e-05
3.32915e-05
3.35827e-05
3.33407e-05
3.2678e-05
3.03029e-05
2.82914e-05
2.81432e-05
3.07538e-05
3.5466e-05
3.90211e-05
3.27169e-05
3.05194e-05
2.80836e-05
2.71899e-05
2.78885e-05
2.88715e-05
2.98227e-05
3.06717e-05
3.12605e-05
3.1634e-05
3.21228e-05
3.23383e-05
3.17226e-05
3.04759e-05
2.88399e-05
2.73877e-05
2.7609e-05
3.00376e-05
3.35698e-05
3.54053e-05
3.29007e-05
1.54609e-05
1.91719e-05
1.95258e-05
1.87289e-05
1.92328e-05
2.0627e-05
2.03023e-05
1.97594e-05
1.78486e-05
1.45123e-05
1.37556e-05
1.42578e-05
1.45232e-05
1.37417e-05
1.27189e-05
1.27142e-05
1.25274e-05
1.21217e-05
1.21822e-05
1.18708e-05
1.68713e-05
1.70064e-05
1.84443e-05
1.84004e-05
1.75666e-05
1.84963e-05
2.00175e-05
1.97773e-05
1.73256e-05
1.5575e-05
1.28114e-05
1.18774e-05
1.26975e-05
1.3023e-05
1.35885e-05
1.35513e-05
1.35831e-05
1.377e-05
1.42197e-05
1.71734e-05
1.75526e-05
1.79226e-05
1.7594e-05
1.75719e-05
1.78752e-05
1.7513e-05
1.68e-05
1.72114e-05
1.63348e-05
1.47177e-05
1.31894e-05
1.1967e-05
1.20246e-05
1.90869e-05
1.94252e-05
1.86512e-05
1.49951e-05
1.38617e-05
1.58813e-05
1.83693e-05
1.93898e-05
2.5729e-05
2.72377e-05
2.43163e-05
2.22903e-05
2.06288e-05
1.9479e-05
1.82959e-05
1.78625e-05
1.63663e-05
1.47293e-05
1.21442e-05
1.83022e-05
2.04093e-05
2.04363e-05
1.97725e-05
1.87798e-05
1.79813e-05
2.0999e-05
2.13494e-05
2.12922e-05
2.41556e-05
2.3958e-05
2.4773e-05
2.7317e-05
2.73613e-05
2.25084e-05
2.0352e-05
1.98347e-05
1.88275e-05
1.46325e-05
1.47863e-05
1.74746e-05
1.68887e-05
1.72762e-05
1.85759e-05
1.88717e-05
1.80921e-05
2.02258e-05
2.26875e-05
1.92214e-05
2.23099e-05
2.12225e-05
2.11845e-05
2.15326e-05
2.51423e-05
2.54972e-05
2.34293e-05
1.88036e-05
1.88095e-05
1.99175e-05
1.91954e-05
1.61475e-05
1.49379e-05
1.47393e-05
1.477e-05
1.43795e-05
1.48144e-05
1.73011e-05
2.01788e-05
2.18478e-05
2.38996e-05
2.19965e-05
2.15865e-05
2.14162e-05
2.17268e-05
2.30592e-05
2.27422e-05
2.11899e-05
2.26287e-05
2.24126e-05
1.7924e-05
1.45989e-05
1.39447e-05
1.38581e-05
1.3771e-05
1.45948e-05
1.54744e-05
1.58115e-05
1.54856e-05
2.61171e-05
2.76151e-05
2.47412e-05
2.50654e-05
2.68306e-05
2.93184e-05
3.13726e-05
2.96174e-05
2.74309e-05
2.44925e-05
2.30966e-05
2.17187e-05
1.96138e-05
1.87241e-05
1.85889e-05
2.21899e-05
2.09024e-05
2.03222e-05
2.17579e-05
1.74543e-05
3.59304e-05
3.04872e-05
2.77214e-05
2.69948e-05
2.69186e-05
2.77772e-05
2.88941e-05
2.88077e-05
2.95849e-05
2.9733e-05
3.08448e-05
3.16115e-05
3.02781e-05
3.10959e-05
3.24751e-05
3.56081e-05
3.39604e-05
3.88988e-05
3.65425e-05
3.38175e-05
3.33392e-05
2.9242e-05
2.90188e-05
2.97586e-05
3.15192e-05
3.4591e-05
3.68417e-05
3.81267e-05
3.97927e-05
4.03558e-05
4.00743e-05
4.01404e-05
4.10765e-05
4.26379e-05
4.36082e-05
4.13536e-05
4.18354e-05
4.3239e-05
4.88508e-05
5.78866e-05
3.28984e-05
3.18157e-05
3.24107e-05
3.4337e-05
3.66699e-05
3.73345e-05
3.86234e-05
3.9027e-05
3.94706e-05
3.98456e-05
4.04963e-05
4.13147e-05
4.18639e-05
4.18705e-05
4.12503e-05
4.07651e-05
4.33699e-05
4.9634e-05
5.79612e-05
4.93028e-05
3.50528e-05
3.32183e-05
3.34984e-05
3.52235e-05
3.65195e-05
3.71013e-05
3.75473e-05
3.79985e-05
3.82525e-05
3.89283e-05
4.00323e-05
4.06956e-05
4.06937e-05
4.02529e-05
3.97156e-05
4.06546e-05
4.46811e-05
5.10065e-05
5.30184e-05
4.26139e-05
1.7543e-05
1.89198e-05
1.98165e-05
1.82826e-05
1.58778e-05
2.22394e-05
2.78962e-05
2.65785e-05
1.87873e-05
1.47437e-05
1.32908e-05
1.29876e-05
1.37198e-05
1.26242e-05
1.2257e-05
1.16229e-05
1.12555e-05
1.20448e-05
1.01536e-05
1.04058e-05
1.9267e-05
1.57338e-05
1.58075e-05
1.90491e-05
1.92582e-05
2.10641e-05
2.11999e-05
2.12807e-05
2.02238e-05
1.56746e-05
1.47232e-05
1.29613e-05
1.28778e-05
1.37457e-05
1.47884e-05
1.42259e-05
1.41136e-05
1.35636e-05
1.23296e-05
1.75787e-05
1.35253e-05
1.37063e-05
1.62728e-05
1.78547e-05
1.79502e-05
1.9512e-05
2.0837e-05
1.80897e-05
2.02022e-05
1.62082e-05
1.29037e-05
1.34473e-05
1.45554e-05
1.51818e-05
1.39136e-05
1.35066e-05
1.35236e-05
1.51039e-05
1.52e-05
1.44235e-05
1.51284e-05
1.7747e-05
1.86696e-05
1.89997e-05
1.76472e-05
1.89282e-05
1.95256e-05
1.81131e-05
1.42552e-05
1.19691e-05
1.34778e-05
1.58278e-05
1.78011e-05
1.68867e-05
1.60929e-05
1.38953e-05
1.33113e-05
1.32763e-05
1.2283e-05
1.49471e-05
1.64639e-05
1.79831e-05
2.03369e-05
2.55016e-05
2.58934e-05
2.60219e-05
2.41639e-05
2.21255e-05
1.64059e-05
1.40348e-05
1.25669e-05
1.45445e-05
1.69201e-05
1.69815e-05
1.49881e-05
1.44189e-05
1.3669e-05
1.25636e-05
1.32747e-05
1.67625e-05
1.46516e-05
1.69158e-05
1.94e-05
2.05694e-05
2.0824e-05
1.91317e-05
1.8814e-05
1.93702e-05
1.70559e-05
1.49472e-05
1.44322e-05
1.55161e-05
1.56066e-05
1.54288e-05
1.40548e-05
1.33604e-05
1.27215e-05
1.29574e-05
1.36366e-05
1.61283e-05
1.16202e-05
1.53856e-05
1.82392e-05
1.72762e-05
1.7772e-05
1.61304e-05
1.72142e-05
1.65523e-05
1.78067e-05
1.74095e-05
1.52325e-05
1.54361e-05
1.52696e-05
1.52481e-05
1.51775e-05
1.32164e-05
1.39543e-05
1.43383e-05
1.45043e-05
1.52645e-05
1.3804e-05
1.81919e-05
1.864e-05
1.99456e-05
1.68984e-05
1.55825e-05
1.67395e-05
1.45288e-05
1.48341e-05
1.81944e-05
1.79835e-05
2.0404e-05
2.05936e-05
1.58045e-05
1.47746e-05
1.51019e-05
1.81421e-05
1.77618e-05
1.61188e-05
1.67012e-05
2.78943e-05
2.90476e-05
3.1391e-05
2.85626e-05
2.30332e-05
2.10682e-05
1.80583e-05
1.81665e-05
2.0823e-05
1.81088e-05
2.17353e-05
2.66042e-05
2.56224e-05
2.17904e-05
2.1888e-05
2.55253e-05
2.58989e-05
2.19506e-05
2.65378e-05
3.43432e-05
4.67891e-05
4.70677e-05
4.25907e-05
4.05431e-05
3.97211e-05
4.01636e-05
4.22109e-05
4.42525e-05
4.37348e-05
4.46722e-05
4.44575e-05
4.28255e-05
4.31988e-05
4.45329e-05
4.67735e-05
4.78057e-05
4.67722e-05
5.17614e-05
5.13697e-05
4.77114e-05
4.93485e-05
4.54967e-05
4.3545e-05
4.66286e-05
4.77609e-05
4.9009e-05
5.12862e-05
4.61215e-05
4.99422e-05
4.88358e-05
4.82436e-05
4.87485e-05
4.94775e-05
5.11986e-05
5.31393e-05
5.48244e-05
5.59838e-05
5.76086e-05
4.81746e-05
4.89652e-05
4.82294e-05
4.66186e-05
4.61945e-05
4.77129e-05
4.97513e-05
5.12737e-05
5.1629e-05
5.07311e-05
4.91437e-05
4.83368e-05
4.85715e-05
4.92387e-05
5.03736e-05
5.14395e-05
5.17386e-05
5.14047e-05
4.94123e-05
4.75331e-05
4.66294e-05
4.78305e-05
1.45418e-05
1.7396e-05
2.13517e-05
2.08131e-05
2.06494e-05
2.32134e-05
2.6601e-05
2.77289e-05
2.40834e-05
1.8213e-05
1.69076e-05
1.53157e-05
1.44269e-05
1.36815e-05
1.3745e-05
1.31919e-05
1.17237e-05
1.18479e-05
1.22281e-05
1.31147e-05
2.0706e-05
2.17013e-05
1.98916e-05
1.95761e-05
2.01136e-05
2.12788e-05
2.2268e-05
2.12134e-05
2.10459e-05
2.24543e-05
2.14729e-05
1.67313e-05
1.3851e-05
1.4273e-05
1.4945e-05
1.35859e-05
1.22844e-05
1.17933e-05
1.38706e-05
1.97926e-05
2.31452e-05
1.86861e-05
1.97633e-05
1.91498e-05
1.85315e-05
2.14407e-05
2.23611e-05
2.17932e-05
2.06708e-05
1.98871e-05
1.75925e-05
1.26885e-05
1.42698e-05
1.65085e-05
1.77396e-05
1.65213e-05
1.58799e-05
1.39156e-05
1.21833e-05
2.10012e-05
2.84768e-05
2.7184e-05
2.10727e-05
1.80732e-05
1.77917e-05
2.18583e-05
2.31359e-05
2.26973e-05
1.83324e-05
1.40048e-05
1.47573e-05
1.71312e-05
1.92119e-05
1.921e-05
1.55686e-05
1.44816e-05
1.41133e-05
1.3379e-05
1.63281e-05
2.73103e-05
2.81298e-05
2.47296e-05
1.96105e-05
1.71045e-05
1.80125e-05
2.13098e-05
2.15061e-05
1.87914e-05
1.71316e-05
1.40841e-05
1.58665e-05
2.04607e-05
1.8781e-05
1.63735e-05
1.47009e-05
1.38591e-05
1.57452e-05
1.79572e-05
2.58786e-05
2.62501e-05
1.9531e-05
1.83402e-05
1.83468e-05
1.77516e-05
1.76561e-05
1.95762e-05
1.89506e-05
1.82224e-05
1.72543e-05
1.43397e-05
1.51533e-05
1.72169e-05
1.4791e-05
1.4689e-05
1.5724e-05
1.6403e-05
1.73873e-05
1.8096e-05
2.26251e-05
2.1687e-05
1.58819e-05
1.56445e-05
1.63231e-05
1.64492e-05
1.73151e-05
2.28135e-05
2.4261e-05
1.97727e-05
1.70135e-05
1.61009e-05
1.67632e-05
1.63279e-05
1.45117e-05
1.46927e-05
1.80133e-05
1.82772e-05
1.66132e-05
1.76262e-05
1.8619e-05
1.67614e-05
1.40868e-05
1.28414e-05
1.5512e-05
2.35431e-05
3.28152e-05
3.56653e-05
2.93863e-05
2.1279e-05
1.70412e-05
1.78764e-05
2.00521e-05
2.08837e-05
1.64509e-05
1.49907e-05
1.68687e-05
1.79769e-05
2.17495e-05
2.0555e-05
1.83638e-05
1.68124e-05
2.62343e-05
2.9211e-05
3.85814e-05
4.49151e-05
4.11077e-05
3.40778e-05
2.62414e-05
2.21275e-05
2.13669e-05
2.36686e-05
2.94354e-05
2.74083e-05
2.17867e-05
2.19171e-05
2.72039e-05
3.04271e-05
3.13797e-05
2.56731e-05
2.43153e-05
2.61073e-05
4.95202e-05
4.80475e-05
4.29143e-05
3.36531e-05
3.23397e-05
3.33063e-05
3.51917e-05
3.59463e-05
4.06159e-05
4.72063e-05
4.70301e-05
4.61693e-05
4.80573e-05
4.8157e-05
4.5178e-05
4.15501e-05
4.03345e-05
4.11695e-05
4.84341e-05
5.01641e-05
4.39783e-05
3.91248e-05
3.46395e-05
3.29895e-05
3.54391e-05
3.73515e-05
4.08137e-05
4.5035e-05
4.93806e-05
4.69559e-05
4.58087e-05
4.73635e-05
4.77287e-05
4.66408e-05
4.58164e-05
4.67285e-05
4.86081e-05
5.25257e-05
5.07918e-05
4.85848e-05
3.98492e-05
3.58164e-05
3.32956e-05
3.31665e-05
3.50312e-05
3.82149e-05
4.24435e-05
4.75833e-05
4.94506e-05
4.61382e-05
4.41487e-05
4.48467e-05
4.54358e-05
4.51939e-05
4.59863e-05
4.80299e-05
4.9834e-05
5.18158e-05
5.00577e-05
4.50364e-05
1.57204e-05
1.93784e-05
2.09943e-05
2.07243e-05
1.95304e-05
2.09862e-05
2.57533e-05
2.57993e-05
2.37592e-05
2.14925e-05
1.96082e-05
1.55981e-05
1.46873e-05
1.45451e-05
1.38833e-05
1.22724e-05
1.14503e-05
1.29101e-05
1.45163e-05
1.60265e-05
2.29725e-05
2.42551e-05
2.21768e-05
2.07347e-05
2.07792e-05
2.19008e-05
2.2463e-05
2.05016e-05
2.05259e-05
2.21873e-05
2.3389e-05
1.78508e-05
1.49168e-05
1.42577e-05
1.45975e-05
1.39967e-05
1.1686e-05
1.23944e-05
1.65106e-05
1.99327e-05
2.7638e-05
2.84101e-05
2.36627e-05
2.07151e-05
2.14864e-05
2.29064e-05
2.23773e-05
2.06639e-05
1.98792e-05
2.05809e-05
1.95771e-05
1.67076e-05
1.45187e-05
1.81945e-05
1.82675e-05
1.76242e-05
1.72577e-05
1.45538e-05
1.40105e-05
2.27791e-05
3.42941e-05
3.11349e-05
2.03574e-05
1.80014e-05
1.93794e-05
2.16714e-05
2.12092e-05
2.15404e-05
1.97349e-05
1.66601e-05
1.65293e-05
1.69992e-05
2.08395e-05
2.08642e-05
1.93269e-05
1.98387e-05
2.0705e-05
1.81691e-05
2.43155e-05
3.20011e-05
2.47316e-05
2.19854e-05
1.97287e-05
1.81045e-05
1.84679e-05
2.12507e-05
2.20425e-05
2.05919e-05
1.69305e-05
1.36911e-05
1.61179e-05
2.13052e-05
2.04912e-05
1.81637e-05
1.97935e-05
2.15527e-05
2.21197e-05
3.00277e-05
2.96862e-05
2.25463e-05
2.06954e-05
2.12751e-05
1.98782e-05
1.86956e-05
1.82434e-05
1.97205e-05
1.91794e-05
1.72791e-05
1.63602e-05
1.36531e-05
1.57773e-05
1.83761e-05
1.67315e-05
1.73335e-05
1.93102e-05
2.02586e-05
2.1323e-05
2.25629e-05
2.25019e-05
1.90221e-05
1.84974e-05
2.00211e-05
1.95043e-05
1.85346e-05
1.87851e-05
2.05167e-05
2.11812e-05
1.96344e-05
1.72378e-05
1.46228e-05
1.61448e-05
1.53089e-05
1.39514e-05
1.82478e-05
1.98704e-05
1.96753e-05
1.92938e-05
1.96266e-05
1.96258e-05
1.81544e-05
1.54254e-05
1.71179e-05
1.86338e-05
2.1669e-05
3.21608e-05
3.30095e-05
2.56155e-05
1.8973e-05
1.47935e-05
1.44287e-05
1.59569e-05
1.59022e-05
1.68459e-05
1.86325e-05
2.0063e-05
2.03284e-05
2.11424e-05
2.03754e-05
2.11465e-05
1.80112e-05
2.63807e-05
2.85869e-05
3.66719e-05
4.15748e-05
4.07198e-05
3.18098e-05
2.76105e-05
2.17112e-05
1.52048e-05
1.65787e-05
2.1017e-05
2.66762e-05
3.08895e-05
3.0069e-05
2.81503e-05
3.13948e-05
3.31713e-05
2.92727e-05
2.9628e-05
2.99111e-05
4.63222e-05
4.58895e-05
4.33755e-05
3.73575e-05
3.63933e-05
4.03035e-05
4.06588e-05
3.77372e-05
3.74555e-05
4.55167e-05
4.94681e-05
4.46436e-05
4.11381e-05
4.00539e-05
3.97916e-05
4.04146e-05
4.02766e-05
4.14797e-05
4.3053e-05
4.53368e-05
4.38609e-05
4.11488e-05
3.95059e-05
3.9307e-05
4.28105e-05
4.45017e-05
4.86655e-05
5.64376e-05
5.84386e-05
5.26284e-05
4.7441e-05
4.20309e-05
4.08433e-05
4.1682e-05
4.30806e-05
4.38168e-05
4.42141e-05
4.43897e-05
4.42977e-05
4.4278e-05
4.15208e-05
4.02162e-05
3.93305e-05
4.03138e-05
4.233e-05
4.50218e-05
5.11987e-05
5.9349e-05
6.06227e-05
5.23879e-05
4.44163e-05
4.0387e-05
4.01206e-05
4.11789e-05
4.28897e-05
4.42597e-05
4.4275e-05
4.41587e-05
4.35508e-05
4.24677e-05
1.81425e-05
1.98214e-05
1.82012e-05
1.95702e-05
1.86463e-05
1.91293e-05
1.91268e-05
1.68541e-05
1.89375e-05
2.3713e-05
2.22755e-05
1.77673e-05
1.49665e-05
1.34624e-05
1.2436e-05
1.21983e-05
1.0795e-05
1.46414e-05
1.81254e-05
1.90322e-05
2.25187e-05
2.36573e-05
2.30579e-05
2.17951e-05
2.04346e-05
2.09807e-05
2.0392e-05
1.81778e-05
1.99823e-05
2.30333e-05
2.50342e-05
2.14542e-05
1.62003e-05
1.36005e-05
1.32789e-05
1.31633e-05
1.22722e-05
1.54415e-05
2.27898e-05
1.99624e-05
2.75583e-05
2.41287e-05
2.11132e-05
2.24723e-05
2.40346e-05
2.37449e-05
2.21091e-05
2.08474e-05
2.05586e-05
2.03683e-05
2.348e-05
2.51305e-05
2.37108e-05
2.48832e-05
2.38397e-05
2.69843e-05
3.17907e-05
3.08921e-05
2.57824e-05
2.6999e-05
2.61145e-05
2.15193e-05
2.02925e-05
2.04783e-05
2.07362e-05
2.0934e-05
2.0826e-05
2.13869e-05
2.06307e-05
2.06928e-05
2.23417e-05
2.55911e-05
2.53968e-05
2.34427e-05
2.49264e-05
2.6352e-05
2.6901e-05
3.78746e-05
3.93811e-05
3.42329e-05
2.3105e-05
2.52693e-05
2.25036e-05
2.25033e-05
2.0574e-05
2.19865e-05
2.18089e-05
1.97078e-05
1.59625e-05
2.15553e-05
2.25718e-05
2.2916e-05
2.28401e-05
2.13111e-05
2.26261e-05
2.25265e-05
2.21948e-05
2.27528e-05
2.233e-05
2.06188e-05
2.18038e-05
2.37143e-05
2.29882e-05
2.26391e-05
2.35975e-05
2.38544e-05
2.13707e-05
1.79184e-05
1.45457e-05
2.36766e-05
2.13587e-05
1.95731e-05
1.80007e-05
2.8558e-05
2.44813e-05
2.43004e-05
2.3919e-05
2.04877e-05
1.84128e-05
1.99231e-05
2.21657e-05
2.19753e-05
2.02344e-05
2.20107e-05
2.51734e-05
2.3683e-05
1.79903e-05
1.54163e-05
2.05977e-05
1.59376e-05
1.85974e-05
2.42934e-05
2.48086e-05
2.75054e-05
2.80434e-05
2.61264e-05
2.24982e-05
2.13872e-05
2.47269e-05
2.3134e-05
2.16072e-05
1.99675e-05
1.92425e-05
2.14665e-05
2.53218e-05
2.09278e-05
2.3371e-05
1.98591e-05
2.60807e-05
2.26993e-05
2.14325e-05
2.13943e-05
1.49986e-05
3.07464e-05
3.17602e-05
2.88774e-05
2.51297e-05
2.44519e-05
2.49315e-05
2.35153e-05
2.43542e-05
2.2306e-05
2.43098e-05
2.75008e-05
3.18774e-05
2.78913e-05
2.80043e-05
3.05239e-05
3.10497e-05
2.05821e-05
2.05032e-05
3.1562e-05
2.79398e-05
3.87958e-05
3.33896e-05
2.75217e-05
2.31954e-05
2.32377e-05
2.40557e-05
2.23354e-05
4.15914e-05
4.18889e-05
4.23895e-05
4.37425e-05
4.22335e-05
4.55532e-05
4.51102e-05
3.45398e-05
3.87132e-05
3.68953e-05
4.80018e-05
5.43783e-05
5.2221e-05
4.07764e-05
3.60836e-05
2.75667e-05
3.02607e-05
3.86558e-05
4.09648e-05
4.12503e-05
4.46932e-05
4.4522e-05
4.74583e-05
4.73212e-05
4.69033e-05
4.5924e-05
4.3293e-05
4.67801e-05
5.02498e-05
6.10127e-05
5.57046e-05
3.92115e-05
4.38851e-05
2.94044e-05
2.91772e-05
3.71389e-05
3.28247e-05
3.64232e-05
3.88689e-05
4.3969e-05
4.45035e-05
4.65547e-05
4.77261e-05
4.66235e-05
4.5807e-05
4.44096e-05
4.25315e-05
4.93447e-05
5.83195e-05
6.54313e-05
6.42519e-05
4.99082e-05
3.96785e-05
3.61106e-05
3.61397e-05
3.75681e-05
3.92321e-05
4.11576e-05
4.22779e-05
4.29612e-05
1.59366e-05
1.42917e-05
1.37751e-05
1.37978e-05
1.49642e-05
1.61816e-05
1.46371e-05
1.42256e-05
1.79802e-05
2.3616e-05
2.43162e-05
1.7981e-05
1.43799e-05
1.24662e-05
1.17922e-05
1.13722e-05
1.00307e-05
1.14869e-05
1.83096e-05
1.89158e-05
1.70899e-05
1.62765e-05
1.85309e-05
1.95416e-05
1.83703e-05
1.83751e-05
1.55805e-05
1.81981e-05
2.09585e-05
2.31641e-05
2.54414e-05
2.09893e-05
1.5077e-05
1.28536e-05
1.26994e-05
1.23042e-05
8.6355e-06
1.02667e-05
2.36803e-05
2.10086e-05
2.03047e-05
1.80396e-05
1.82105e-05
1.83656e-05
1.90687e-05
2.02897e-05
1.99372e-05
1.78425e-05
1.82638e-05
2.1453e-05
2.40864e-05
2.42439e-05
2.08585e-05
2.1063e-05
2.00991e-05
2.42057e-05
2.72092e-05
2.94158e-05
2.69965e-05
2.37764e-05
2.42593e-05
2.37404e-05
2.41375e-05
2.28842e-05
2.24657e-05
2.11954e-05
1.83444e-05
1.72279e-05
1.8508e-05
1.88991e-05
2.29047e-05
2.27592e-05
2.16943e-05
2.05143e-05
1.98694e-05
2.31062e-05
2.5335e-05
2.67096e-05
2.6331e-05
2.42378e-05
2.8667e-05
3.00391e-05
2.84742e-05
2.40156e-05
2.20884e-05
2.0304e-05
2.19912e-05
2.12828e-05
2.18786e-05
2.2557e-05
2.34432e-05
2.56516e-05
2.81311e-05
2.62059e-05
2.0058e-05
2.32978e-05
2.96198e-05
2.67849e-05
2.29728e-05
2.51599e-05
2.94157e-05
2.79496e-05
2.36073e-05
2.12341e-05
2.02982e-05
1.9389e-05
2.28098e-05
2.60176e-05
3.04023e-05
2.96077e-05
3.02993e-05
2.98219e-05
2.83517e-05
3.30329e-05
3.16396e-05
2.58462e-05
1.85088e-05
1.64665e-05
1.90845e-05
2.76104e-05
2.13782e-05
2.16095e-05
2.47482e-05
2.78168e-05
2.86274e-05
2.47186e-05
2.36035e-05
3.17791e-05
2.93658e-05
2.88389e-05
2.89114e-05
2.8528e-05
2.58127e-05
2.30094e-05
2.1964e-05
1.93746e-05
1.6162e-05
2.30961e-05
2.64244e-05
2.21177e-05
2.11389e-05
2.13634e-05
2.7835e-05
3.25129e-05
2.91545e-05
2.76223e-05
3.01728e-05
2.97762e-05
2.68797e-05
2.63289e-05
2.77644e-05
3.00575e-05
2.78033e-05
2.45137e-05
2.32869e-05
2.34151e-05
2.62671e-05
3.17327e-05
2.58467e-05
2.26943e-05
2.5544e-05
2.70911e-05
2.90868e-05
3.05518e-05
3.43718e-05
3.57619e-05
3.15044e-05
2.60917e-05
2.56575e-05
2.79681e-05
2.9849e-05
3.19875e-05
3.0379e-05
2.76956e-05
2.75033e-05
3.31705e-05
2.9585e-05
2.31246e-05
2.31435e-05
2.48114e-05
2.81058e-05
2.94829e-05
3.27869e-05
3.56935e-05
3.48858e-05
2.82953e-05
2.6226e-05
2.57057e-05
2.71503e-05
3.16674e-05
3.2548e-05
3.05891e-05
2.82783e-05
2.86898e-05
2.92458e-05
2.59575e-05
2.18079e-05
2.20424e-05
2.414e-05
2.64646e-05
2.87023e-05
3.01358e-05
3.05612e-05
2.9459e-05
2.70206e-05
2.6306e-05
2.55402e-05
2.60869e-05
2.83858e-05
3.08511e-05
3.07185e-05
2.87848e-05
2.75616e-05
2.63994e-05
2.42221e-05
2.19174e-05
2.1681e-05
2.3487e-05
2.539e-05
2.66388e-05
2.8611e-05
2.93712e-05
2.85344e-05
2.6974e-05
2.60414e-05
2.55917e-05
2.53726e-05
2.60705e-05
2.78855e-05
2.96994e-05
2.96729e-05
2.85893e-05
2.70506e-05
2.48416e-05
2.24234e-05
2.13207e-05
2.18049e-05
2.28972e-05
2.45226e-05
2.65371e-05
)
;

boundaryField
{
    bottomWall
    {
        type            zeroGradient;
    }
    topWall
    {
        type            zeroGradient;
    }
    sides1_half0
    {
        type            cyclic;
    }
    sides1_half1
    {
        type            cyclic;
    }
    sides2_half0
    {
        type            cyclic;
    }
    sides2_half1
    {
        type            cyclic;
    }
    inout1_half0
    {
        type            cyclic;
    }
    inout1_half1
    {
        type            cyclic;
    }
    inout2_half0
    {
        type            cyclic;
    }
    inout2_half1
    {
        type            cyclic;
    }
}


// ************************************************************************* //
