/*--------------------------------*- C++ -*----------------------------------*\
| =========                 |                                                 |
| \\      /  F ield         | OpenFOAM: The Open Source CFD Toolbox           |
|  \\    /   O peration     | Version:  5.0                                   |
|   \\  /    A nd           | Web:      www.OpenFOAM.org                      |
|    \\/     M anipulation  |                                                 |
\*---------------------------------------------------------------------------*/
FoamFile
{
    version     2.0;
    format      ascii;
    class       volScalarField;
    location    "0";
    object      p;
}
// * * * * * * * * * * * * * * * * * * * * * * * * * * * * * * * * * * * * * //

dimensions      [0 2 -2 0 0 0 0];

internalField   nonuniform List<scalar> 
7200
(
-2.97496e-05
4.41264e-05
9.67707e-05
3.13902e-05
2.62419e-05
0.000137391
0.000102942
2.60808e-05
-6.36679e-05
-0.000103397
-1.84614e-05
6.78693e-05
4.88966e-05
9.91062e-05
0.000175179
0.000156242
0.000135579
5.86534e-05
-8.76761e-05
-0.000157576
-3.35838e-05
4.25641e-05
9.58233e-05
1.98458e-06
7.29965e-05
0.000137565
0.000103656
2.67291e-05
-9.08275e-05
-8.74643e-05
-1.95678e-05
6.88813e-05
4.64405e-05
9.64964e-05
0.000174852
0.000157271
0.000110104
5.84152e-05
-8.99789e-05
-0.000135541
-3.77927e-06
3.78328e-05
9.32367e-05
2.68669e-05
6.74178e-05
0.000144929
7.51954e-05
2.88712e-05
-9.38293e-05
-9.07067e-05
2.46556e-05
6.17579e-05
3.24539e-05
0.000139911
0.000173745
0.000159807
0.000141036
9.74455e-06
-0.000170752
-0.000152132
-2.35526e-05
3.91998e-05
6.5218e-05
-5.12834e-06
6.22165e-05
0.000135468
0.000114417
2.11525e-06
-0.000102832
-0.000105562
-2.90778e-05
3.04765e-05
1.40527e-07
6.76224e-05
0.000171446
0.000170108
0.000151413
7.10785e-05
-9.42823e-05
-0.000227211
-4.50246e-05
-2.94329e-06
4.45002e-05
7.2729e-06
4.31612e-05
0.000118491
0.000113827
4.82483e-05
-0.000110825
-0.000131678
-1.66318e-05
3.01363e-05
-3.43353e-05
3.49864e-05
0.000157953
0.000157783
0.000144072
7.15585e-05
-0.000151001
-0.000244116
-7.81377e-05
-2.42372e-07
2.60162e-05
-9.91968e-07
1.88799e-05
8.02825e-05
5.90425e-05
1.8619e-05
-0.000102
-0.000116079
3.13211e-05
9.64106e-05
-1.88014e-05
1.96271e-07
0.000120136
0.0001465
0.000112608
7.34632e-05
3.59175e-05
-0.000243341
-9.20879e-05
-9.59492e-06
1.68297e-05
-2.62458e-05
-2.11481e-05
6.55991e-05
2.73661e-05
8.5535e-06
-4.64975e-05
-4.4751e-05
4.85247e-05
0.000196774
6.54409e-05
-5.96799e-06
6.85677e-05
0.000139837
0.000141631
0.000100604
2.61436e-05
-0.000117994
-5.38894e-05
-1.32181e-06
-1.49114e-06
-2.6222e-05
1.17691e-05
6.83491e-05
5.52777e-05
1.11267e-05
-7.89228e-05
-2.19954e-05
2.59951e-05
0.000217872
6.6821e-05
-5.30441e-06
5.7492e-05
0.000144011
0.000156029
0.000100072
6.65712e-05
-8.53894e-06
-4.40954e-07
1.45346e-05
-9.19485e-06
-5.13552e-05
-2.99968e-05
6.09802e-05
5.75651e-05
6.46672e-06
-6.21546e-05
-2.21613e-05
6.61553e-05
0.0001679
8.95096e-05
1.35299e-05
4.23243e-05
0.000131976
0.000146496
0.000104408
5.99481e-05
2.6291e-05
9.60858e-06
2.70518e-05
-2.6341e-05
-6.2276e-05
-7.92061e-05
-1.11467e-05
6.32726e-05
4.34669e-05
-5.20301e-06
-6.73856e-06
5.48118e-05
0.000143064
0.000105753
3.76462e-06
1.25378e-06
7.39401e-05
0.000124298
8.26611e-05
1.39307e-05
1.66751e-05
1.11982e-05
1.94619e-05
-2.03868e-05
-5.36463e-05
-6.74625e-05
-6.32108e-05
-2.17297e-05
2.91201e-05
2.00527e-05
-2.48054e-06
1.89271e-05
0.000113488
8.97777e-05
-6.77505e-05
-4.14071e-05
6.46125e-05
0.000106462
9.20105e-05
3.91912e-05
2.45211e-06
-3.60248e-05
-5.68334e-06
6.24727e-06
-2.02677e-05
-3.15472e-05
-2.53111e-05
-6.46037e-06
2.9636e-05
3.54257e-05
1.55364e-05
1.76487e-05
6.2519e-05
7.27111e-05
-1.74882e-05
-3.32118e-05
5.86262e-05
7.71585e-05
8.36378e-05
7.42232e-05
-2.37704e-05
-0.000104636
-6.90024e-05
1.5647e-05
1.08462e-05
-1.34285e-05
2.3251e-05
-7.16505e-06
-1.46861e-05
-5.24402e-05
-6.47503e-05
2.37726e-05
0.000146164
0.00015162
0.000144316
0.000213483
0.000261174
0.00023261
0.000179804
8.63865e-05
-4.67895e-05
-2.42276e-05
-2.60791e-05
1.48557e-05
-1.99233e-05
-3.10488e-05
2.31019e-05
-7.62181e-06
-2.36602e-05
-5.30778e-05
-1.93571e-05
2.18202e-05
0.000159791
0.000150356
0.00016882
0.000226886
0.000260723
0.000109927
0.000118637
0.000103051
-4.72697e-05
-0.000108821
-5.20218e-05
7.60059e-06
-2.49282e-05
-3.25033e-05
-4.54436e-05
-6.8553e-05
-2.22357e-05
-3.82809e-05
-5.45683e-06
8.01993e-05
0.000142101
0.000116938
0.000162825
0.000235002
0.000260102
0.000110773
0.000111558
0.000100208
5.81776e-05
-4.44942e-05
-7.36412e-05
-3.39404e-05
-5.89644e-05
-7.30086e-05
-9.30818e-05
-0.000104429
-4.88015e-05
-4.16675e-05
-6.91776e-05
-5.35442e-06
0.000135738
0.000142674
0.000153925
0.000198272
0.000183013
0.000113504
0.000210791
9.09915e-05
9.2983e-05
-4.2342e-05
-0.000119229
-6.61136e-05
-6.86725e-05
-7.0486e-05
-5.47533e-05
-7.05429e-05
-1.38381e-05
-6.4343e-05
-8.93433e-05
-5.26984e-05
0.000124617
0.000118795
9.92468e-05
0.000163556
0.000219344
0.000121233
0.00016245
7.90237e-05
-0.000125703
-0.000144471
-0.000114945
-8.4455e-05
-0.00011595
-0.000137271
-0.000154758
-0.000138618
-1.52372e-05
-5.6968e-05
-7.89908e-05
-7.37791e-05
6.52432e-05
0.000114232
9.10032e-05
0.000143373
0.000162913
0.000214596
0.00031054
0.000124884
7.46189e-05
8.34839e-06
-6.07942e-05
-5.67287e-05
-9.4357e-05
-5.86997e-05
-0.000134783
-8.13568e-05
-3.12071e-05
-3.31238e-05
-7.35203e-05
-8.65175e-05
3.27934e-05
0.000122068
3.90338e-05
0.000102897
0.000127655
0.00013333
0.000249205
0.000210439
4.68937e-05
-6.20374e-05
-5.96316e-05
-1.83445e-05
-4.0879e-05
-3.16963e-05
7.66679e-06
-2.11334e-05
-8.63392e-05
-7.20662e-05
-6.14173e-05
-0.000106063
1.61628e-05
0.000149945
8.44815e-05
4.48939e-05
0.000120563
0.000163736
0.000231388
0.00025916
0.000155903
2.54633e-05
-3.61373e-05
-6.25064e-05
-0.000137835
-8.22609e-05
2.93148e-05
1.50521e-05
-2.61304e-05
-6.33518e-05
-2.33614e-05
-2.70008e-05
1.61865e-05
0.000102987
4.91793e-05
1.4461e-05
7.52064e-05
0.000100398
0.000134388
0.000157142
0.000150679
0.000117278
6.39586e-05
-3.49726e-05
-0.000111386
-7.0066e-05
-3.65548e-05
-1.20246e-05
-1.68415e-05
-3.26585e-05
-2.83073e-05
4.33125e-05
6.6282e-05
2.81066e-05
2.24299e-05
4.23463e-06
5.54388e-05
0.000101797
8.55505e-05
7.38637e-05
0.000127318
7.67439e-05
7.26493e-05
4.21973e-06
-5.56611e-05
-6.10355e-05
-7.81681e-05
-4.61334e-05
1.54307e-05
1.3575e-05
-1.01517e-05
1.58618e-05
8.48348e-05
4.52977e-05
1.16883e-05
2.10189e-05
9.32791e-05
0.000103787
0.000100493
8.22491e-05
8.14207e-05
3.52851e-05
1.14232e-05
7.07046e-06
-2.99894e-06
-1.87173e-05
-1.38548e-05
8.51439e-06
1.62352e-05
1.25125e-05
-3.64891e-06
1.75359e-05
3.86885e-05
2.82318e-05
9.27995e-06
1.92937e-05
6.2298e-05
8.36299e-05
9.8624e-05
9.07128e-05
3.86615e-05
0.00024693
9.62593e-05
5.64732e-05
2.60513e-05
-2.81126e-05
-5.80395e-05
-6.12072e-05
-1.08161e-05
-1.36065e-07
-3.25727e-06
4.49752e-05
0.000133782
9.85824e-05
5.32983e-06
-7.13015e-06
-6.62148e-05
-4.86546e-05
6.40736e-05
0.000180293
0.000372715
0.00024938
6.71155e-05
5.69926e-05
1.68121e-06
-2.84526e-05
-5.8505e-05
-4.38756e-05
-1.1324e-05
-3.36558e-06
-4.08543e-06
4.38921e-05
0.000145142
5.30801e-05
-2.63718e-06
-2.61314e-05
-6.81597e-05
-7.37203e-06
6.09366e-05
0.000176816
0.000373976
0.000196126
0.000101747
5.76524e-05
-5.12165e-07
-3.0871e-05
-6.0909e-05
-6.51577e-05
-1.15479e-05
-2.94231e-06
-5.65919e-06
4.02833e-05
0.000134214
9.7999e-05
-8.25518e-06
-1.66614e-05
-7.67843e-05
-1.92945e-05
4.95911e-05
0.00026784
0.000383745
0.000297604
0.000115837
5.80205e-05
-7.17289e-06
-4.76545e-05
-7.93371e-05
-4.72629e-05
-7.08513e-06
5.71041e-06
-6.45073e-06
1.72268e-05
0.000132517
1.80439e-05
-5.88949e-05
-5.79513e-05
-8.73191e-05
-7.22668e-05
3.13864e-05
0.000142843
0.000413494
0.000326388
8.10742e-05
5.59282e-05
1.52652e-05
-4.30098e-05
-7.63852e-05
-6.87185e-05
4.36237e-06
1.21213e-05
-4.66747e-06
2.08582e-05
9.65713e-05
4.67617e-05
-9.98685e-05
-7.34415e-05
-6.75367e-05
-6.95185e-05
2.37291e-05
0.000111403
0.000412628
0.000325608
8.13437e-05
3.87895e-05
-7.13709e-06
-3.97017e-05
-8.21314e-05
-8.91578e-05
-6.67437e-05
-1.33848e-05
-1.47019e-05
-3.74374e-05
5.46746e-05
2.26284e-05
-0.000127442
-8.76579e-05
-4.34192e-05
-3.25956e-05
1.47088e-05
8.27029e-05
0.000389461
0.000253261
0.000158225
1.44314e-05
-4.30444e-05
-3.20845e-05
-5.4776e-05
-0.00012935
-0.000146845
-7.69255e-05
-4.33207e-05
-6.34599e-05
3.39257e-06
2.46728e-05
-0.000106722
-8.11879e-05
-4.30671e-05
-8.37026e-06
1.88013e-05
8.5316e-05
0.000268596
0.000203617
9.71875e-05
-2.94057e-05
-8.11873e-05
-4.76702e-05
-2.47891e-06
-8.99676e-05
-0.000144595
-7.7853e-05
-4.24587e-05
-8.06611e-05
-2.60939e-07
-6.2048e-05
-8.4562e-05
-5.74706e-05
-4.70333e-05
7.53437e-07
3.24508e-05
0.000141092
0.000221412
0.000154058
0.000137489
2.88222e-05
-8.22421e-05
-3.38536e-05
1.70488e-05
-2.43211e-05
-7.57496e-05
-6.74289e-05
-3.6679e-05
2.03696e-05
2.45201e-05
-8.72996e-05
-6.75475e-05
-1.5066e-05
1.59173e-05
1.97319e-05
1.90314e-05
0.000105124
0.000178449
0.000113619
9.54342e-05
6.76437e-05
-2.39331e-05
-2.28758e-05
-1.63514e-05
-4.45898e-06
1.58127e-05
-3.61638e-05
-4.27478e-05
7.35909e-06
2.4405e-05
-2.00409e-05
-2.51956e-05
2.27591e-05
3.86295e-05
2.12024e-05
4.43834e-05
5.38922e-05
0.00013186
9.36633e-05
7.89515e-05
4.27074e-05
-2.04134e-05
-3.7731e-05
-2.59259e-06
2.30956e-05
5.42241e-05
4.29914e-05
1.24116e-05
1.86053e-06
2.59145e-05
2.38267e-05
2.79936e-05
2.99153e-05
7.99415e-05
8.06307e-05
6.43483e-05
4.18197e-05
9.62749e-05
7.64974e-05
4.6633e-05
3.66287e-05
2.13545e-05
2.68351e-06
6.93066e-06
4.20997e-05
6.71126e-05
6.02672e-05
2.07095e-05
1.33097e-05
2.907e-05
1.047e-05
3.49362e-06
2.76294e-05
6.23756e-05
8.66272e-05
8.39468e-05
7.14518e-05
6.55253e-05
0.000180896
4.57145e-05
3.80705e-05
5.30062e-05
1.08632e-05
-2.94819e-05
-2.93029e-05
2.69294e-05
2.67992e-05
8.0247e-06
2.69243e-05
8.37472e-05
4.77438e-05
-3.9734e-05
-8.29331e-05
-9.31875e-05
-2.34906e-05
0.000142738
0.000333439
0.000365408
0.000125447
4.5988e-05
3.80498e-05
5.27514e-05
1.03864e-05
-2.95e-05
-2.94125e-05
2.7593e-05
1.91029e-05
8.10769e-06
4.99387e-05
8.47726e-05
1.39035e-05
-3.992e-05
-8.48034e-05
-8.82365e-05
-2.74666e-05
0.000207231
0.000333048
0.000367849
0.000186099
4.69205e-05
3.79651e-05
3.28791e-05
-6.11726e-06
-2.90994e-05
-1.95792e-06
3.06015e-05
1.91417e-05
4.69291e-06
4.63443e-05
8.66698e-05
1.08054e-05
-7.39573e-05
-9.6554e-05
-0.000104199
2.33514e-05
0.000129561
0.000334524
0.00037938
0.000140456
2.09171e-05
3.79728e-05
3.27659e-05
1.06807e-05
-3.61171e-05
-2.35889e-05
4.88326e-05
3.53772e-05
1.10458e-06
5.08084e-06
7.92297e-05
-1.84346e-07
-9.62149e-05
-0.000110384
-9.82326e-05
2.15571e-05
0.00011912
0.000339118
0.000356775
0.000152575
1.10524e-05
3.04647e-05
3.34639e-05
7.27815e-06
-1.03053e-05
-6.97722e-06
6.56547e-05
2.87127e-05
5.74149e-07
1.95874e-05
7.15626e-05
-5.60392e-06
-9.59731e-05
-0.000103872
-0.000114676
-2.71737e-05
8.23451e-05
0.000431063
0.000456335
0.000163671
-2.0984e-05
-8.77817e-06
2.10024e-05
1.43072e-05
-1.08474e-07
-7.01961e-06
6.53181e-05
3.17083e-05
-1.93241e-05
4.09099e-06
8.06945e-05
2.82584e-05
-9.84782e-05
-8.52e-05
-8.87985e-05
-0.000105865
5.42686e-05
0.000231839
0.000398463
0.000202402
-3.02188e-05
-1.74754e-05
-5.94869e-06
2.58982e-05
-2.47801e-05
-2.35741e-05
9.84491e-06
2.32209e-06
-5.54824e-06
-3.15206e-05
7.11369e-05
-3.3784e-05
-7.61774e-05
-9.27413e-05
-8.77329e-05
-0.000108597
-7.81526e-05
0.000115802
0.00033489
0.000211525
0.000116433
-6.05574e-05
-1.83737e-05
-5.13867e-06
6.73988e-05
-5.73362e-05
-5.45007e-05
-3.99773e-05
-2.59331e-05
-4.66545e-05
1.7587e-06
-9.70458e-05
-7.47979e-05
-5.18603e-05
-6.50424e-05
-7.63542e-05
-7.9122e-05
8.89644e-05
0.000267371
0.000171059
6.2697e-05
-3.33238e-05
-8.9183e-06
-3.95724e-05
5.77767e-05
3.07136e-05
-2.91757e-05
-5.72852e-05
-3.98305e-05
6.38662e-06
-2.77521e-05
-0.000117696
-8.03114e-05
1.84614e-05
9.34736e-06
-2.75552e-05
-6.25515e-05
1.02332e-05
0.00019942
8.21402e-05
7.52785e-05
6.09155e-06
1.09068e-05
2.39359e-06
-5.5561e-06
7.55333e-05
2.276e-05
-8.28721e-05
-0.000101382
-1.55817e-05
-7.21014e-06
-4.68502e-05
-3.20116e-05
3.50809e-05
6.42431e-05
3.661e-05
-1.57077e-05
2.23296e-06
0.000135024
9.64794e-05
8.42014e-05
4.26116e-05
7.90224e-06
-2.3938e-05
1.33919e-05
5.54219e-05
8.36766e-05
5.28007e-05
-6.53652e-05
-1.76146e-05
-6.42003e-06
-1.06808e-05
2.28132e-05
3.73963e-05
9.82858e-05
9.177e-05
3.31339e-05
3.36566e-05
0.000114157
8.28478e-05
6.26775e-05
4.76504e-05
2.27364e-05
-3.0298e-06
7.23663e-07
7.1175e-05
8.82133e-05
6.44295e-05
9.0662e-06
6.85163e-06
1.39456e-05
-1.47485e-06
-9.79207e-06
2.90665e-05
6.33898e-05
8.06765e-05
8.1805e-05
7.24284e-05
9.07244e-05
2.52436e-05
-5.70129e-05
2.43839e-05
0.000142085
5.07727e-05
-5.68076e-05
-1.82297e-05
6.28528e-05
9.27982e-05
8.24809e-05
5.5233e-05
4.22453e-06
-3.96774e-05
2.75083e-06
5.30087e-05
6.7073e-05
4.91337e-05
0.000122564
0.000203923
0.000147246
-3.48596e-05
-5.88663e-05
2.28363e-05
0.00014353
5.19465e-05
-5.75451e-05
3.4489e-05
6.34943e-05
9.45317e-05
8.31839e-05
0.000100177
-1.50766e-05
-6.74285e-05
2.21645e-05
5.36372e-05
0.000105502
7.95709e-05
0.000122545
0.00020488
0.000147545
1.97907e-05
-7.69171e-05
1.9113e-05
0.000150435
-5.04656e-05
-0.000120305
-3.20239e-05
0.000102314
0.000161163
0.000142385
0.000102417
-6.21355e-05
-7.26836e-05
3.23999e-05
7.43406e-05
8.67048e-05
6.7545e-05
0.000140554
0.000201807
0.00010191
-5.01376e-05
-8.69581e-05
1.24642e-05
0.000122719
-5.44385e-05
-7.74088e-05
-4.24586e-05
0.000133966
0.000102039
0.000159443
0.000109339
-3.12723e-05
-2.85514e-05
4.14956e-05
6.91956e-05
8.58104e-05
6.65133e-05
0.00013491
0.000214932
-7.30803e-06
-3.13993e-05
-9.12871e-05
6.14506e-05
0.000130631
-1.10971e-05
-0.000151234
-6.0824e-05
7.96029e-05
0.000167128
8.703e-05
0.000118874
-7.29898e-05
-4.29596e-05
2.89416e-05
8.77319e-05
0.000116836
4.21776e-05
8.72658e-05
8.51308e-05
-2.5238e-05
-3.16349e-05
-8.3335e-05
4.94575e-05
0.000113254
2.65217e-05
-0.000136345
-1.08977e-05
0.000159334
9.38088e-05
6.98658e-05
8.7591e-05
-7.20631e-05
-4.49069e-05
4.43288e-05
8.92505e-05
0.000120665
2.70044e-05
0.000102322
0.000175972
-5.08998e-05
1.55912e-05
-0.000166349
2.78592e-05
9.13422e-05
-2.1943e-05
-0.00013439
-0.000159849
7.09065e-05
5.94662e-05
5.20665e-05
9.43325e-05
-6.04614e-05
-6.90804e-05
2.89514e-05
8.44702e-05
1.2578e-05
2.46267e-05
2.11001e-05
3.33005e-05
5.22497e-05
1.24635e-05
-8.49278e-05
-6.1394e-05
9.40292e-05
1.186e-05
-5.13612e-05
-0.000167622
-5.68737e-05
9.82906e-05
8.37153e-05
4.3906e-05
-1.95443e-05
-7.99651e-05
-2.17687e-05
0.000118963
3.92852e-05
-4.16338e-05
-1.01135e-05
4.51449e-05
-3.70901e-06
6.88627e-05
-4.98109e-05
-7.49004e-05
9.36687e-05
-2.48863e-05
-5.67025e-05
-0.000145463
-0.000184316
-9.90714e-05
6.39028e-05
2.66681e-05
3.54158e-05
-4.93735e-05
-4.11061e-05
3.53695e-05
0.000115684
2.80925e-05
-4.4067e-05
9.6202e-07
8.68163e-05
1.62715e-05
6.53847e-05
1.46595e-05
9.79461e-05
3.88529e-05
-2.31866e-05
-1.99887e-05
-0.00011749
-0.000204176
-0.000105343
3.20368e-06
4.88714e-05
-1.9599e-05
-2.5498e-05
5.61793e-05
0.000134767
3.475e-05
-6.713e-05
-7.40427e-05
4.9003e-05
0.00012109
9.17439e-05
5.10037e-05
6.65163e-05
-1.00748e-05
1.68971e-06
6.08246e-05
1.71485e-05
-0.000143659
-0.000318207
-0.000207515
-0.000130659
-9.75671e-05
4.38214e-05
8.04345e-05
0.0001177
9.20108e-05
2.53772e-05
-8.22158e-05
1.97911e-05
9.10906e-05
7.58686e-05
6.33371e-05
7.64028e-05
5.54908e-06
-1.67353e-05
6.14646e-05
8.96727e-05
4.93288e-05
1.60638e-05
-3.34252e-05
-5.94751e-05
-9.29425e-05
4.56126e-06
5.99967e-05
7.0643e-05
8.30155e-05
6.89446e-05
4.44181e-05
5.83895e-05
2.07862e-05
-6.43437e-07
1.89389e-05
4.92722e-05
-1.99631e-05
-4.08866e-05
-5.03773e-06
3.39759e-05
0.000181756
0.0001946
0.000157016
9.96516e-08
-8.81122e-05
1.81182e-05
0.000110599
0.000138996
7.56665e-05
6.38872e-06
-1.95924e-05
-1.76009e-05
2.06694e-05
-8.25901e-06
4.28171e-05
4.90239e-05
-4.83407e-05
-4.02502e-05
-4.66702e-06
8.92388e-05
0.000204093
0.000195389
0.00015793
-1.50441e-07
-5.91135e-05
6.20364e-05
0.000134773
0.000123484
7.70653e-05
-5.26572e-06
-1.96057e-05
-3.3595e-06
1.97069e-05
-7.77691e-06
1.73213e-05
3.10297e-05
-5.07136e-05
-3.83331e-05
-6.19674e-06
8.73697e-05
0.000185016
0.000190094
0.000158104
-4.62185e-06
-6.47009e-05
1.66948e-05
0.000139133
0.000145208
4.46281e-05
-7.67615e-06
-2.34604e-05
-8.30837e-06
2.09852e-05
-8.00967e-06
9.03013e-06
4.77685e-05
-6.75413e-05
-6.06975e-05
-3.82445e-05
5.47072e-06
0.00018819
0.000178224
8.56869e-05
-3.14658e-05
-0.000125114
1.28298e-05
0.000126407
0.000160671
4.04324e-05
-5.44606e-06
-3.50832e-05
-2.67419e-05
1.14912e-05
-7.71054e-06
2.57209e-05
2.47358e-05
-9.80901e-05
-8.68733e-05
-0.000104917
5.72552e-05
0.00019121
0.000141347
0.000100669
-7.66333e-05
-0.000161202
6.7185e-05
0.000176047
0.000154595
3.21078e-05
-2.40684e-05
-5.73835e-05
-3.66101e-05
1.18803e-05
-4.55762e-06
2.11705e-05
2.99203e-05
-0.000164688
-0.00013338
-0.000152832
-1.91709e-05
0.000218628
0.000138173
8.29699e-05
-0.000117644
-0.000216054
-1.33173e-05
0.000147963
0.000216453
9.01595e-05
-5.93342e-05
-5.32095e-05
-6.05744e-05
1.64888e-05
-1.37671e-05
1.31404e-05
7.69843e-06
-8.62558e-05
-0.0001951
-0.000164155
6.15717e-05
0.000204995
0.000157027
0.000111495
-0.000101339
-0.000165908
-1.99799e-05
0.000189562
0.000213991
0.00012033
-9.57311e-05
-8.03495e-05
-3.00069e-05
3.00379e-05
6.18974e-06
-4.45737e-06
-2.81706e-05
-2.41304e-05
-0.00016898
-0.000136954
-8.4288e-05
0.000174739
0.000156148
0.000118038
-0.000123173
-0.000121193
-1.63272e-05
0.000105201
0.000198391
6.64685e-05
-2.54247e-05
-7.60596e-05
-6.20269e-05
5.12182e-05
5.64882e-05
9.8354e-06
-1.27546e-05
4.13626e-05
-5.30539e-05
-5.53017e-05
-6.29307e-06
9.19052e-05
0.000141879
7.35062e-05
-1.2162e-05
-0.000105317
-1.54893e-05
8.56679e-05
0.000161278
0.000120898
5.14417e-06
-4.20954e-05
-5.93654e-05
4.91395e-05
4.3572e-05
2.49391e-05
2.86013e-05
2.48785e-05
-2.1285e-05
-4.99934e-05
-2.5426e-05
2.0664e-05
6.10349e-05
5.23308e-05
9.7115e-06
-6.80728e-05
3.66878e-05
0.00010093
0.000140452
0.000103278
1.12581e-05
-1.54745e-05
-1.11891e-05
7.88418e-05
4.63032e-05
1.94954e-05
2.65676e-05
1.22959e-05
-2.23437e-05
-2.80625e-05
7.35408e-06
-1.7454e-05
-2.36585e-05
-1.64771e-05
-2.23597e-05
-1.65478e-05
3.97083e-05
7.40692e-05
0.000106191
9.80706e-05
4.15253e-05
-1.86714e-05
3.96511e-05
2.96936e-05
6.184e-05
4.94226e-05
3.77136e-05
4.66461e-06
-6.75929e-06
2.38405e-05
5.40753e-05
5.50091e-05
6.84202e-06
-1.92254e-05
-1.20897e-05
-3.13759e-05
-2.84051e-06
6.32234e-05
7.95084e-05
7.72254e-05
6.22392e-05
4.52447e-05
5.21858e-07
1.95354e-05
1.94295e-05
4.6226e-05
3.18126e-05
-7.83406e-05
-3.9548e-05
8.2578e-05
5.86548e-05
0.000234807
0.000224226
0.000220645
5.41233e-05
-7.05306e-05
5.07019e-07
9.71345e-05
0.000140355
7.4687e-05
-3.37067e-05
-9.38839e-05
-5.25417e-05
1.92743e-05
1.89412e-05
4.63223e-05
3.17495e-05
-0.000117126
-4.23213e-05
8.47297e-05
5.77943e-05
0.000259742
0.000224597
0.000171944
5.48851e-05
-5.93231e-05
-1.15122e-07
9.71772e-05
0.000129843
7.67494e-05
-6.14388e-05
-9.55006e-05
-5.51227e-05
1.77132e-05
2.15536e-05
4.39677e-05
3.20534e-05
-8.20603e-05
-4.73433e-05
9.30752e-05
5.38173e-05
0.00026349
0.00022905
0.00022594
-2.19478e-05
-7.80751e-05
-3.75462e-06
9.68812e-05
0.000146379
8.24844e-05
-6.69856e-05
-0.000111421
-7.14902e-05
2.48118e-05
2.05192e-05
3.46388e-05
-3.20936e-06
-7.81029e-05
-7.00882e-05
4.93813e-05
9.16324e-05
0.000273781
0.00022112
0.000225536
-4.71828e-05
-9.04979e-05
-2.12257e-05
9.19635e-05
0.000158558
4.8202e-05
-3.68322e-05
-0.000161243
-8.04441e-05
6.88801e-06
3.09221e-05
4.34693e-05
2.44569e-05
-0.000122009
-7.68422e-05
2.27339e-05
-1.41986e-05
0.000277341
0.000219464
0.000158491
-8.49939e-05
-0.000142041
-1.13526e-05
6.53676e-05
0.000186873
7.85764e-05
-8.95961e-05
-0.00017088
-0.000171471
-4.01021e-05
2.79549e-05
3.37727e-05
-8.16572e-06
-0.000143094
-9.97027e-05
6.25366e-05
-3.70162e-05
0.000227065
0.00022489
0.000216715
-0.000145367
-0.000184422
-6.64948e-05
8.24592e-05
0.000187817
0.000192928
7.33983e-06
-0.000173614
-0.000138861
1.45226e-05
3.64562e-05
3.34093e-05
-5.67984e-05
-0.000230093
-0.000154793
7.21459e-06
-3.09054e-05
8.73329e-05
0.00020408
0.000171039
-0.000170602
-0.000209093
-0.000108942
1.12329e-05
0.000210779
0.000200787
6.45675e-05
-9.14867e-05
-9.46623e-05
6.1342e-05
6.09553e-05
3.09299e-05
-6.80489e-05
-0.000173764
-0.000313269
-0.000115385
-7.29527e-05
0.000129429
0.00021789
0.000184699
-0.000114946
-0.000144597
-5.79057e-05
4.00528e-05
0.000175228
0.000157559
7.1587e-05
-3.6117e-05
-8.37627e-05
8.93485e-05
5.50135e-05
2.05348e-05
-0.000106633
-9.6487e-05
-0.000106929
-6.04471e-05
4.24934e-06
9.83378e-05
0.000119227
0.000185183
-9.15951e-05
-0.000145314
1.25695e-05
0.000103118
0.000159161
0.000127763
3.87958e-05
-2.55693e-05
-8.47323e-05
8.45343e-05
8.17899e-05
1.81717e-05
-3.32518e-05
-3.70187e-05
-1.41664e-05
-3.80742e-05
1.34135e-05
3.62873e-05
7.98062e-05
7.22472e-05
-5.46465e-05
-6.98216e-05
4.27395e-06
9.70536e-05
0.000137365
9.42561e-05
2.24762e-05
4.5992e-06
-1.6448e-05
7.14832e-05
6.30303e-05
1.31433e-05
1.03982e-05
-7.48236e-06
-1.48132e-05
-1.51428e-05
1.59263e-05
4.25944e-06
2.38187e-05
3.3345e-05
-6.0647e-06
2.2424e-06
5.63097e-05
7.17837e-05
9.20707e-05
9.73434e-05
8.58768e-05
3.46495e-05
3.85424e-05
3.9689e-05
5.22561e-05
5.20955e-05
3.01363e-05
2.15694e-06
2.59545e-06
2.1306e-05
5.27735e-05
5.36929e-05
1.16443e-05
-3.47683e-06
2.51092e-05
1.03476e-05
5.51416e-05
8.60075e-05
8.56761e-05
8.06062e-05
7.4847e-05
0.000101673
4.8716e-05
5.91074e-05
9.00654e-05
0.000395746
6.9944e-05
-0.000183801
-0.00031269
-0.000171463
9.665e-05
0.000389144
0.000310301
0.000255119
0.000113394
4.54835e-05
6.3321e-05
0.000108033
7.89461e-05
-3.37775e-06
4.52288e-06
6.76496e-05
0.000134566
4.97741e-05
0.000187829
0.000396078
-5.87728e-05
-0.000186535
-0.000316229
-0.000175836
9.16177e-05
0.000394974
0.000280411
0.000205986
7.23369e-05
4.55951e-05
6.4045e-05
0.000108646
7.85375e-05
-5.50116e-06
2.21354e-06
6.58169e-05
0.000133674
5.02443e-05
0.000173941
0.000397095
7.86829e-05
-0.000197536
-0.00031177
-9.11032e-05
7.96189e-05
0.000384559
0.000277042
0.000202916
6.91835e-05
4.65843e-05
8.99442e-05
0.00010827
4.37723e-05
-8.87602e-06
1.59626e-05
9.99658e-05
0.000126598
5.42955e-05
0.000134169
0.000359843
0.000103215
-0.000196814
-0.000340274
-0.000129323
3.3549e-05
0.000318205
0.000244098
0.000235848
8.71038e-05
4.50019e-05
7.40169e-05
0.000111981
8.55065e-05
-2.12554e-05
-4.06356e-08
4.81502e-05
0.000120351
5.55519e-05
5.39241e-05
0.000279703
7.68744e-05
-0.000212908
-0.000300415
-0.000278147
-3.32545e-05
0.000273238
0.000208009
0.000185823
3.98496e-05
2.99754e-05
7.99503e-05
0.000111355
9.10139e-05
-1.02744e-05
-3.63809e-06
4.96866e-05
0.000116876
6.23929e-05
8.81078e-05
0.000179475
-7.22138e-05
-0.000162762
-0.000192547
-0.000153454
-4.46594e-05
0.000210354
0.000120672
0.000104422
-4.29992e-06
6.07877e-06
9.99522e-05
0.00012268
8.58441e-05
1.58653e-05
1.33069e-05
7.18756e-05
0.000124822
8.02972e-05
8.1172e-05
0.000108497
3.51112e-05
-0.000104923
-5.83994e-05
-9.84602e-05
-2.82828e-05
0.000133698
0.000155273
0.000109937
-5.85067e-05
-3.5324e-05
0.000106818
0.000153679
6.38099e-05
-8.22415e-06
-3.56237e-06
7.39283e-05
0.000130268
7.95215e-05
4.66027e-05
6.49358e-05
2.99567e-06
-0.000189327
-0.000139339
-5.75337e-05
2.9948e-05
0.000124552
0.000210241
0.000150775
-6.53868e-05
-5.45261e-05
6.01267e-05
0.000149221
9.17013e-05
2.66511e-05
5.74371e-06
3.46359e-05
9.2641e-05
5.96049e-05
4.19791e-05
3.74049e-05
-4.15426e-05
-0.000130209
-0.000114888
-2.44645e-05
4.49492e-05
0.000132414
0.000166654
0.000175487
-0.000100889
-0.000122869
-1.97119e-05
9.61734e-05
0.000119276
6.91907e-05
4.41596e-05
4.97122e-05
7.38566e-05
5.05e-05
4.49097e-05
1.9492e-05
-2.96377e-05
-7.45698e-05
-6.52849e-05
-5.23864e-05
2.5561e-05
8.82275e-05
0.000114531
0.000131261
-6.26842e-05
-6.73536e-05
-5.95494e-06
3.34553e-05
0.000103719
7.00144e-05
6.70361e-05
4.23886e-05
4.47121e-05
4.07526e-05
3.70052e-05
-5.95931e-06
-2.90019e-05
-5.5191e-05
-2.62353e-05
-8.64429e-06
3.00288e-05
7.12375e-05
7.34862e-05
8.3139e-05
-7.7624e-06
-6.55697e-06
2.64741e-05
8.44981e-05
9.54747e-05
5.82144e-05
6.57895e-05
4.68012e-05
-2.90108e-06
6.10663e-05
7.95956e-05
6.00696e-05
3.23181e-05
6.46536e-06
2.45802e-06
1.7589e-05
5.5251e-05
5.7416e-05
2.86616e-05
2.63044e-05
1.00875e-05
-9.93941e-06
2.64056e-05
8.79951e-05
8.48692e-05
7.52707e-05
7.60903e-05
7.90968e-05
6.4324e-05
3.9289e-05
6.49778e-05
7.40744e-07
-8.85615e-06
0.000137578
-0.000116406
-0.000119719
6.0383e-05
0.000210053
0.000175655
0.00023962
9.22991e-05
-2.40494e-05
2.12813e-06
0.000143831
0.000148287
-1.73044e-05
-4.632e-05
7.58466e-05
9.8983e-05
3.75768e-05
4.54031e-05
-1.83905e-06
-1.42965e-05
0.000104806
-0.000112266
-0.000119258
5.87563e-05
0.000197009
0.000203139
0.000211726
2.57775e-05
-2.51658e-05
5.02965e-05
0.000175208
0.000150336
-1.77269e-05
-4.95647e-05
7.549e-05
9.96766e-05
5.01539e-05
4.74069e-05
-5.08441e-05
2.02222e-05
0.000149968
-0.000101085
-0.000128625
4.07553e-05
0.00020581
0.000206265
0.000246986
1.88373e-05
-3.09529e-05
-2.27477e-06
0.000145964
0.000157724
-6.60267e-05
-1.96988e-05
7.45632e-05
7.43125e-05
1.63874e-05
4.76976e-05
-1.7379e-05
-7.8287e-05
0.000155959
-0.000200925
-0.000185202
-4.55311e-05
0.000159902
0.000189859
0.000244168
-1.00152e-05
-4.04119e-05
5.88931e-05
0.000192304
0.000121273
-4.01455e-05
-6.90305e-06
0.000122218
0.00010913
1.49082e-05
2.00022e-05
-7.25431e-05
-4.05466e-05
0.000220017
-0.000199297
-0.000247581
-0.000197002
7.10812e-05
7.68185e-05
0.000170653
1.55659e-05
-5.52826e-05
1.43481e-05
0.00019536
0.000176701
-2.5799e-05
3.47036e-05
0.000106868
8.82841e-05
1.77963e-05
2.71907e-05
-3.58539e-05
-1.53292e-05
8.63808e-05
7.50212e-05
-0.000160806
-0.000232712
-3.89014e-05
-0.000150113
-2.9678e-05
-0.000127883
-0.000134905
0.000100406
0.000185405
0.000177471
1.42623e-05
-1.11298e-05
0.000126897
9.61944e-05
3.44178e-05
5.96621e-05
2.38073e-05
1.41545e-05
2.283e-06
-6.29448e-05
-0.000105465
-0.000148964
8.33863e-05
-9.81402e-05
-0.000134227
-0.000173743
-0.000221776
-2.76233e-05
0.000262993
0.000114057
3.87468e-06
-2.80363e-05
0.000115598
9.04039e-05
2.50778e-05
6.26761e-05
8.96109e-05
9.5352e-06
-5.68227e-05
-9.99972e-06
-1.61741e-05
-3.71421e-05
0.000223468
0.000173228
5.64787e-05
-0.000158158
-0.000159825
0.000108719
0.000340124
8.77974e-05
-6.34401e-05
2.27113e-05
0.000127674
6.53028e-05
-1.56262e-05
2.58149e-05
6.07544e-05
-7.86463e-06
-8.31931e-05
-8.4583e-05
2.37643e-05
5.05924e-05
0.00013581
0.000192883
0.000166629
-0.000132726
-0.000133637
-2.31927e-05
0.000239251
9.00508e-05
-2.96653e-05
3.53411e-05
7.25584e-05
3.97459e-05
7.31858e-06
2.34915e-05
2.18306e-05
-6.41622e-05
-8.02717e-05
-6.9447e-05
-4.95883e-05
5.13563e-05
8.40569e-05
0.000106856
8.55228e-05
-1.84108e-05
-5.67735e-05
-5.93015e-06
7.50867e-05
8.49029e-05
7.96402e-06
4.90601e-05
5.81804e-05
2.00476e-05
2.27203e-05
2.68525e-05
3.38096e-05
-4.49388e-05
-6.56962e-05
-3.87141e-05
-1.90241e-05
2.7231e-05
6.68127e-05
6.17794e-05
6.67707e-05
-1.88859e-05
-9.46739e-06
3.07161e-05
0.000119874
8.23777e-05
2.74715e-05
4.21688e-05
4.84074e-05
3.03307e-05
6.3573e-05
6.54508e-05
5.68593e-05
3.20182e-05
5.98231e-06
-5.886e-06
1.24708e-07
2.26219e-05
2.10636e-05
1.57179e-05
6.92108e-05
3.31743e-05
2.45505e-06
6.41966e-05
9.22899e-05
8.04985e-05
6.13699e-05
5.22387e-05
4.47341e-05
5.82567e-05
0.000109366
5.08767e-05
-4.7015e-05
6.95364e-05
0.000121056
-0.000221796
-5.64453e-05
4.58692e-05
-5.58889e-06
-1.74421e-05
0.000238979
0.000156304
1.68233e-05
-1.61768e-05
8.5674e-05
0.000203129
5.5759e-05
-4.20907e-05
2.8358e-05
0.0001221
0.000110276
8.50843e-07
-5.12102e-05
6.52001e-05
2.84771e-06
-0.000222686
-5.46485e-05
4.43673e-05
-5.11078e-05
-2.29894e-05
0.000238894
8.72449e-05
1.66469e-05
1.07187e-05
8.35355e-05
0.000205142
-5.5184e-06
-4.45358e-05
2.58762e-05
0.000122448
0.000112659
-1.86532e-06
-4.86419e-05
0.000124376
1.4326e-05
-0.000225715
8.47155e-06
1.06877e-05
-3.35987e-05
5.89862e-05
0.00026118
8.39661e-05
-1.60894e-05
7.56592e-06
8.08914e-05
0.000197991
-1.18011e-05
-5.17237e-05
6.26205e-05
0.000123016
9.77592e-05
-9.01496e-06
-7.39639e-05
0.000101207
0.000147163
-0.000260553
-3.93963e-05
-3.59773e-05
-0.000151663
4.06087e-05
0.00023588
0.00015023
-2.77705e-05
1.92662e-05
0.000135924
0.000197176
-3.25597e-05
-6.32058e-05
4.54565e-05
0.000127672
7.80646e-05
3.00375e-05
-0.00010906
-7.68621e-07
4.87632e-05
-0.000254108
-5.49816e-05
-3.09192e-05
-0.00027642
-4.28215e-05
0.000254633
0.000166456
7.08412e-06
2.95351e-05
0.00010876
0.000179117
-4.83227e-05
-7.03488e-05
3.10252e-05
0.000111887
8.91138e-05
-1.7445e-07
-9.64326e-05
-3.84511e-06
2.14116e-05
-0.000225863
-4.67447e-05
-8.11924e-05
-0.000339206
-0.000217532
0.000143318
9.83088e-05
1.20585e-05
3.61264e-05
0.000149868
0.000181031
-4.0757e-05
-3.70821e-05
6.48426e-05
0.000105608
7.76509e-05
2.14288e-05
-2.99341e-05
-4.67408e-06
-8.94612e-06
-0.000205824
8.64255e-05
1.29342e-05
-0.000162179
-0.000278333
-0.000102937
-2.99306e-05
1.93733e-05
-9.36112e-06
0.000143757
0.000177086
6.22511e-05
-4.82295e-05
4.97498e-05
0.000103322
8.83158e-05
5.7144e-05
1.32784e-05
-8.21075e-06
-6.22753e-05
-0.00013846
-1.14187e-05
-3.95715e-06
-6.82001e-05
-4.49426e-05
-4.39741e-05
-0.000190897
-7.71664e-05
-2.01761e-05
0.000226818
0.00013754
-5.37311e-05
-1.6355e-05
5.54568e-05
8.37244e-05
1.05959e-05
5.19399e-05
-4.54102e-06
-5.18877e-05
-9.84976e-05
-0.000122065
2.92772e-05
4.9567e-05
3.72985e-05
0.000100424
6.67228e-05
-0.000123304
-7.9342e-05
8.82353e-05
0.000229467
9.45216e-05
-4.9544e-05
-1.28035e-05
2.5494e-05
-2.19283e-05
5.61726e-05
7.6431e-05
-1.94643e-05
-8.61068e-05
-9.49033e-05
-7.00644e-05
-2.54791e-05
4.89996e-05
3.41239e-05
6.47223e-05
6.97433e-05
-8.21086e-06
-6.84378e-06
4.01938e-05
0.000125736
2.52219e-05
-2.66911e-05
7.05666e-06
2.55321e-05
1.74449e-05
4.75389e-05
4.32124e-05
3.39953e-05
-2.42525e-06
-6.60637e-05
-6.04061e-05
-2.36021e-05
3.68497e-05
4.48906e-05
4.66923e-05
4.9797e-05
4.80711e-06
2.23569e-05
6.78452e-05
0.00014761
6.45559e-05
3.04403e-05
5.16127e-05
3.44009e-05
3.87503e-05
6.44431e-05
6.48121e-05
6.37679e-05
3.23553e-05
4.53193e-07
-1.8148e-05
-1.2449e-05
9.37022e-06
-3.05234e-06
8.50045e-06
5.29116e-05
2.91487e-05
8.50542e-06
6.98239e-05
9.98981e-05
9.53164e-05
6.12869e-05
4.81889e-05
3.50124e-05
5.58953e-05
2.77534e-05
-2.14898e-05
3.89919e-05
4.53026e-05
-6.38924e-06
-0.000145567
5.42976e-05
0.000233088
0.000228373
0.000160249
0.000155575
0.000120275
0.000142405
0.000134233
8.84728e-05
-2.93624e-05
4.94813e-05
0.000242982
0.000208171
6.80262e-05
1.97953e-05
-1.71115e-05
5.98075e-05
9.52634e-06
-2.97613e-05
-0.000147887
0.000132208
0.000258952
0.000146461
0.000173199
0.00015523
0.000131746
0.000171454
0.000134059
8.99239e-05
-3.22468e-05
0.000115728
0.000243557
0.000210677
3.81247e-05
2.87625e-05
8.18308e-05
9.41498e-05
1.63229e-05
-9.52475e-06
-4.90869e-05
0.000101036
0.000127492
0.000144348
0.000175363
0.000106736
0.000124492
0.00017809
0.00019685
8.76419e-06
-1.16516e-05
3.44117e-05
0.000274669
0.000203776
6.90913e-05
5.83831e-05
6.41999e-05
9.79549e-05
6.52677e-05
-2.50817e-05
-6.23166e-05
2.8037e-05
0.000146498
0.000114744
0.000141239
0.000150887
0.00010597
0.000133155
0.000167473
0.000155489
-6.27413e-05
6.93203e-05
0.000299807
0.000227502
4.28182e-05
4.96869e-06
3.73774e-05
6.81996e-05
6.44545e-05
-5.9894e-05
-8.88437e-05
0.000102037
0.000124246
7.66383e-05
0.000154578
0.00015594
9.01486e-05
0.000108802
0.000160581
9.2384e-06
-8.22164e-05
-1.37211e-06
0.000158685
0.00023715
2.06902e-05
-2.22437e-05
-2.50572e-05
-2.35137e-06
2.8183e-05
-4.29456e-05
-9.77662e-05
0.000102752
0.000152023
3.81709e-05
0.000104188
0.000112807
8.42068e-05
5.70778e-05
0.000119704
1.97066e-05
-9.95321e-05
-6.41997e-05
0.000171547
0.000181574
7.03313e-05
9.07019e-05
-4.36538e-05
-8.51785e-05
-2.38849e-05
-3.55016e-05
-0.000111519
7.84167e-06
0.000133342
-3.30377e-06
8.08844e-05
0.000104084
5.98327e-05
4.68255e-05
4.71812e-05
0.000163416
-5.43578e-05
-4.98759e-05
9.51132e-05
0.000172872
6.26164e-05
-0.00010494
-1.49645e-05
-0.000151815
-0.000102756
-9.03898e-05
-0.000107362
1.76713e-06
9.97848e-05
-7.54598e-06
6.11078e-05
8.91893e-05
6.30657e-06
2.79684e-05
5.84128e-05
7.97032e-05
-2.73218e-06
-5.48221e-05
-4.81272e-05
8.97856e-05
-1.28825e-05
0.000130653
-5.5127e-06
-2.93655e-05
-0.00016755
-0.000112111
-8.78645e-05
-2.894e-05
4.64006e-05
1.44066e-06
2.69128e-05
8.67624e-05
4.37849e-05
3.38735e-05
6.22506e-05
0.000128196
-2.73636e-05
2.60459e-05
-5.31297e-05
-2.233e-05
-2.96196e-05
3.60111e-05
7.07494e-05
6.42968e-05
-0.000123067
-0.000182952
-0.000138497
-5.77275e-05
1.24418e-05
1.93834e-05
5.11728e-05
4.668e-05
1.00546e-05
3.48134e-05
3.861e-05
0.000110961
7.41605e-05
1.13573e-05
-2.10914e-05
-1.48157e-05
-1.15316e-05
6.62277e-05
7.66115e-05
6.78581e-05
-3.12879e-05
-0.000101188
-0.000127131
-4.19965e-05
6.2322e-06
7.90547e-05
7.61499e-05
5.13857e-05
4.49382e-06
3.07652e-05
5.65156e-05
9.79795e-05
6.97187e-05
7.37631e-05
4.62622e-05
1.00336e-05
7.07862e-05
5.44958e-05
7.13067e-05
7.10113e-05
3.13629e-05
-1.08583e-05
-3.74552e-05
-3.62331e-05
-1.62159e-05
1.51072e-05
3.12533e-05
4.92296e-05
2.09546e-05
-2.41716e-06
4.85053e-05
8.56957e-05
9.03737e-05
7.47401e-05
4.39228e-05
3.78713e-05
5.25363e-05
4.20933e-05
0.000179685
0.000146931
3.8679e-05
-4.01776e-05
-9.0058e-05
3.54211e-05
0.000127389
3.61944e-05
6.94248e-05
0.000154692
0.000138153
0.000149168
4.87538e-05
-4.04679e-05
-6.12347e-05
0.000164869
0.000201142
9.13902e-05
-8.94351e-06
0.000103631
0.000179961
0.000148035
2.71709e-06
-4.04518e-05
-9.26069e-05
3.32765e-05
0.00012853
2.69499e-05
0.000108324
0.000156075
0.000142745
0.000149679
5.58212e-06
-7.77455e-05
-6.35284e-05
0.000165445
0.000201831
9.1311e-05
-2.90895e-05
0.000102591
0.0001848
0.000152695
4.21103e-05
-4.47782e-05
-0.000101
8.92089e-05
0.000132491
1.89783e-05
0.00010679
0.000159794
0.000135284
0.000126333
-2.78002e-06
-9.15403e-05
1.42409e-05
0.000164486
0.000157772
8.8527e-05
-3.70599e-05
1.85011e-05
0.000200017
0.000157129
-6.57875e-06
-8.24394e-05
-8.33025e-05
2.73463e-05
0.000140503
-6.54073e-07
9.35733e-05
0.000184104
0.000101381
0.000105587
-2.41553e-05
-0.000158515
-5.98409e-05
0.000199431
0.000194748
8.63015e-05
-5.67983e-05
-6.35632e-06
0.000177608
0.000139565
-1.71151e-05
-6.72679e-05
-0.000133351
1.62899e-05
0.000142985
1.09804e-05
0.000100837
0.000204269
0.000150504
5.68282e-05
8.85359e-06
-0.000167934
-0.000266096
0.000165486
0.000183786
8.91539e-05
-7.05537e-05
1.47085e-05
9.11538e-05
8.98986e-05
3.69174e-06
-5.33451e-05
-0.000130239
-2.26276e-05
0.000131014
3.78622e-05
9.71633e-05
0.000189628
0.000162844
3.93686e-06
-5.11888e-05
-4.07121e-05
-0.000309078
-5.00027e-05
0.000121752
8.6129e-05
-1.71031e-05
-4.17975e-05
3.72733e-05
-1.39135e-05
-2.35832e-05
-4.30359e-05
-0.000111237
-3.53394e-05
0.000113908
4.81793e-05
7.57915e-05
0.000178016
0.00014661
9.15563e-06
-4.54592e-05
-4.18181e-05
-0.000408521
-7.22237e-05
2.92446e-05
-1.38931e-05
-4.97129e-06
-0.000194927
0.00014925
8.41254e-05
-4.34623e-05
-4.94744e-05
-6.97024e-05
-6.33096e-06
9.79057e-05
7.04843e-05
9.68635e-05
0.00016004
0.000117816
6.43534e-05
-2.08341e-05
1.62247e-05
-0.000204273
-0.000267118
-0.000196942
-0.00023006
-5.99007e-05
-0.000119112
3.96491e-05
0.000135536
-4.21488e-06
-0.000103366
-9.31894e-05
-9.94376e-06
5.32545e-05
7.50237e-05
0.000102758
0.000127734
7.83603e-05
4.82631e-05
-8.2293e-06
3.40994e-05
-1.83184e-05
-0.000269899
-0.000138976
-0.00025786
-9.68778e-05
-2.53564e-05
3.62476e-05
0.00011229
-5.44124e-05
-0.000145629
-0.00012818
-9.25751e-05
-3.15926e-05
-2.72757e-05
1.76133e-05
9.49004e-06
1.49974e-05
1.73668e-05
4.07666e-07
7.35773e-05
7.09457e-05
-6.84657e-05
-5.64724e-05
-6.2916e-05
-2.93294e-05
5.56852e-05
8.52463e-05
0.000137627
3.52583e-05
-7.81583e-05
-0.000153772
-7.56525e-05
-4.20162e-05
3.1443e-05
4.60904e-05
1.92356e-05
-9.05392e-06
1.91194e-05
2.06535e-05
5.39805e-05
7.45316e-05
2.12342e-05
1.55779e-05
1.45799e-05
1.52395e-05
6.41936e-05
7.34328e-05
9.38954e-05
9.24603e-05
5.72271e-05
-2.55385e-05
-7.85104e-05
-3.52781e-05
1.17184e-05
7.8568e-05
7.2079e-05
1.04553e-06
-3.81085e-06
4.65407e-05
7.1145e-05
8.49241e-05
8.82901e-05
5.89097e-05
5.02789e-05
4.28821e-05
0.000138158
0.000154165
3.23487e-05
-4.77909e-05
5.58093e-06
2.14948e-05
4.30625e-05
9.26805e-05
-1.13396e-05
-2.0427e-05
0.000133567
0.000230114
0.000135519
-4.12214e-05
-9.06601e-05
1.10148e-05
0.000294932
0.000237788
8.56938e-05
3.15087e-05
0.000177129
0.00011683
3.20617e-05
-3.87909e-05
2.98429e-05
2.17962e-05
7.12476e-05
9.43554e-05
-3.29285e-05
-2.22411e-05
0.000133392
0.000211254
0.000136089
-8.1135e-05
-9.46248e-05
0.00013763
0.000297726
0.000239531
8.44772e-05
2.90819e-05
0.000187862
0.00016614
2.4037e-05
-4.27702e-05
2.34199e-05
1.80676e-05
3.92517e-05
9.8897e-05
-1.3722e-05
1.49651e-05
0.000133834
0.000212517
6.52106e-05
-5.08908e-05
-0.00011035
-6.73147e-06
0.000328009
0.000246635
8.31624e-05
2.14466e-05
0.000135705
0.000201241
-5.83931e-05
-7.00149e-05
-4.27479e-05
-2.0007e-05
2.26592e-05
0.000106435
-3.27457e-05
3.29654e-06
0.000124302
0.000214493
0.000119701
-0.000114141
-0.000167893
9.47648e-05
0.000368826
0.000269828
9.87772e-05
2.04365e-05
0.000179779
0.000154337
-8.08442e-06
-9.79815e-05
-6.57019e-05
-7.86664e-05
2.61346e-05
9.11725e-05
-1.28753e-05
2.04007e-05
0.000201141
0.000265415
0.000116529
-6.39804e-05
-0.000211401
-0.000189411
0.000396981
0.000303016
0.000118966
2.42986e-05
0.000124846
0.000133348
6.59369e-06
-7.25233e-05
-6.68663e-05
-0.000113733
-9.26168e-05
4.49287e-05
3.27595e-06
8.80292e-06
0.000118158
0.000254886
0.000109225
-0.000117253
-0.00012555
-0.000287362
0.000223088
0.000235321
0.000142681
6.63633e-05
2.24425e-05
8.37681e-05
-1.34032e-05
-0.000104633
-4.85895e-05
-0.000119957
-0.000105201
1.59142e-05
1.04756e-05
4.35334e-05
9.96773e-05
0.000189514
9.83025e-05
-8.35494e-05
-7.00705e-05
-0.000311485
2.35403e-05
0.000342513
0.000108633
3.92986e-05
-6.18004e-05
7.90975e-05
3.55704e-05
-0.000116805
-3.01763e-05
-2.44759e-05
-3.67798e-05
-2.93337e-05
3.32648e-05
5.18318e-05
9.91988e-05
0.000124416
2.79923e-05
-6.50075e-05
3.92461e-06
-0.000383593
-0.000224491
0.000197844
2.80155e-06
-1.69494e-05
-6.94164e-05
0.000117776
8.75262e-05
-9.66277e-05
-7.9516e-05
-1.41998e-05
-1.27849e-05
-1.15047e-05
3.13257e-05
7.98797e-05
5.3034e-05
6.60435e-05
2.61835e-05
-2.63612e-05
-2.93985e-06
-0.000255928
-0.000337712
0.000141157
-2.67865e-05
-7.08668e-05
-4.24561e-05
6.85993e-05
6.57657e-05
-4.31734e-05
-0.000142354
-8.88194e-05
-6.05373e-05
-6.91509e-05
-4.68998e-05
3.4275e-05
3.99693e-05
4.15311e-05
1.40084e-05
-1.40188e-05
9.93256e-06
3.66277e-05
-7.58196e-05
2.29938e-05
3.92641e-05
-3.10407e-05
5.08416e-05
8.06979e-05
9.74796e-05
3.14216e-05
-0.000113916
-0.000116473
-8.50759e-05
-6.95056e-05
-1.25335e-07
3.44896e-05
2.44178e-05
2.93599e-05
3.04192e-05
1.01755e-05
2.27128e-05
6.05439e-05
1.86391e-05
1.4523e-05
1.72393e-05
-3.73742e-06
7.78087e-05
0.000107846
0.0001011
8.57446e-05
2.61249e-05
-1.3905e-05
-6.34827e-05
-6.49517e-05
2.67962e-05
6.15382e-05
4.37996e-05
1.26538e-05
1.44323e-05
4.20165e-05
5.56661e-05
8.19391e-05
7.35795e-05
6.04022e-05
3.55626e-05
1.8267e-05
-1.27634e-05
-4.12651e-06
0.000115967
-5.95071e-05
-3.14336e-05
9.10946e-05
4.33432e-05
3.02185e-05
5.2e-06
1.32088e-06
8.5891e-05
0.000221841
0.000184804
3.77112e-05
-1.54708e-05
-2.20675e-05
0.000174988
0.00019524
0.000105785
2.6308e-05
-2.17122e-05
5.1231e-05
0.000114617
-6.02443e-05
-1.06159e-05
5.45965e-05
1.06075e-05
2.34639e-05
-1.35082e-06
1.94034e-05
8.44972e-05
0.000221654
0.000186952
3.9103e-05
1.47208e-05
-1.6985e-05
0.000175378
0.000184717
0.000105353
2.74529e-06
5.56848e-06
0.000173435
0.000300782
8.47149e-05
-5.61591e-05
4.01803e-05
4.11406e-05
1.80786e-05
-2.76104e-06
-2.87959e-05
8.2592e-05
0.000191833
0.000150349
6.33253e-05
1.01895e-05
1.61128e-05
0.00019795
0.000181659
0.000117285
6.98513e-05
-2.44556e-05
0.000130527
6.90895e-05
-2.51278e-05
-4.28706e-05
7.52087e-05
3.36986e-05
3.91746e-05
1.72367e-05
-6.88232e-06
0.000115628
0.00020554
0.000125862
4.8905e-05
1.17696e-05
-9.03107e-05
0.000202782
0.000177006
8.90757e-05
9.4741e-05
6.88008e-06
1.60221e-05
0.000211539
0.000119983
-1.45844e-06
4.5121e-05
2.65958e-06
4.81977e-05
1.85786e-05
-1.85212e-05
6.6097e-05
0.000174552
0.000198222
7.51608e-05
-8.84195e-05
-0.000156782
0.000132922
7.76866e-05
1.38821e-05
5.46683e-05
3.66055e-05
8.35439e-05
0.000137038
8.33013e-05
1.48781e-05
6.31757e-05
-1.19011e-05
1.32394e-05
1.53932e-05
-5.49206e-05
-1.88882e-05
0.000166884
0.000171926
3.79381e-05
-6.99963e-05
-0.000135262
6.04085e-05
5.34383e-05
-4.54243e-05
-1.03812e-06
4.90646e-05
7.41786e-05
7.20557e-05
1.77153e-05
1.09407e-05
3.97936e-05
1.98809e-05
2.19788e-06
-2.06952e-06
-3.39501e-05
-5.46184e-05
0.000116541
0.000105099
2.69611e-05
-4.8888e-05
-0.000140133
9.05173e-05
0.000132806
-8.7046e-05
-4.3314e-05
5.09428e-05
8.82878e-05
3.13521e-05
-0.000105936
1.47999e-05
1.76874e-05
3.53329e-05
-7.05667e-06
-4.73227e-05
-0.000101598
-6.50316e-05
0.000114407
7.06234e-05
4.6846e-05
6.11981e-05
1.67533e-05
-3.29998e-05
6.39828e-05
2.1221e-05
-3.72275e-05
3.62009e-06
5.61859e-05
7.61081e-05
-8.57336e-05
-9.75676e-05
2.90194e-05
6.32291e-05
3.77691e-05
-4.57633e-05
-8.16762e-05
-9.89518e-05
9.00276e-05
6.41408e-05
2.08864e-06
3.54598e-06
-1.99585e-06
-5.75291e-06
3.35779e-05
1.81647e-05
-5.17871e-05
5.97482e-06
4.11487e-05
1.79441e-05
-4.78243e-05
-8.21637e-05
-3.83741e-05
4.52466e-05
5.36467e-05
-2.8324e-05
7.84924e-07
-3.96955e-05
3.15673e-05
-2.77016e-05
-6.8997e-05
-5.69691e-05
3.65538e-05
5.09532e-05
3.44792e-05
1.99476e-05
-1.64955e-06
4.16294e-05
3.35123e-05
3.51949e-05
-2.56615e-07
-5.9399e-05
-0.000106068
-1.83736e-05
-3.04265e-05
-2.24806e-05
3.66828e-05
1.92451e-05
0.000153539
8.54501e-06
-5.583e-05
-2.37879e-05
6.65045e-05
9.54879e-05
8.68387e-05
7.48823e-05
-3.59225e-07
9.54516e-06
4.05475e-05
5.39869e-05
2.90455e-05
-2.15728e-05
-2.9025e-05
-1.74671e-05
-1.42509e-05
2.03884e-05
4.93871e-05
3.74419e-05
9.41352e-05
8.74522e-05
2.29458e-05
2.64491e-05
5.35787e-05
7.88352e-05
8.70822e-05
7.33404e-05
-8.56989e-06
0.000109038
0.000112286
0.000158483
6.01199e-05
8.77807e-06
0.000136919
0.000124645
2.21759e-05
-3.10155e-05
-7.62155e-05
-2.99269e-05
4.92013e-06
-2.99619e-05
2.57082e-05
8.05165e-05
2.64646e-05
0.000115165
0.000133558
7.05836e-05
7.69997e-05
0.00010516
0.000111147
0.000136402
5.88452e-05
6.77121e-06
0.000166891
0.000126792
2.26041e-05
-3.0582e-05
-7.57614e-05
-2.92827e-05
-9.91292e-06
-3.24834e-05
2.3503e-05
5.3845e-05
4.68773e-05
0.000113312
0.000130512
6.69236e-05
9.3341e-05
0.000108755
0.00010728
0.000154965
5.68781e-05
-2.92846e-07
0.00017472
0.000136035
1.38323e-06
-3.10418e-05
-7.72425e-05
-5.31032e-06
-1.93856e-05
-4.36289e-05
1.32973e-05
4.32309e-05
4.33971e-05
0.000113251
0.000100018
5.89564e-05
9.12985e-05
9.72688e-05
0.000104521
0.000132285
1.49044e-05
-4.44979e-06
0.000186408
0.000162777
-4.15489e-06
-5.34701e-05
-7.59561e-05
-1.73861e-05
-3.68089e-05
-6.6352e-05
3.01208e-05
3.88072e-05
4.72857e-05
0.000169983
0.000124021
2.91798e-05
5.67715e-05
8.2888e-05
5.72616e-05
0.000109278
2.59353e-05
2.57455e-05
0.000112827
0.000111347
-1.13498e-05
-5.92398e-05
-5.63937e-05
3.94133e-05
5.52465e-07
-6.76389e-05
1.17005e-05
5.89645e-07
5.54774e-05
0.000147694
0.000134192
4.51939e-06
5.58857e-05
5.19339e-05
4.44788e-05
7.39016e-05
2.3882e-05
1.56986e-05
0.000124085
9.9116e-05
2.3317e-05
-5.89009e-05
-7.84327e-05
9.54025e-05
0.000158726
-4.3887e-06
6.61296e-06
2.86341e-05
4.97474e-05
0.000138091
0.000128976
-1.83468e-05
-2.51352e-05
3.61183e-05
4.52813e-05
5.02589e-05
3.08738e-05
2.93602e-05
6.87081e-05
8.76159e-05
-1.06077e-05
-5.66553e-05
-7.3206e-05
0.000216573
0.000178022
5.39418e-05
1.01788e-05
4.49005e-05
0.000102653
0.000128331
0.000118972
3.03881e-05
-4.11785e-05
1.45222e-05
5.06067e-05
1.82813e-05
-5.51529e-06
-4.04044e-06
5.88509e-05
7.40149e-05
4.3328e-06
-5.96459e-05
-4.53067e-05
5.03907e-05
0.000258078
5.06137e-05
6.70454e-06
3.05665e-05
0.000116591
0.000130616
8.19114e-05
4.37278e-05
-5.18198e-05
-8.56041e-06
4.49796e-05
1.01922e-05
-5.94578e-05
-5.47146e-06
7.37878e-05
7.48592e-05
3.11245e-05
-3.14307e-05
-1.72341e-05
0.000102022
0.000182965
7.31377e-05
1.94558e-06
1.6995e-05
0.000108165
0.000150136
9.22389e-05
5.90587e-05
-2.7429e-05
-3.54393e-06
2.69699e-05
7.99601e-06
-4.0721e-05
-5.74706e-05
1.94566e-05
5.19182e-05
5.6286e-05
3.07847e-05
1.29595e-05
7.30308e-05
0.000164677
3.18275e-05
-2.52533e-05
-2.63462e-05
9.73437e-05
0.000130387
5.59932e-05
1.13226e-05
-1.37462e-05
-2.77753e-05
1.08529e-05
1.64416e-05
-2.90153e-05
-5.2698e-05
-4.39419e-05
2.5304e-05
6.10014e-05
4.98464e-05
-3.72034e-06
2.60033e-05
0.000213552
5.68244e-05
-0.00010411
-8.27683e-05
7.6764e-05
8.99268e-05
9.46529e-05
9.04699e-05
-4.49346e-06
-3.1811e-05
5.9087e-09
1.27742e-05
-6.79345e-06
-2.48184e-05
-1.91687e-05
1.86374e-05
4.97783e-05
6.38855e-05
5.3286e-05
4.4282e-05
8.55286e-05
6.85378e-05
-2.29957e-05
-1.37171e-05
3.01192e-05
7.78593e-05
8.74152e-05
4.85314e-05
-3.46467e-05
-4.14557e-05
1.12465e-05
2.74217e-05
1.24492e-05
-1.33075e-06
-2.0774e-05
-6.18793e-06
7.63133e-05
6.27996e-05
-6.28251e-05
-8.05377e-05
-2.87305e-05
3.40086e-06
2.16766e-05
2.98063e-05
4.89666e-05
7.45826e-05
7.85632e-05
6.60235e-05
-2.92333e-05
-2.444e-05
5.76903e-05
7.19565e-05
1.73683e-05
-1.5077e-05
-4.99764e-05
-5.24214e-05
3.78965e-05
-5.63443e-05
-5.3211e-05
-5.74289e-06
-0.000102496
-3.02642e-05
1.00121e-05
1.70055e-05
4.95843e-05
7.29227e-05
5.62617e-05
7.75345e-05
-4.46453e-05
-5.75412e-06
0.000117279
4.89078e-05
-5.86517e-05
-5.34997e-05
-4.35232e-05
-2.71597e-05
7.60294e-05
6.08644e-05
9.88009e-05
9.3912e-05
-2.79278e-05
-3.25115e-05
-2.29669e-05
-1.50026e-05
6.96824e-05
0.000117312
0.000223049
0.000184577
-4.37149e-05
-2.28937e-05
5.89148e-05
2.30101e-05
-8.92364e-05
-0.000120391
-0.000117472
-7.48796e-05
4.45509e-05
0.000104505
9.63347e-05
0.000117496
9.68495e-05
6.38183e-05
-1.64861e-06
-6.05569e-05
2.12e-06
0.000111708
0.000281492
0.00014056
-9.34374e-05
-2.12991e-05
1.62339e-05
-7.50045e-05
-0.000292559
-0.000160526
-0.000144503
-6.3335e-05
0.000108083
0.000120635
7.17844e-05
7.10261e-05
0.000172665
0.000104061
-2.07121e-05
-0.00019955
0.000103312
0.000295058
0.000275176
2.30241e-05
-0.000129872
1.1207e-07
-9.75012e-07
-5.94303e-05
-0.000264648
-0.000183086
-0.000152396
-5.39806e-05
9.65273e-05
0.00011195
-3.70932e-05
1.55093e-05
0.00031052
0.000240879
-1.82307e-05
-0.000267046
3.58857e-05
0.000241246
0.00015525
-8.39139e-05
-9.14516e-05
3.39799e-05
-1.72888e-05
-5.44432e-06
-0.000166132
-0.000120453
-0.000187923
-0.000155535
4.40416e-05
3.87688e-05
-3.98227e-05
0.000100956
0.000352997
0.000214854
1.38605e-05
-0.000179752
4.03199e-05
0.000132681
3.17545e-05
-2.67347e-05
-5.28947e-05
5.18155e-05
-2.23818e-06
5.61506e-07
-5.95367e-05
-0.000108648
-0.000222435
-0.000113952
7.87021e-06
2.74776e-05
1.30276e-05
0.000263355
0.000332734
0.000150093
-2.99893e-05
-0.0001102
9.57096e-05
0.00011855
2.76568e-05
-3.39131e-06
1.44843e-05
6.61734e-05
1.64306e-05
-1.56368e-05
-1.98934e-05
-9.75689e-05
-0.000172767
-0.000134539
-3.08289e-06
1.54526e-05
4.09913e-05
0.000188662
0.000302416
0.000220337
-4.24643e-06
-7.71525e-05
7.94055e-05
8.38115e-05
4.6434e-05
1.19527e-05
3.88104e-05
7.81891e-05
3.72362e-05
-1.08831e-05
-3.41628e-05
-3.97185e-05
-0.000135341
-0.000103306
-1.01751e-05
1.36127e-05
7.74923e-05
0.000293181
0.00029938
0.000172747
8.17998e-05
-5.13852e-05
6.38161e-05
7.43618e-05
1.68816e-05
1.46798e-05
3.15323e-05
8.27548e-05
4.05679e-05
1.70116e-05
-2.44266e-05
-3.93034e-05
-0.000112026
-9.6455e-05
-3.9589e-05
1.7001e-05
8.96658e-05
0.000222875
0.000292369
0.000216512
8.02471e-05
-5.58236e-05
2.69135e-05
6.67524e-05
2.60637e-05
2.23235e-05
3.38244e-05
8.1841e-05
5.46949e-05
1.68272e-05
-3.59213e-05
-4.07193e-05
-0.000111144
-9.53568e-05
-3.95764e-05
1.655e-05
3.72434e-05
0.000224654
0.000318702
0.000215352
7.95221e-05
-5.41542e-05
2.70852e-05
6.50961e-05
2.45106e-05
1.38372e-05
3.39582e-05
-4.88679e-05
-2.574e-05
1.46403e-05
1.1412e-05
8.2584e-06
-1.49932e-05
2.03852e-05
7.54123e-05
3.87287e-05
-1.69226e-05
-4.3222e-05
-1.76708e-05
-8.41439e-06
1.42973e-05
1.94857e-05
3.43304e-05
6.808e-05
8.57783e-05
7.84207e-05
-5.9474e-06
-3.0698e-05
4.71717e-06
3.4855e-06
-1.22824e-05
1.24099e-05
-3.29702e-05
1.14939e-05
3.47018e-05
-1.1172e-05
6.055e-06
4.78977e-05
-1.22201e-05
-2.31743e-05
6.66473e-06
-1.00452e-06
2.73576e-05
4.56407e-05
5.64394e-05
4.68284e-05
-2.07611e-05
-4.72593e-05
5.82035e-05
2.20735e-05
-4.87974e-05
-5.47853e-05
-1.76914e-05
-3.86832e-05
5.0073e-05
3.80586e-05
7.97895e-05
8.99216e-05
4.70302e-05
3.08286e-05
-1.77748e-05
-3.69444e-05
-2.85717e-05
4.57148e-05
8.01188e-05
8.37633e-05
-0.000112339
-3.78313e-05
-1.82196e-05
-0.00014841
-9.09219e-05
-1.69239e-05
-0.000115667
-6.5196e-06
1.34963e-05
5.62958e-05
9.44888e-05
9.63784e-05
0.000101314
9.68522e-05
-2.99158e-05
-0.000122263
-8.21498e-05
1.97329e-05
0.000119616
1.72178e-05
-9.19237e-05
-3.13377e-05
-8.16169e-05
-0.000148158
-8.1063e-05
1.39333e-06
-6.10057e-05
5.38786e-06
-1.28702e-05
5.69083e-05
5.76657e-05
4.49169e-05
6.14576e-05
0.000129585
7.45634e-05
-0.000211291
-9.84262e-05
2.39739e-05
5.63118e-05
-8.86299e-05
-0.000101699
4.65897e-06
-4.94505e-05
-7.47505e-05
-0.000132097
2.87834e-05
-8.36449e-06
-1.67907e-05
-5.75371e-05
1.60109e-05
4.29163e-05
4.22603e-05
0.000203496
0.000185531
-8.741e-05
-0.000152385
-4.79562e-05
-3.96612e-05
-6.63235e-05
-0.000223035
-0.000110759
0.000100464
-6.22093e-05
-9.56674e-05
-0.000124688
1.59772e-05
7.353e-06
-3.30119e-05
-3.09475e-05
7.12079e-05
4.25497e-05
1.00918e-05
0.000208951
0.000135237
2.96253e-05
-0.000133309
-6.40483e-05
-0.000135807
-0.000226023
-0.000190709
-7.67826e-05
7.39645e-05
-1.61845e-05
-0.000106137
-3.78357e-05
5.49271e-05
7.38953e-06
-4.23214e-05
-5.72871e-05
4.18318e-05
2.90261e-05
2.96731e-05
0.000165603
0.000180742
4.14006e-05
-0.000136538
-0.000122453
-0.000183461
-0.000203083
-0.000226539
-5.30984e-05
0.000133335
4.41491e-05
-6.16122e-05
-0.00013336
4.75809e-05
-3.053e-05
-4.27953e-05
6.26426e-06
3.48217e-05
0.000140588
0.000270221
0.000190152
0.000152057
3.11434e-05
-0.000112179
-7.40988e-05
-0.00011703
-0.000159642
-0.000100162
3.31836e-05
0.000170301
0.000121666
-2.25408e-06
-6.89686e-06
4.08703e-05
-5.1025e-05
-5.71842e-05
5.36553e-05
3.15551e-05
4.17019e-05
0.000191139
0.000200653
0.000150583
3.29006e-05
-0.000104729
-4.8262e-05
-0.000111799
-0.000152224
-5.65121e-05
5.04355e-05
0.000154832
0.000108692
5.70999e-06
-6.50321e-05
4.34006e-05
-1.88346e-05
-5.15379e-05
-3.12279e-05
6.00132e-05
0.000257626
0.000208515
0.000200963
0.0001521
4.67794e-05
-0.00010019
-7.43119e-05
-9.80606e-05
-0.000119766
-1.94607e-05
5.85094e-05
0.000162043
0.000119961
-2.55757e-06
-8.89762e-05
-1.9743e-05
-3.38332e-05
-5.01626e-05
-2.89935e-05
4.71038e-05
0.000166801
0.00033165
0.000252839
0.000171002
4.59157e-05
-8.40267e-05
-4.70781e-05
-9.70579e-05
-0.00013125
-7.70227e-05
3.05892e-05
1.21599e-05
-8.78695e-08
8.16903e-06
2.25838e-05
3.2607e-05
1.32003e-05
3.08984e-05
6.78279e-05
7.94899e-05
2.90863e-05
1.21733e-05
2.837e-05
1.37121e-05
1.16055e-05
1.99172e-05
5.56116e-05
7.17409e-05
8.65436e-05
8.9279e-05
6.34813e-05
4.80729e-05
-2.84692e-06
-1.42658e-05
1.24766e-05
2.50425e-05
3.00199e-05
5.05168e-05
8.01181e-05
6.23985e-05
5.98659e-05
6.41561e-05
2.58732e-05
-1.7084e-05
6.47433e-06
2.87897e-06
1.61034e-05
5.97643e-05
7.79958e-05
8.9545e-05
5.69078e-05
-4.0687e-06
-4.12995e-06
-1.0667e-05
4.71507e-05
3.40741e-05
5.01962e-05
5.41712e-05
8.01362e-05
2.41998e-05
4.52066e-05
7.17319e-05
1.93715e-05
-1.03004e-05
1.08261e-05
-4.09426e-05
-3.29667e-05
3.12738e-05
8.5188e-05
7.3678e-05
-8.93336e-06
-3.96515e-05
-9.11405e-06
-8.81422e-06
4.70779e-05
-1.22734e-05
6.70583e-05
8.1809e-05
4.11907e-05
-5.72403e-06
-4.62607e-05
5.61663e-05
-4.34592e-05
-5.95412e-05
-1.29083e-05
-9.30074e-05
-7.85005e-05
-3.21635e-06
4.91741e-05
3.47552e-05
-1.26807e-05
-8.55893e-05
1.94799e-06
2.62236e-05
-1.20465e-05
3.03417e-05
8.93298e-05
0.000103668
2.84818e-05
1.39897e-05
9.34444e-06
6.05874e-05
-8.88183e-05
-5.94958e-05
-1.06245e-05
-0.000116275
-8.49187e-05
-5.01474e-05
-1.86982e-05
5.73849e-06
-4.26536e-05
2.24154e-06
1.68672e-05
5.00707e-05
1.05215e-05
3.16423e-05
3.07094e-05
7.19391e-05
4.49649e-07
6.02726e-05
1.49932e-05
5.62551e-05
-0.000123991
-5.04211e-05
-1.49334e-06
-0.000111363
-4.38016e-05
-4.72942e-05
-5.57247e-05
2.14199e-06
-1.01569e-05
2.94966e-05
4.64164e-05
9.30105e-05
0.00010819
5.63496e-05
2.14832e-05
2.51067e-05
1.68198e-05
3.29032e-05
5.96391e-05
3.46966e-05
-7.25347e-05
6.71985e-05
5.77989e-05
-0.000113136
-5.79324e-05
-3.60956e-05
-3.28453e-05
5.00236e-05
3.48658e-05
6.98969e-05
0.000133588
0.000186364
0.000196391
5.36489e-05
8.71936e-06
7.46601e-06
1.73312e-05
2.12993e-05
5.29212e-05
1.23066e-05
-3.72768e-05
0.000107852
3.4273e-06
-0.000127258
-8.0642e-05
-4.99576e-05
-3.30551e-05
9.62771e-05
6.32947e-05
0.000162285
0.000202679
0.00026904
0.000151484
8.50918e-05
2.56408e-05
2.43068e-05
4.50639e-05
2.60805e-05
3.90557e-05
4.2612e-05
7.74173e-05
0.000136736
6.63454e-05
-0.000133048
-0.000116507
-2.51086e-05
1.31165e-05
0.000105817
0.000110539
0.000213715
0.000232545
0.000266903
0.000199727
0.000101737
3.6363e-05
3.96207e-05
5.70936e-05
3.32001e-05
7.13254e-05
7.60046e-05
8.76175e-05
0.000131204
6.13085e-05
-0.000107099
-6.76975e-05
-1.44955e-05
4.54532e-05
0.000145028
0.00017692
0.000218296
0.000227418
0.000265693
0.000193298
8.24238e-05
4.92095e-05
4.05721e-05
5.68622e-05
3.81051e-05
8.16344e-05
0.000122087
9.10891e-05
0.000129345
-5.54859e-06
-8.23184e-05
-8.87076e-05
-2.86438e-05
5.3447e-05
0.000176186
0.00018526
0.000209424
0.000230762
0.000265205
0.000191265
0.000105663
4.92219e-05
4.01756e-05
5.63841e-05
5.66191e-05
8.14663e-05
0.000122706
6.87193e-05
0.000129648
5.97488e-05
-8.10224e-05
-8.66181e-05
-2.61203e-05
5.6182e-05
0.000155578
0.000192579
4.68725e-05
6.05656e-06
8.1912e-06
2.78311e-05
3.46609e-05
1.88868e-05
1.43621e-05
5.83243e-05
7.82827e-05
4.07945e-05
2.09556e-05
3.98529e-05
2.34772e-05
7.57537e-06
1.55671e-05
6.12123e-05
8.52199e-05
9.40233e-05
9.6429e-05
7.05615e-05
6.49163e-05
8.81055e-06
-1.93676e-05
2.65033e-05
3.23298e-05
3.03506e-05
3.73332e-05
5.04677e-05
6.45766e-05
8.08506e-05
6.43802e-05
2.77468e-05
-2.63811e-05
-1.97918e-05
-1.80969e-05
1.39243e-05
7.52577e-05
9.56922e-05
0.000104194
8.40578e-05
-1.85615e-05
-6.5372e-05
-7.324e-07
3.96564e-05
2.99483e-05
3.76919e-05
7.4953e-05
3.3186e-05
5.15333e-05
8.84792e-05
0.000102966
-4.47021e-05
-8.25945e-05
-5.0372e-05
-6.64872e-05
5.37827e-06
4.8577e-05
0.000106478
9.38319e-05
4.82177e-05
-0.000100269
-2.95117e-05
1.80006e-05
4.28268e-06
-1.70613e-06
8.67601e-05
8.65077e-05
5.97324e-05
0.000116397
4.01696e-05
0.000141836
-7.74901e-05
-0.000143807
-9.82874e-05
-0.000104106
-4.98957e-05
4.03714e-05
6.70286e-05
6.13657e-05
3.22386e-05
-6.14472e-05
6.67836e-06
4.83669e-05
1.5387e-05
5.62968e-05
0.00010679
6.73718e-05
4.20378e-05
9.12444e-05
5.34042e-05
0.000153079
-0.000126339
-0.000100219
-6.17354e-05
-0.000114852
-7.17921e-05
-3.30407e-05
4.57695e-05
4.81185e-05
-1.19901e-05
8.78484e-06
1.86067e-05
4.80082e-05
7.52583e-05
0.00012471
0.000184942
0.000107598
6.79099e-05
5.2382e-05
0.000120603
0.000206945
-3.88658e-05
-4.21515e-05
-1.10355e-05
-6.51574e-05
-4.96713e-05
-6.80576e-05
1.23517e-05
7.27599e-05
5.35629e-05
4.00604e-05
4.37802e-05
0.000121971
0.000169663
0.000208249
0.000211617
8.26971e-05
0.000101406
-6.32775e-06
2.10722e-05
0.00035354
-2.21291e-05
3.35378e-05
3.9721e-05
-5.67407e-05
-5.65538e-05
-6.95732e-05
-1.87985e-05
0.000137029
9.09289e-05
6.45545e-05
0.000100564
0.000169241
0.000230725
0.000227498
0.000119389
8.70116e-05
0.000113113
-3.0141e-05
5.44915e-05
0.000214974
9.16149e-05
9.22905e-05
5.00936e-05
-5.85243e-05
-4.67434e-05
-5.4878e-05
1.04088e-05
0.000147739
0.000101172
0.000106059
0.000164969
0.000251953
0.000262216
0.000193518
0.00012598
8.16015e-05
0.000126534
-1.67478e-05
0.000245748
0.000281242
0.000144392
0.000112326
-4.48126e-06
-6.51886e-05
-3.60808e-05
-4.54727e-05
9.4269e-05
0.000169678
0.000150483
0.00014607
0.000162612
0.000262246
0.000263109
0.000218652
9.09713e-05
9.18732e-05
0.000123633
7.66906e-06
0.000103344
0.000171259
0.000134584
0.000135298
3.95745e-05
-3.87714e-05
-2.09127e-06
-4.30276e-05
0.000117913
0.00018886
0.000190081
0.000149238
0.000195522
0.000267941
0.000261303
0.000167738
0.000112828
9.35317e-05
0.000106199
1.75012e-05
0.000217793
0.00022723
0.000140225
0.000102635
-4.14502e-06
-4.04538e-05
2.14669e-06
-3.17427e-05
5.47479e-05
0.00021512
0.000196282
0.000145295
0.00016909
0.000252337
0.000275286
0.000210076
0.000111973
9.3969e-05
0.000122236
5.55249e-05
0.000108424
0.000225317
0.000133798
0.000130391
4.00228e-05
-3.81343e-05
3.05016e-06
-3.74001e-05
5.8063e-05
0.000198796
0.000199031
4.03341e-05
3.11116e-05
2.69904e-05
3.91672e-05
4.14484e-05
3.04262e-05
4.43989e-05
8.10188e-05
5.92134e-05
1.81184e-05
6.38194e-07
5.95281e-05
4.50856e-05
3.57101e-06
5.75005e-06
5.27736e-05
9.13584e-05
0.000106637
0.000100099
5.46101e-05
6.93518e-05
2.71818e-05
-7.77974e-06
3.89985e-05
4.97976e-05
2.80471e-05
4.77422e-05
6.54045e-05
9.68087e-05
7.55625e-05
4.93201e-05
6.94061e-05
6.72362e-05
-3.12831e-05
-6.25325e-05
-2.08194e-05
6.68597e-05
9.66801e-05
0.000108852
8.51097e-05
6.21715e-05
1.80975e-06
3.46184e-05
4.86457e-05
2.53121e-05
1.84773e-05
6.95616e-05
0.000113822
0.000161641
8.04116e-05
0.000121883
0.000107562
-5.55981e-07
-0.00012816
-0.000119059
-5.00792e-05
5.96947e-05
0.000102098
0.000101776
8.57197e-05
4.97232e-06
2.60367e-05
5.45164e-05
5.18719e-05
2.48411e-05
1.89752e-05
7.91591e-05
0.000139937
0.000119957
4.49287e-05
0.00024274
5.99853e-05
-0.000122607
-0.000148667
-0.00014081
-7.24054e-05
7.27547e-06
7.45674e-05
7.5476e-05
7.93795e-05
1.23251e-05
-1.63309e-05
-2.27384e-06
4.06703e-05
5.60655e-05
6.70377e-05
7.37122e-05
0.00019022
7.89074e-05
9.69902e-06
0.000271712
-1.66846e-05
-0.000219747
-0.000118442
-0.00010117
-8.09955e-05
-2.98563e-05
3.8122e-05
9.75351e-05
7.51173e-05
-9.4605e-06
-0.000105626
-2.2304e-05
5.89906e-05
4.66788e-05
0.000119047
0.000116429
0.000263173
6.02715e-05
-7.59147e-05
0.000137946
-0.000123733
-0.000227887
-6.12749e-05
-3.3867e-05
-3.98749e-05
-4.19956e-05
4.75527e-06
7.45284e-05
6.39439e-05
-4.42013e-05
-0.000143061
6.57363e-06
0.000111962
-1.14726e-05
5.36675e-05
0.000152599
0.000154774
9.10098e-05
8.68879e-05
0.000140312
-0.00012118
-0.000130483
-3.65621e-06
3.06097e-06
1.05303e-05
-5.55685e-05
7.20547e-05
0.000149664
-3.01071e-05
-6.54455e-05
-9.22103e-05
8.14223e-05
0.000178947
6.18094e-05
9.02324e-05
9.81205e-05
0.000146757
0.000205282
0.000138319
0.000188873
-0.000218376
-6.43309e-05
7.72288e-06
2.27393e-05
-7.36382e-06
-6.74878e-05
3.27373e-06
0.000152031
2.05526e-05
-3.75036e-05
-0.000168974
-5.54597e-05
0.000101824
-4.66143e-05
6.57246e-05
0.00012109
0.000183124
7.56876e-05
5.27772e-05
0.000173666
-0.000178298
-7.25339e-05
6.43854e-05
-4.62151e-06
-3.21177e-05
-6.50273e-05
6.15403e-05
7.86558e-05
1.57015e-06
-5.81804e-05
-0.00012821
-4.07631e-05
7.65427e-05
0.000110025
6.58894e-05
0.000285969
0.000173639
0.000205406
0.000143623
8.52636e-05
-4.33559e-05
-6.71016e-05
-2.39724e-05
3.46845e-05
-6.65877e-06
-4.01148e-05
2.18341e-05
9.38238e-05
1.06023e-05
-1.50466e-05
7.72153e-05
3.35174e-05
0.000207238
0.000112788
7.3533e-05
0.000136859
0.000171026
0.000116713
0.000153232
-1.7344e-05
-3.76715e-05
-3.75755e-05
-1.89425e-05
3.44535e-05
-2.60323e-05
-6.83979e-05
1.29117e-06
0.000107464
5.32488e-05
-1.24405e-05
2.40453e-05
0.000176864
0.000206684
0.000113043
7.57336e-05
0.000137129
0.000168849
0.000158559
0.000113344
0.000150718
-1.35092e-05
-3.6746e-05
-1.84158e-05
-2.64787e-05
-2.64063e-05
-7.35538e-05
2.94675e-06
0.000115726
5.61309e-05
3.67446e-05
2.47029e-05
3.77097e-05
4.59596e-05
2.44944e-05
3.44692e-05
6.3601e-05
7.29377e-05
3.91393e-05
-1.25339e-05
-2.40605e-05
1.57274e-05
6.04143e-07
1.02249e-05
2.45003e-05
4.60816e-05
6.01575e-05
7.54763e-05
8.04183e-05
5.70945e-05
5.38774e-05
2.86247e-05
2.03139e-05
5.12632e-05
3.16853e-05
9.05552e-06
3.28789e-05
5.53433e-05
6.14969e-05
-3.41258e-05
3.52766e-05
6.149e-05
4.20379e-05
-2.68862e-05
-2.1966e-05
-4.5861e-06
5.03966e-05
8.26977e-05
0.000103006
8.83391e-05
9.92582e-05
3.16787e-05
1.77438e-05
3.80342e-05
7.64278e-06
-7.74281e-05
2.6755e-05
0.000118244
0.00012209
2.28541e-05
6.00192e-05
9.23492e-05
5.69432e-05
-2.64907e-05
-7.27896e-05
-6.60017e-05
-1.20252e-05
5.67596e-05
8.72846e-05
0.00012695
0.00012891
2.29372e-05
-5.03513e-05
-4.31327e-06
-6.25864e-05
-0.000162384
5.73694e-05
0.000161002
0.000181161
8.2182e-05
-5.72339e-06
7.17875e-05
4.70492e-05
-6.42795e-06
-6.94059e-05
-8.97181e-05
-3.94449e-05
4.17013e-05
0.000115075
0.000158176
0.000108076
1.44357e-05
-8.90946e-05
-4.54754e-05
-0.000154965
-0.000162415
0.000119753
0.000109182
9.00399e-05
8.71067e-05
-8.23395e-05
-0.000134243
-0.00013561
-0.000117389
-3.80071e-05
-5.83327e-05
-2.71327e-05
7.84415e-05
0.000112441
0.000161727
0.000109857
-0.000102089
-0.000133408
-7.47275e-05
-0.000236693
-9.78722e-05
0.000156447
7.61525e-05
0.000191469
5.57873e-05
-0.000116383
-0.000252783
-0.000161172
-2.70133e-05
-6.75046e-06
-5.29907e-05
-2.90612e-05
2.53494e-05
0.000102052
0.00018005
6.125e-05
-0.000185338
-0.000225468
-9.85264e-05
-0.000158111
4.5216e-06
0.000196754
8.141e-05
0.000255553
3.97466e-05
-0.000188957
-0.000293958
-8.97249e-05
3.88217e-06
-1.08349e-05
-6.65792e-05
-8.78253e-05
4.7964e-05
0.000134269
0.000228468
-1.46575e-05
-0.0001583
-0.000234999
-3.44882e-05
-4.79914e-05
0.000138762
0.000202253
0.000162493
0.000310585
0.000115656
-0.000346922
-0.000296152
-9.35413e-05
6.6518e-05
4.17505e-05
-4.94948e-05
-6.71376e-05
9.96556e-05
0.000255421
0.000227832
-3.70446e-05
-0.000219342
-0.000223371
-2.04298e-05
5.24432e-05
0.000187774
0.000194826
0.000234251
0.000314979
7.18108e-05
-0.000299604
-0.000262092
-2.05172e-05
8.62202e-05
3.35217e-05
-2.90125e-05
-5.07155e-05
0.000192822
0.0002907
0.000201596
4.31477e-05
-0.000167417
-0.000132646
2.63556e-05
8.08799e-05
0.000178624
0.000194932
0.000185007
0.00031589
-6.30972e-05
-0.00024755
-0.000185636
8.50433e-05
0.000114099
9.64279e-05
-3.41958e-05
4.76669e-05
0.000247091
0.000319595
0.000179589
-2.73931e-05
-0.000160813
-0.000122108
3.39898e-05
8.24613e-05
0.000170904
0.00019194
0.000233057
0.00027029
-3.85998e-05
-0.00021431
-8.41869e-05
4.43663e-05
0.000125059
6.01001e-05
-2.84646e-05
5.79017e-05
0.00025144
0.000312447
0.000173185
4.54433e-05
-0.000159286
-0.000196211
3.71136e-05
8.28785e-05
0.000169446
0.000190983
0.000182214
0.000296623
8.87115e-05
-0.000175258
-0.000155993
4.63063e-05
0.000120744
0.000101024
-3.44956e-06
1.04723e-06
0.000184481
0.000310096
0.000230806
3.47599e-05
2.04737e-05
4.48557e-05
4.5758e-05
3.18676e-05
2.4898e-05
4.20784e-05
5.36605e-05
1.00057e-05
-2.22753e-05
-2.34945e-05
-7.82517e-06
-1.80568e-05
1.76809e-05
3.75888e-05
4.67992e-05
5.63641e-05
7.46831e-05
7.45288e-05
5.92054e-05
6.24157e-05
3.35651e-05
3.74549e-05
5.51154e-05
1.99522e-05
-1.14704e-05
1.66369e-05
2.64222e-05
3.09388e-05
-1.90306e-05
3.24907e-05
5.2899e-05
1.26037e-05
1.42818e-05
1.15608e-05
-5.50635e-06
4.1467e-05
6.91517e-05
8.54137e-05
8.07777e-05
0.000108505
3.67599e-05
2.2485e-05
3.23476e-05
-2.03386e-05
-0.000130605
-8.98826e-06
0.000112323
0.000148328
8.16814e-05
5.99641e-05
7.63553e-05
4.22818e-05
4.69821e-05
-6.62436e-06
-4.85468e-05
-2.1802e-05
5.50861e-05
8.90453e-05
0.000129513
0.000155064
5.50533e-05
-8.61385e-05
-3.32208e-05
-0.000218684
-0.000150233
1.67048e-05
0.000143313
0.000161798
0.000109971
2.27794e-05
6.45749e-05
4.46634e-05
6.64265e-05
1.98078e-05
-3.73124e-05
-3.46492e-06
4.22099e-05
0.000104563
0.000190122
0.000171641
6.16223e-06
-0.000166535
-8.64839e-05
-0.000373995
-0.000300175
0.000137359
0.000138559
7.78396e-05
5.32366e-05
-4.50204e-06
-3.92289e-05
-6.61348e-05
1.31731e-05
2.40073e-05
-1.28165e-06
3.19692e-05
7.34832e-05
0.000177267
0.000204196
0.000133395
-8.42589e-05
-0.000234901
-0.000108368
-0.000366007
-5.83447e-05
7.63613e-05
5.96761e-05
5.9384e-05
6.85181e-05
-4.50365e-05
-8.25125e-05
-4.73886e-05
2.57527e-05
3.82823e-05
2.06727e-06
2.06571e-05
0.000101174
0.000181248
0.000215148
0.000109767
-0.000279464
-0.000251992
-0.000137656
-0.000265196
1.3559e-05
8.98588e-05
4.21343e-05
2.37629e-05
1.51171e-05
-6.88851e-05
-0.000103477
-3.52312e-05
7.27148e-05
4.80064e-05
-2.88584e-05
-3.40396e-05
0.000109458
0.000204951
0.000261488
7.18901e-05
-0.000121634
-0.000216934
-0.000142344
-0.000170133
5.0784e-05
7.54712e-05
3.87388e-05
2.29493e-05
-8.27872e-05
-9.37233e-05
7.93253e-06
9.08921e-05
9.88405e-05
-5.32894e-06
-5.00436e-05
-7.25266e-05
7.94629e-05
0.000209348
0.000267731
0.000130063
-0.000190049
-0.000160939
-0.000111588
-6.69e-05
5.86874e-05
7.13553e-05
7.34669e-05
2.92293e-05
-0.000111645
-0.000100249
6.65039e-05
0.000140444
6.28608e-05
-1.86165e-05
-6.93308e-05
-5.56733e-05
0.000168343
0.000296325
0.000280786
6.91282e-05
-0.000156468
-0.000138067
-4.79294e-05
-1.79557e-05
5.05421e-05
5.94427e-05
0.000108904
0.000106721
-4.88403e-05
-2.41321e-05
3.71198e-05
0.000132197
8.6234e-05
-1.25251e-05
-7.45087e-05
-3.72572e-05
0.000196123
0.000267797
0.000217015
0.000132977
-0.000145135
-0.000170555
-2.59065e-06
-1.37818e-06
3.78859e-05
5.73985e-05
8.90028e-05
6.66386e-05
-2.40883e-05
-2.94718e-05
9.19341e-05
0.000128663
6.85414e-05
2.89348e-05
-6.71503e-05
3.66888e-05
0.000200121
0.000280863
0.000211782
0.000131615
-6.72894e-05
-0.000169747
-3.6208e-05
-7.52456e-06
3.68849e-05
5.64582e-05
8.80914e-05
0.000116955
-1.8296e-05
-2.38562e-05
4.9446e-05
0.000135827
8.84292e-05
3.04035e-05
-5.14962e-05
-2.26219e-05
0.000144943
0.000261654
0.000242295
7.01021e-05
6.6023e-05
7.2742e-05
7.28476e-05
4.33882e-05
3.10297e-05
1.33715e-05
2.65593e-08
-3.7614e-05
-3.62042e-05
-1.75441e-05
-1.72269e-05
-3.12906e-05
2.91641e-05
5.24591e-05
5.6186e-05
6.27454e-05
8.46019e-05
7.80616e-05
6.73965e-05
4.54576e-05
4.0359e-05
3.14166e-05
3.11017e-05
9.88118e-06
-7.97709e-06
-4.74374e-05
-6.8986e-05
-3.92321e-05
7.85629e-06
5.13216e-05
4.65445e-05
2.19803e-05
4.27903e-05
5.83152e-05
2.75073e-05
2.86897e-05
0.000101778
7.6092e-05
5.09751e-05
6.17365e-05
4.35082e-05
8.56678e-06
1.33748e-06
1.5053e-05
-8.81354e-05
-0.000102699
-5.88465e-06
7.3791e-05
6.07963e-05
-1.37977e-05
1.49069e-05
5.41177e-05
8.0826e-05
5.65186e-05
1.88415e-07
5.80442e-05
0.000106288
1.27312e-05
5.50446e-05
3.78581e-05
4.22255e-06
-9.883e-05
-5.75712e-06
-2.12047e-05
-0.000128898
-0.000109404
9.56898e-05
0.000151225
-8.67795e-06
-0.000127846
1.49347e-05
5.25678e-05
9.00987e-05
3.77073e-05
-2.10102e-05
3.68254e-05
5.51518e-05
3.06585e-06
5.87763e-05
6.20441e-05
3.45884e-05
-0.000229092
-8.44894e-05
-3.73193e-05
-0.000218839
-0.000182809
0.000105749
0.000189117
8.77797e-05
-7.26207e-05
5.35659e-06
4.75076e-05
0.000104868
9.0131e-05
1.29065e-05
7.95399e-06
-3.10361e-05
-2.32446e-05
-2.83772e-05
8.26775e-05
7.66216e-05
-0.000323937
-5.07081e-05
-1.42057e-05
-0.000133244
-0.000170549
4.51234e-05
0.000173864
0.000133963
5.87539e-05
1.99245e-05
3.27751e-05
0.000105616
9.3357e-05
-1.98334e-05
-2.12496e-05
-1.32848e-05
4.87333e-05
3.96109e-05
0.000188244
0.000123589
-0.000315916
-3.87493e-05
-1.42571e-05
-8.92771e-05
-8.65201e-05
6.34104e-05
0.000142482
0.000151867
0.000100941
3.14863e-05
6.23336e-05
0.000123983
6.23914e-05
-3.12538e-05
-4.89049e-05
4.35593e-06
4.66751e-05
2.01544e-05
0.000255743
4.30159e-05
-0.000210772
-5.99418e-05
-7.62761e-05
-7.12742e-05
1.70662e-05
0.00012251
0.000117942
0.000149736
0.000115509
4.31979e-05
4.79703e-05
0.00013606
9.1111e-05
-4.28626e-05
-6.54729e-05
7.59126e-06
6.25968e-05
0.000125964
0.000296421
5.98552e-05
-0.00017051
-7.2411e-05
-8.51179e-05
-6.95049e-05
-7.6031e-06
8.28515e-05
0.000101483
0.000116867
0.000128992
7.22642e-05
5.61142e-05
0.00012027
7.85444e-05
-4.45511e-05
-5.25884e-05
-5.84371e-06
0.000108036
0.00017921
0.000306362
5.7378e-05
-0.000151444
-0.00012043
-7.67312e-05
-4.63196e-05
-8.41294e-06
7.60689e-05
0.000102869
0.000102521
0.000107767
5.68683e-05
6.13895e-05
0.000108142
3.56114e-05
-4.08653e-05
-5.66779e-05
5.48029e-05
0.000142899
0.00025183
0.000316591
5.49822e-05
-0.000145401
-0.000116558
-7.08528e-05
-5.39821e-05
-8.47962e-06
7.3785e-05
0.000101935
9.97892e-05
0.000114634
5.77386e-05
6.26381e-05
0.000104172
3.38787e-05
-1.48216e-05
-5.43837e-05
1.65058e-05
0.00014275
0.000255209
0.000316517
0.000189405
-0.000143994
-0.000114943
-7.08097e-05
-5.25532e-05
-8.13629e-06
7.34953e-05
0.000102105
9.95932e-05
0.000113825
7.14785e-05
6.29896e-05
0.000104677
6.72276e-05
-1.54031e-05
-5.43208e-05
1.63315e-05
0.00014146
0.000224545
6.82024e-05
6.12122e-05
4.92781e-05
5.06192e-05
4.64821e-05
1.42867e-05
-3.95045e-06
5.83388e-06
4.24882e-06
9.56095e-06
1.53289e-05
-1.60694e-05
-2.53601e-05
2.19397e-05
5.13008e-05
5.97377e-05
6.15254e-05
8.13641e-05
8.23552e-05
7.98937e-05
4.67363e-05
3.74989e-05
3.37575e-05
2.96976e-05
3.78352e-05
-1.88733e-07
-9.28572e-05
-0.000120115
2.04129e-05
6.83099e-05
6.86812e-05
4.99228e-05
4.49244e-05
7.28001e-05
5.13222e-05
2.8156e-05
6.49896e-05
0.000116205
0.000116673
7.42647e-05
2.04937e-05
6.02022e-05
-1.38614e-05
-2.51597e-05
-2.9167e-05
-0.000108057
-0.000202176
-0.000210308
4.19034e-05
8.10732e-05
6.80539e-05
5.57324e-05
7.85667e-05
0.000116399
-2.07112e-06
-4.08531e-05
-2.18256e-06
0.000156659
0.000107596
1.44174e-05
-4.58423e-05
7.20895e-05
-0.000179208
-0.000165676
-0.00013132
-0.000188226
-0.000202914
-0.000157476
9.4683e-05
2.68117e-05
1.5486e-06
5.3464e-05
0.000126115
8.96944e-05
-9.96031e-05
-9.42106e-05
2.40864e-05
0.000124244
-7.51718e-06
-9.87983e-05
-7.44889e-05
0.000199629
-0.000197028
-0.000312022
-0.00011697
-0.000134241
-0.000179932
-0.000113375
0.000121483
-5.2485e-06
-6.39984e-05
7.31903e-06
0.000142165
3.23101e-05
-1.7035e-05
-3.36069e-05
-3.39272e-05
8.00816e-05
5.74696e-05
-0.000208037
0.000274764
0.00011777
-0.00017941
-0.00013433
-8.23536e-05
-0.000142376
-0.000187922
-6.58105e-05
6.9566e-05
-3.5766e-05
-2.64658e-05
8.33405e-05
0.000116707
8.4276e-05
2.93885e-05
-4.6402e-05
-3.67621e-05
7.0597e-05
4.98148e-05
-0.00019953
0.000337717
0.000146849
-0.000135137
-0.000144553
-6.58617e-05
-0.000117169
-0.000186675
8.05018e-05
5.4719e-05
-4.76452e-05
-4.13428e-06
2.80768e-05
6.9802e-05
8.5428e-05
-1.01101e-05
-2.40292e-05
2.13025e-05
6.5916e-05
-4.42302e-05
-0.000180211
0.000545067
0.000166047
-0.000158098
-5.21382e-05
-5.27507e-05
-0.000118205
-0.000154638
7.61359e-05
5.31789e-05
-2.98849e-05
-4.2602e-08
3.90776e-05
5.37223e-05
7.88833e-05
4.45674e-05
2.27352e-05
3.02908e-05
-3.21264e-05
-8.89406e-05
2.53692e-05
0.000549184
0.000175446
-6.55081e-05
-7.95763e-05
-6.4134e-05
-0.000101067
-0.000148101
6.3162e-05
5.27705e-05
-1.17021e-05
8.84427e-07
4.03914e-05
5.94162e-05
7.86904e-05
5.4607e-05
3.95561e-05
1.93802e-05
-6.37847e-05
-4.79855e-05
0.000171023
0.000515313
0.000343304
-0.000100401
-4.0421e-05
-3.97066e-05
-8.29078e-05
-0.000123172
4.93246e-05
5.16381e-05
5.88056e-06
1.85497e-05
4.32894e-05
5.0654e-05
7.65979e-05
5.89424e-05
4.96498e-05
3.66498e-06
-5.14477e-05
-1.27841e-06
0.000325275
0.000509898
0.000176407
-3.49962e-05
-4.17708e-05
-5.20119e-05
-8.03553e-05
-9.54787e-05
-8.01683e-06
5.01475e-05
9.76432e-06
2.27e-05
4.41266e-05
5.0699e-05
7.81067e-05
5.12261e-05
4.84058e-05
1.11531e-05
-2.37132e-05
7.09e-06
0.000327775
0.000506736
0.000332997
-3.39154e-05
-6.76291e-05
-4.18934e-05
-8.05798e-05
-0.000115078
-8.03001e-06
6.40858e-05
1.95801e-05
2.33001e-05
4.02971e-05
5.06898e-05
7.62081e-05
6.00889e-05
4.80322e-05
1.03965e-05
-2.33694e-05
1.03064e-05
0.000217346
7.66118e-05
6.91572e-05
4.64693e-05
5.09374e-05
3.26724e-05
-6.95319e-06
-1.36379e-05
-1.32343e-05
-6.36608e-06
1.79434e-05
2.3676e-05
-2.81502e-06
-9.30605e-06
3.35355e-05
5.52937e-05
6.32505e-05
6.49946e-05
8.57238e-05
8.13673e-05
6.75716e-05
6.11401e-05
3.89625e-05
3.43517e-05
3.23212e-05
3.0903e-05
-1.12435e-05
-0.000103883
-0.000111578
4.10139e-05
6.52775e-05
5.87692e-05
3.00651e-05
3.95457e-05
4.88718e-05
3.57591e-05
3.96284e-05
4.99622e-05
0.000111614
0.000109471
5.7753e-05
8.62971e-05
0.000127389
3.71523e-05
9.74306e-06
-1.85423e-05
-9.90055e-05
-0.000204618
-0.000134333
5.76578e-05
8.01785e-05
6.50322e-05
4.0973e-05
6.19897e-05
5.76118e-05
-4.52536e-05
-2.20189e-05
4.31751e-05
0.000119767
8.52649e-05
1.88121e-05
0.000170302
0.000205652
3.75979e-05
-8.95378e-05
-0.000125785
-0.000188168
-0.000226193
-0.000200683
7.8268e-05
6.49488e-05
5.09007e-05
2.67107e-05
0.000116401
-3.58493e-05
-0.000108816
-1.91626e-05
-3.21746e-05
7.93502e-05
9.98753e-07
-5.93361e-05
0.000100846
0.000275192
1.06277e-05
-0.000164556
-0.000125142
-0.00015091
-0.000250635
-0.000204457
4.87015e-05
4.83102e-05
1.7677e-05
-3.4278e-07
8.78864e-05
-4.20882e-05
-3.60425e-06
4.46381e-05
-4.61104e-05
2.58136e-05
5.5688e-05
-6.38783e-05
0.000188441
0.000293917
2.36295e-05
-9.74203e-05
-8.20381e-05
-0.000164834
-0.000276952
-0.000190202
5.06582e-05
-8.13259e-06
-5.0666e-06
4.50797e-05
1.8104e-05
-6.2621e-06
7.75834e-06
-6.11797e-06
-3.00221e-05
1.76882e-05
4.68292e-05
-2.80075e-05
0.000517303
0.000336648
-4.6115e-05
-6.78394e-05
-5.00916e-05
-0.000103638
-0.00022464
-0.000135494
2.75832e-05
-5.32091e-05
-2.64056e-05
2.10445e-05
1.48609e-05
4.25327e-05
1.6745e-05
7.65053e-06
1.20923e-05
2.2744e-05
-2.29354e-05
-9.13486e-06
0.000522287
0.000536297
-1.38302e-05
-2.17628e-05
-4.39224e-05
-0.000124911
-0.000184538
4.69919e-06
4.89045e-05
-8.08986e-05
-8.89444e-06
7.00312e-06
2.89948e-05
4.05852e-05
1.85715e-05
4.88823e-05
3.46074e-05
-3.25984e-06
-4.26736e-05
9.57029e-05
0.000685089
0.000526692
8.45522e-05
-2.21547e-05
-3.73073e-05
-7.33633e-05
-0.000146913
-5.67827e-05
1.48818e-05
-5.2644e-05
-3.76941e-05
1.72771e-05
3.63596e-05
4.71723e-05
2.58376e-05
6.14481e-05
1.50359e-05
-8.62589e-05
-8.54058e-05
0.000176741
0.000657628
0.000317112
8.7159e-05
-2.09302e-05
-2.50008e-05
-9.02255e-05
-0.000119575
-4.62255e-05
3.53312e-05
-3.44475e-05
-1.47879e-05
3.94883e-05
4.28023e-05
5.15715e-05
3.17424e-05
6.03504e-05
3.97785e-07
-9.89235e-05
-8.56214e-05
7.69549e-05
0.000637585
0.000308862
8.65953e-05
-2.10623e-05
-3.49136e-05
-6.29668e-05
-0.000113691
-4.36115e-05
3.37355e-05
-2.72581e-05
-7.63597e-06
3.63152e-05
4.35738e-05
5.20543e-05
3.40422e-05
6.50422e-05
2.68134e-05
-5.75737e-05
-7.58032e-05
0.000101314
0.00060983
0.000466761
8.60859e-05
-2.12449e-05
-2.61409e-05
-6.33208e-05
-0.000118884
-4.32134e-05
3.26361e-05
-2.67204e-05
-6.77777e-06
3.65937e-05
4.35078e-05
5.19738e-05
3.46169e-05
6.48626e-05
2.64756e-05
-5.696e-05
-7.03438e-05
0.000111326
5.70512e-05
1.92355e-05
1.53582e-05
2.50483e-05
4.49975e-05
5.85391e-05
3.374e-05
-6.2552e-05
-3.84792e-05
1.39749e-05
2.56978e-05
2.71072e-05
2.12607e-05
6.64227e-05
7.46926e-05
5.83001e-05
7.34293e-05
8.98239e-05
7.33786e-05
6.54677e-05
-5.66123e-06
7.18673e-06
3.00867e-05
3.90889e-05
6.17898e-05
5.7181e-06
-0.000122082
-9.61268e-05
1.75515e-05
2.84844e-05
1.60096e-05
2.54523e-06
3.80132e-05
6.62664e-05
6.32152e-05
4.44123e-05
8.02539e-05
0.000101572
0.00011372
6.80403e-05
3.67823e-05
0.000100794
0.000125591
7.69326e-05
3.30174e-05
-9.2233e-06
-0.000111572
-0.000108355
2.04186e-05
-9.44899e-07
2.86007e-05
-1.49957e-06
3.24773e-05
9.13642e-05
3.33602e-05
3.62821e-05
4.90312e-05
7.38279e-05
2.17475e-05
2.39937e-06
0.000147062
0.000193848
8.79266e-05
3.92617e-05
3.69769e-05
-7.54909e-05
-0.000133942
-2.76626e-05
2.31199e-05
3.35055e-05
-2.9446e-06
-3.18671e-05
0.000106009
3.45738e-05
3.02974e-06
1.23876e-05
1.07281e-05
2.34269e-05
3.36179e-05
-3.33909e-05
3.22636e-05
0.000204591
0.000128809
1.08448e-05
9.23817e-06
-5.19494e-05
-0.000161385
-7.92429e-05
1.68397e-05
2.75892e-05
1.75243e-05
-1.69215e-05
2.36996e-05
-2.7289e-05
-4.1509e-06
7.60643e-06
-5.08411e-05
-7.75437e-06
1.69173e-05
9.43914e-06
3.33802e-05
0.000336325
0.000139287
-1.22814e-05
-2.05136e-05
-6.23831e-05
-0.000138047
-0.000120256
2.83622e-05
2.71763e-05
-2.21404e-05
-1.34909e-06
-3.17188e-06
-1.68408e-05
1.21963e-06
9.89548e-06
-6.85941e-05
-1.68241e-07
6.96077e-05
-3.3054e-05
0.000246466
0.000347214
0.00015223
-1.3407e-06
-1.58595e-05
-6.06763e-05
-0.00010326
-1.25014e-05
1.8986e-05
2.14077e-05
-4.35433e-05
8.17742e-06
1.08981e-05
5.00958e-05
2.06463e-05
2.60438e-05
-4.32874e-05
-3.9842e-05
0.000117632
-1.79074e-05
0.000143065
0.000289219
0.000153903
2.80616e-05
-2.4651e-05
-4.17182e-05
-8.34357e-05
-9.6042e-06
4.09156e-05
4.7581e-06
1.6738e-05
7.98588e-05
5.62127e-05
3.34373e-05
6.21802e-05
4.12411e-05
3.01989e-06
3.72918e-05
9.01206e-05
-1.55736e-05
0.000274712
0.00033717
6.08577e-05
5.11115e-06
-2.01318e-05
-4.34037e-05
-5.87918e-05
-3.21747e-05
5.15638e-05
2.65633e-05
6.99025e-05
0.000116248
6.63727e-05
7.92957e-05
7.5684e-05
7.28768e-05
-7.86144e-06
5.98419e-05
0.000213554
-1.60594e-05
0.000213649
0.000337371
6.01565e-05
-9.60153e-06
-2.17662e-05
-4.04194e-05
-6.73635e-05
6.93034e-06
1.68667e-05
3.24625e-05
8.87345e-05
0.000110276
5.28504e-05
7.27334e-05
7.68433e-05
8.54746e-05
-9.77034e-06
2.2089e-05
8.2956e-05
4.81582e-05
0.00011472
0.000258093
0.000147402
4.21965e-06
-2.75681e-05
-4.53801e-05
-6.47499e-05
-1.85908e-05
2.59895e-05
5.0232e-05
0.000116679
0.000106081
5.93277e-05
7.67143e-05
9.01878e-05
9.64942e-05
2.86848e-05
1.09349e-05
9.59073e-05
4.02117e-05
0.000227649
0.000333314
0.000138216
4.80102e-06
-2.03427e-05
-3.90439e-05
-6.39372e-05
-3.28455e-05
2.15238e-05
3.83476e-05
9.25492e-05
0.000122552
6.64073e-05
6.17793e-05
7.38655e-05
9.38258e-05
6.81262e-05
6.51991e-06
8.63381e-05
3.72305e-05
-7.03008e-06
2.02256e-05
9.31195e-05
6.28515e-05
6.10652e-05
6.01408e-05
-5.0186e-05
-0.000116728
-5.38054e-05
3.60388e-05
2.88078e-05
3.37083e-06
2.35055e-05
7.71029e-05
8.1357e-05
7.64876e-05
7.51901e-05
8.53152e-05
4.78011e-05
4.7564e-05
-6.59698e-05
-5.72008e-05
6.46297e-05
5.61605e-05
4.40425e-05
-3.85316e-05
-0.000173631
-0.000159514
-1.09998e-05
1.14661e-05
-4.1512e-05
-6.55018e-05
-1.82852e-05
7.17089e-05
8.65884e-05
6.06641e-05
5.95833e-05
7.52336e-05
9.79495e-05
7.23764e-05
-7.01237e-05
-3.49942e-05
0.000157539
0.000104489
4.6958e-05
-5.57861e-05
-0.00020189
-0.000124486
-1.58839e-05
3.30761e-06
-3.77262e-05
-6.60068e-05
-1.89219e-05
5.37828e-05
9.87343e-05
4.16843e-05
3.42331e-05
2.76566e-05
0.000140549
6.2012e-05
-0.000141186
5.03232e-05
0.00017104
0.000112202
3.26641e-05
-5.27168e-05
-0.00010852
-1.35992e-05
-5.11754e-05
1.95687e-06
-2.16381e-05
-9.07655e-05
-2.44531e-05
6.09558e-05
9.0649e-05
4.86612e-05
1.1871e-05
8.75644e-06
0.000255528
5.90809e-05
-4.99364e-05
0.000133574
0.000165661
5.49261e-05
7.30326e-07
-9.141e-05
-7.39641e-05
4.72018e-07
-1.87514e-05
1.86996e-05
4.44693e-06
-5.78502e-05
6.52913e-05
6.72022e-05
8.72477e-05
3.37052e-05
-8.90591e-06
0.00010338
0.000255896
-3.94632e-05
-4.94042e-06
0.000145571
0.000146758
8.72482e-05
-1.02712e-05
-6.99983e-05
-5.3896e-05
-2.69849e-06
-6.6588e-06
3.53363e-05
2.68098e-05
-2.79884e-05
7.29075e-05
0.000131053
0.00010357
3.39154e-05
-3.27218e-05
-2.64962e-06
0.000223816
-5.462e-05
5.60114e-06
0.000179085
0.000187873
4.41315e-05
-7.52211e-06
-5.61509e-05
-4.78309e-05
-5.81915e-06
2.76142e-06
6.50649e-05
4.01215e-05
-4.93012e-05
2.35688e-05
0.000143354
5.48562e-05
4.07544e-05
-3.85421e-05
9.15985e-05
0.0001451
-0.000106602
-4.43772e-05
0.000130045
0.000187989
5.35552e-05
-1.51727e-05
-4.63754e-05
-5.80517e-05
-2.84355e-05
5.35037e-06
6.61469e-05
2.94184e-05
-0.000114645
-1.5961e-05
0.000141587
0.000105999
9.52322e-05
2.64707e-05
-2.39319e-05
0.000206372
2.12085e-05
3.44512e-05
0.000125553
0.000182066
0.0001062
-1.50697e-05
-3.79158e-05
-6.70159e-05
-1.72862e-05
8.13267e-06
4.69968e-05
2.02393e-05
-0.000117533
-1.82897e-05
0.000152972
0.000121293
0.000134806
-5.5106e-05
0.000100373
0.000224955
4.78513e-05
4.36782e-05
0.000119096
0.00017452
5.21061e-05
-7.18725e-07
-4.33087e-05
-6.41395e-05
-1.37712e-05
1.53304e-05
6.66786e-05
-2.53966e-05
-9.62377e-05
8.58036e-05
0.000156603
0.000140544
0.00013933
1.66682e-05
-4.1322e-06
0.000223285
-9.0828e-07
5.65411e-06
0.000122473
0.000174376
9.77616e-05
-1.8583e-05
-4.44281e-05
-6.244e-05
-3.07678e-05
1.7492e-05
6.79607e-05
3.23872e-05
-7.7641e-05
1.73257e-05
0.000156577
0.000140313
0.000136408
1.80234e-05
0.000111937
0.000199101
7.68096e-05
7.60482e-06
0.000123641
0.000174553
9.66054e-05
-2.16632e-06
-4.53764e-05
-6.26855e-05
-3.0896e-05
1.66514e-06
5.4619e-05
3.17838e-05
-7.93029e-05
2.06803e-05
0.000156897
0.000141952
0.000135688
1.8484e-05
4.44223e-06
0.000216842
7.71307e-05
4.24885e-05
9.23303e-05
0.000118573
8.75243e-05
4.7797e-05
3.34961e-05
-0.000119093
-9.34918e-05
2.74779e-05
4.69522e-05
2.19698e-05
-5.96372e-06
3.04757e-05
5.7693e-05
7.50058e-05
7.81576e-05
8.59776e-05
6.94961e-05
4.52666e-05
5.13497e-05
-4.31525e-05
-5.08018e-05
7.59887e-05
6.20802e-05
5.72481e-06
-0.000115254
-0.000175218
-0.000108393
4.10603e-07
6.63596e-06
-0.0001091
-6.07523e-05
6.54076e-06
5.2398e-05
7.89583e-05
6.84402e-05
5.32495e-05
4.26159e-05
5.81648e-05
5.60283e-05
-0.000158375
1.12728e-05
0.000155961
8.98047e-05
-3.5274e-05
-0.000119266
-0.000238874
-0.000137304
-5.81765e-06
-2.21591e-05
-9.40628e-05
-4.90191e-05
-3.894e-05
7.28326e-05
8.28141e-05
5.12834e-05
4.90167e-05
7.96822e-06
0.000144936
0.000187175
-0.000266741
-0.000110885
0.000135435
5.27257e-05
3.7158e-07
-0.000148647
-0.00013997
-6.05342e-05
-4.97321e-05
-9.90107e-06
-1.33102e-05
-7.19486e-05
4.52624e-05
5.60782e-05
0.000112098
8.77768e-05
5.4317e-06
6.76562e-05
0.000307928
0.000198064
-0.000147745
5.98142e-05
0.000111868
7.28769e-05
-1.70692e-05
-0.00014191
-0.000103494
-3.21528e-05
-4.87601e-05
2.96909e-05
-2.70702e-06
-8.22426e-05
0.000100236
8.13539e-05
0.000113727
8.07065e-05
5.68405e-05
9.22264e-05
0.000285156
6.56131e-05
-1.75161e-05
0.00012442
0.000132585
8.73793e-05
-5.43426e-05
-0.000103875
-5.81135e-05
-2.15993e-05
-1.49008e-05
4.61152e-05
5.08689e-05
2.28414e-05
8.76366e-05
0.000121044
6.93978e-05
5.39942e-05
1.23186e-05
6.81918e-06
0.000190315
-1.43047e-05
7.51027e-06
0.000108999
0.000160478
9.78729e-05
-1.5737e-05
-8.86989e-05
-4.60003e-05
-1.96578e-05
-9.9179e-06
7.92576e-05
8.44468e-05
4.0471e-05
0.000115055
0.000140308
5.69119e-05
6.64933e-05
1.2051e-05
9.99074e-05
0.000115405
-1.49489e-06
-4.40044e-05
9.58935e-05
0.000184748
0.000104865
-5.79607e-05
-8.2863e-05
-4.45978e-05
-2.76114e-05
1.00553e-05
8.12909e-05
7.12675e-05
4.51098e-05
0.000142462
0.000163303
8.46299e-05
0.000101415
1.88523e-05
0.000119287
0.000174804
-3.75783e-05
-1.4691e-05
0.00013319
0.0001727
0.000110598
-2.79814e-05
-8.6345e-05
-6.79892e-05
-5.17514e-05
1.75924e-05
7.79805e-05
6.28307e-05
1.22907e-05
0.000142154
0.000125348
9.3066e-05
0.000115844
6.73355e-05
0.000134471
0.00018494
3.42264e-05
-2.42451e-05
0.000118333
0.00017237
0.000103906
-2.85717e-05
-8.45149e-05
-6.49053e-05
-2.8144e-05
1.04523e-05
7.36675e-05
7.74103e-05
2.75744e-05
0.000117494
0.000146904
9.81978e-05
0.00012106
6.96782e-05
0.000129131
0.000174985
-2.27473e-05
-4.8397e-05
0.00011973
0.000170039
9.86424e-05
-6.00505e-05
-8.08868e-05
-6.76212e-05
-2.42223e-05
3.94997e-05
9.6408e-05
8.48135e-05
3.79081e-05
0.000142294
0.000123623
0.000104303
0.000120532
7.1108e-05
5.77073e-05
0.000145571
-1.96894e-05
-4.68226e-05
6.44261e-05
0.000169623
9.70783e-05
-2.9135e-05
-8.07455e-05
-6.74981e-05
-4.63414e-05
1.75129e-05
7.8925e-05
8.60681e-05
4.0467e-05
0.00011187
0.000143015
0.000101334
0.000120629
7.16441e-05
5.81481e-05
0.000167569
4.12982e-05
3.48041e-05
0.000108869
0.000105153
5.66289e-05
8.79563e-06
-1.90948e-05
-9.19028e-05
9.80484e-06
0.00013443
9.19905e-05
4.27405e-05
-2.69705e-05
2.68169e-05
4.51434e-05
6.45332e-05
7.02338e-05
9.41205e-05
8.40772e-05
4.98803e-05
4.61473e-05
5.3888e-05
8.74832e-05
0.000116998
5.60077e-05
-2.4236e-05
-9.22138e-05
-0.000170172
-7.38197e-05
4.87217e-05
-2.27212e-05
-0.000152336
-0.000105897
1.91368e-05
4.76534e-05
8.80089e-05
0.000117077
0.000103011
8.54985e-05
7.8033e-05
3.76822e-05
5.78526e-06
5.40088e-05
7.42965e-05
-2.28351e-05
-7.55145e-05
-0.000211208
-0.000214432
-1.43495e-05
4.60021e-05
4.80078e-05
-6.74794e-05
-3.5495e-05
3.64743e-07
7.46815e-05
0.000137113
0.000136999
2.87708e-05
-0.000149745
-2.89708e-05
5.90856e-05
-9.94298e-06
1.04229e-05
8.24534e-05
2.24138e-06
-0.000125811
-0.000259595
-0.000128758
-5.83769e-05
8.79925e-05
0.00012972
7.38728e-05
5.61576e-05
1.14014e-05
4.59746e-05
0.000127065
0.00010767
-3.37097e-05
-0.000221598
0.000168278
0.000243017
-0.000129775
-1.35334e-05
0.00012266
9.70891e-05
-0.000257738
-0.000196968
-8.24872e-05
-9.29699e-05
7.4592e-05
0.000163084
0.000124221
2.49214e-05
4.03539e-07
4.95712e-05
0.000102232
-5.04558e-06
-1.32754e-05
2.38403e-05
8.85953e-05
0.000109286
-9.29266e-05
-1.76892e-05
9.16709e-05
7.55607e-05
-7.24201e-05
-7.23969e-05
-2.08848e-05
2.42267e-05
6.93875e-05
0.000172003
0.000118747
-3.18749e-05
1.4447e-05
5.35986e-05
4.23314e-05
2.10228e-05
1.29529e-05
6.54348e-05
8.07399e-05
8.75833e-05
-4.54366e-05
-1.59134e-05
5.82575e-05
3.44328e-05
-5.48541e-05
-6.14386e-05
-2.12251e-05
-1.05714e-05
-2.46394e-05
9.12543e-05
4.68194e-05
-9.01146e-06
6.54971e-05
0.000118599
7.64732e-05
6.03652e-05
1.35666e-05
5.13205e-05
0.000103023
5.43834e-05
-6.56612e-05
3.11729e-05
9.5598e-05
-1.92575e-05
-5.89775e-05
-3.7151e-05
2.63936e-06
2.70069e-05
-0.000102794
4.18258e-05
5.96225e-05
8.72876e-05
0.000117196
0.00012908
8.29419e-05
7.91307e-05
1.57714e-05
1.8396e-05
8.27106e-05
3.16006e-05
-8.92936e-05
7.10176e-06
0.000112057
-6.38083e-06
-5.59394e-05
-5.40542e-05
8.393e-06
2.29315e-06
-0.000129353
2.79288e-05
0.000133248
0.000203076
0.000162421
0.000127784
8.12187e-05
8.57767e-05
1.74167e-05
4.01128e-05
8.97112e-05
-2.56682e-05
-2.694e-05
6.57647e-05
0.000117819
7.2921e-06
-4.17973e-05
-5.63512e-05
1.54406e-05
3.85092e-05
-5.15669e-05
4.89078e-05
0.000221172
0.00021909
0.000182614
0.000120925
0.000101811
8.743e-05
1.83234e-05
6.01553e-05
8.27054e-05
2.94911e-05
-3.40992e-05
4.96809e-05
0.000110758
5.00245e-05
-4.54888e-05
-2.15531e-05
9.77965e-06
-2.52338e-05
-0.000101619
5.88187e-05
0.00023334
0.000253949
0.000184943
0.000118168
7.96625e-05
9.80656e-05
4.69896e-05
4.17784e-05
7.96212e-05
-4.82403e-06
-3.35369e-05
2.38524e-05
0.000117235
5.0387e-05
-4.46709e-05
-5.04193e-05
1.74842e-05
-2.5141e-05
-4.27048e-05
6.25921e-05
0.000222871
0.000243434
0.000185485
0.000143712
0.00010074
9.77869e-05
4.40339e-05
2.77053e-05
8.9032e-05
3.33167e-05
-2.10372e-05
5.36454e-05
7.34132e-05
4.31116e-05
1.16017e-05
-3.24936e-05
-1.53867e-05
0.000104442
0.000152898
8.05188e-05
-2.59249e-05
-3.67606e-05
1.93123e-05
4.36733e-05
4.6239e-05
5.49955e-05
7.97492e-05
7.75552e-05
4.43269e-05
-1.96716e-05
-1.22463e-05
4.23779e-05
0.000106008
5.36747e-05
-4.89465e-06
-5.31124e-05
-4.11524e-05
2.08308e-05
4.6931e-06
-1.87921e-05
-8.27481e-05
-0.000181476
-1.49496e-05
5.79347e-05
6.31025e-05
7.36944e-05
7.34926e-05
7.89506e-05
0.000142699
-2.89243e-05
-3.68291e-05
5.22719e-05
9.63184e-05
9.03329e-06
-9.71767e-05
-9.06693e-05
-8.67961e-05
2.97555e-05
5.78979e-05
7.96515e-05
-1.73136e-05
-8.36752e-05
2.48272e-05
6.22103e-05
5.40931e-05
5.71298e-05
-2.75387e-05
0.000140515
0.000110442
-1.71646e-05
-6.02444e-05
6.21262e-05
7.58022e-05
-0.000111223
-0.000206825
-0.000139484
-6.1263e-05
6.98285e-05
0.00012033
0.000138584
0.000121664
7.67502e-05
4.26649e-05
6.35677e-06
-1.41111e-05
-4.51447e-05
-2.55185e-05
0.000119263
0.000185309
-1.99252e-06
-6.19324e-05
3.54186e-05
5.6741e-05
-0.000102998
-0.000263821
-0.000147526
-5.86594e-05
0.000111547
0.000174709
0.000141017
6.91407e-05
0.000138157
7.01466e-05
-3.07144e-05
-8.18257e-05
-2.62196e-05
5.48948e-05
0.000120477
8.95114e-05
4.61704e-05
-0.000108927
-5.03704e-05
1.04906e-05
-0.000182999
-0.000211439
-7.64233e-05
-1.11644e-05
0.000218643
0.000174376
9.43562e-05
6.35623e-05
0.000206958
0.00013996
-0.00015132
-5.73768e-05
5.49443e-05
0.000104086
5.09705e-05
3.05152e-05
-9.11032e-06
-2.57409e-05
-1.82149e-05
5.25055e-06
-0.000142096
-0.000195006
-0.000114525
1.80563e-05
0.000194514
0.00012034
4.17022e-05
8.10172e-05
0.000206621
0.0001055
-3.53915e-05
-6.91402e-05
1.50184e-05
8.30185e-05
3.29727e-05
7.87069e-05
4.20867e-05
6.18712e-06
6.60113e-06
3.99553e-05
-6.06784e-05
-0.000191671
-6.80961e-05
4.67457e-05
0.000133536
6.63351e-05
3.20074e-05
0.00010548
0.000207163
0.000145433
1.76856e-05
-4.50835e-05
5.20838e-05
8.64484e-05
4.39791e-05
0.000122022
5.73257e-05
2.9648e-05
3.23839e-05
4.85435e-05
-4.77545e-05
-0.000169934
-0.000110417
-2.57782e-06
8.93667e-05
3.81264e-05
6.2289e-05
0.000129944
0.000233796
0.0002022
0.000102227
-3.18181e-05
4.55688e-05
6.79998e-05
4.15955e-05
9.82382e-05
5.92907e-05
4.15841e-05
4.06999e-05
4.97076e-05
-2.8562e-05
-0.000127976
-4.76432e-05
-1.20382e-06
5.96798e-05
4.09088e-05
7.70545e-05
0.000159171
0.000267939
0.000180885
0.000111041
-1.44994e-05
1.29797e-05
6.40226e-05
3.65282e-05
6.29773e-05
7.33137e-05
4.10593e-05
4.01954e-05
4.78327e-05
-2.47823e-05
-0.000112414
-7.31461e-05
-2.85246e-06
5.19096e-05
3.53175e-05
4.31103e-05
0.000168982
0.000271061
0.000214293
0.00011166
-9.87317e-06
1.52548e-05
6.00563e-05
3.59964e-05
7.45922e-05
6.8504e-05
4.07816e-05
3.97809e-05
4.65505e-05
-2.51493e-05
-0.00011003
-7.11366e-05
-2.94237e-06
5.0257e-05
3.34019e-05
4.21845e-05
0.000169539
0.000270688
0.000213609
0.000111192
-9.26345e-06
1.57863e-05
5.92588e-05
3.39374e-05
5.84468e-05
6.7366e-05
)
;

boundaryField
{
    bottomWall
    {
        type            zeroGradient;
    }
    topWall
    {
        type            zeroGradient;
    }
    sides1_half0
    {
        type            cyclic;
    }
    sides1_half1
    {
        type            cyclic;
    }
    sides2_half0
    {
        type            cyclic;
    }
    sides2_half1
    {
        type            cyclic;
    }
    inout1_half0
    {
        type            cyclic;
    }
    inout1_half1
    {
        type            cyclic;
    }
    inout2_half0
    {
        type            cyclic;
    }
    inout2_half1
    {
        type            cyclic;
    }
}


// ************************************************************************* //
