(
(0.00046875 1.01583)
(0.0015 1.02409)
(0.0024375 1.0317)
(0.003375 1.02172)
(0.0043125 1.02631)
(0.00525 1.01504)
(0.0061875 1.01875)
(0.007125 1.03481)
(0.0080625 1.03001)
(0.009 1.02233)
(0.0099375 1.02202)
(0.010875 1.02647)
(0.0118125 1.01765)
(0.01275 1.01628)
(0.0136875 1.03402)
(0.014625 1.01807)
(0.0155625 1.07669)
(0.0165 1.06933)
(0.0174375 1.08113)
(0.018375 1.06781)
(0.0193125 1.07744)
(0.02025 1.06922)
(0.0211875 1.06513)
(0.022125 1.07647)
(0.0230625 1.08365)
(0.024 1.07181)
(0.0249375 1.08282)
(0.025875 1.07688)
(0.0268125 1.07286)
(0.02775 1.08299)
(0.0286875 1.0789)
(0.029625 1.06957)
(0.0305625 1.13425)
(0.0315 1.11524)
(0.0324375 1.11722)
(0.033375 1.13268)
(0.0343125 1.11734)
(0.03525 1.13002)
(0.0361875 1.12094)
(0.037125 1.12793)
(0.0380625 1.12353)
(0.039 1.12502)
(0.0399375 1.12129)
(0.040875 1.12374)
(0.0418125 1.1282)
(0.04275 1.12905)
(0.0436875 1.1305)
(0.044625 1.13127)
(0.0455625 1.1714)
(0.0465 1.18465)
(0.0474375 1.17859)
(0.048375 1.16802)
(0.0493125 1.18252)
(0.05025 1.17894)
(0.0511875 1.17255)
(0.052125 1.1763)
(0.0530625 1.1745)
(0.054 1.17045)
(0.0549375 1.18379)
(0.055875 1.17018)
(0.0568125 1.1758)
(0.05775 1.17796)
(0.0586875 1.1764)
(0.059625 1.17519)
)
